Time,Open,High,Low,Close,TickVolume,Spread,RealVolume
2026.02.28 23:57:00,95340.10,95350.84,95340.10,95350.84,180,78,0
2026.02.28 23:54:00,95346.20,95348.00,95331.16,95340.04,180,78,0
2026.02.28 23:51:00,95335.40,95346.14,95335.40,95346.14,180,78,0
2026.02.28 23:48:00,95349.65,95358.11,95333.12,95335.34,180,78,0
2026.02.28 23:45:00,95338.85,95349.59,95338.85,95349.59,180,78,0
2026.02.28 23:42:00,95328.05,95338.79,95328.05,95338.79,180,78,0
2026.02.28 23:39:00,95317.25,95327.99,95317.25,95327.99,180,78,0
2026.02.28 23:36:00,95337.59,95347.43,95316.35,95317.19,180,78,0
2026.02.28 23:33:00,95342.43,95352.09,95336.51,95337.53,180,78,0
2026.02.28 23:30:00,95351.60,95359.64,95339.73,95342.37,180,78,0
2026.02.28 23:27:00,95340.80,95351.54,95340.80,95351.54,180,78,0
2026.02.28 23:24:00,95330.00,95340.74,95330.00,95340.74,180,78,0
2026.02.28 23:21:00,95351.17,95359.15,95327.24,95329.94,180,78,0
2026.02.28 23:18:00,95402.47,95405.35,95350.15,95351.11,180,78,0
2026.02.28 23:15:00,95422.50,95432.40,95401.63,95402.41,180,78,0
2026.02.28 23:12:00,95432.94,95438.70,95417.52,95422.44,180,78,0
2026.02.28 23:09:00,95454.50,95456.00,95423.70,95432.88,180,78,0
2026.02.28 23:06:00,95443.70,95454.44,95443.70,95454.44,180,78,0
2026.02.28 23:03:00,95459.15,95462.75,95436.56,95443.64,180,78,0
2026.02.28 23:00:00,95463.71,95473.43,95458.13,95459.09,180,78,0
2026.02.28 22:57:00,95452.91,95463.65,95452.91,95463.65,180,78,0
2026.02.28 22:54:00,95485.46,95488.94,95449.31,95452.85,180,78,0
2026.02.28 22:51:00,95491.82,95493.80,95476.70,95485.40,180,78,0
2026.02.28 22:48:00,95495.00,95501.36,95487.62,95491.76,154,78,0
2026.02.28 22:45:00,95484.20,95494.94,95484.20,95494.94,180,78,0
2026.02.28 22:42:00,95473.40,95484.14,95473.40,95484.14,180,78,0
2026.02.28 22:39:00,95462.60,95473.34,95462.60,95473.34,180,78,0
2026.02.28 22:36:00,95451.80,95462.54,95451.80,95462.54,180,78,0
2026.02.28 22:33:00,95468.04,95474.22,95447.24,95451.74,180,78,0
2026.02.28 22:30:00,95457.24,95467.98,95457.24,95467.98,180,78,0
2026.02.28 22:27:00,95446.44,95457.18,95446.44,95457.18,180,78,0
2026.02.28 22:24:00,95435.64,95446.38,95435.64,95446.38,180,78,0
2026.02.28 22:21:00,95424.84,95435.58,95424.84,95435.58,180,78,0
2026.02.28 22:18:00,95414.04,95424.78,95414.04,95424.78,180,78,0
2026.02.28 22:15:00,95403.24,95413.98,95403.24,95413.98,180,78,0
2026.02.28 22:12:00,95392.44,95403.18,95392.44,95403.18,180,78,0
2026.02.28 22:09:00,95381.64,95392.38,95381.64,95392.38,180,78,0
2026.02.28 22:06:00,95370.84,95381.58,95370.84,95381.58,180,78,0
2026.02.28 22:03:00,95360.04,95370.78,95360.04,95370.78,180,78,0
2026.02.28 22:00:00,95349.24,95359.98,95349.24,95359.98,180,78,0
2026.02.28 21:57:00,95365.98,95374.44,95346.96,95349.18,180,78,0
2026.02.28 21:54:00,95355.18,95365.92,95355.18,95365.92,180,78,0
2026.02.28 21:51:00,95344.38,95355.12,95344.38,95355.12,180,78,0
2026.02.28 21:48:00,95333.58,95344.32,95333.58,95344.32,180,78,0
2026.02.28 21:45:00,95322.78,95333.52,95322.78,95333.52,180,78,0
2026.02.28 21:42:00,95334.05,95338.55,95316.54,95322.72,180,78,0
2026.02.28 21:39:00,95323.25,95333.99,95323.25,95333.99,180,78,0
2026.02.28 21:36:00,95356.57,95359.09,95315.63,95323.19,180,78,0
2026.02.28 21:33:00,95378.16,95388.18,95355.79,95356.51,181,78,0
2026.02.28 21:30:00,95367.36,95378.10,95367.36,95378.10,180,78,0
2026.02.28 21:27:00,95356.56,95367.30,95356.56,95367.30,180,78,0
2026.02.28 21:24:00,95375.93,95382.29,95352.18,95356.50,180,78,0
2026.02.28 21:21:00,95365.13,95375.87,95365.13,95375.87,180,78,0
2026.02.28 21:18:00,95375.98,95386.18,95364.59,95365.07,180,78,0
2026.02.28 21:15:00,95365.18,95375.92,95365.18,95375.92,180,78,0
2026.02.28 21:12:00,95354.38,95365.12,95354.38,95365.12,180,78,0
2026.02.28 21:09:00,95358.62,95368.28,95353.30,95354.32,180,78,0
2026.02.28 21:06:00,95347.82,95358.56,95347.82,95358.56,180,78,0
2026.02.28 21:03:00,95337.02,95347.76,95337.02,95347.76,180,78,0
2026.02.28 21:00:00,95353.18,95362.18,95335.28,95336.96,180,78,0
2026.02.28 20:57:00,95342.38,95353.12,95342.38,95353.12,180,78,0
2026.02.28 20:54:00,95349.32,95351.54,95333.86,95342.32,180,78,0
2026.02.28 20:51:00,95338.52,95349.26,95338.52,95349.26,180,78,0
2026.02.28 20:48:00,95346.14,95350.76,95332.40,95338.46,180,78,0
2026.02.28 20:45:00,95335.34,95346.08,95335.34,95346.08,180,78,0
2026.02.28 20:42:00,95420.98,95424.52,95335.10,95335.28,180,78,0
2026.02.28 20:39:00,95439.71,95442.29,95412.82,95420.92,180,78,0
2026.02.28 20:36:00,95428.91,95439.65,95428.91,95439.65,180,78,0
2026.02.28 20:33:00,95438.11,95444.59,95424.65,95428.85,180,78,0
2026.02.28 20:30:00,95427.31,95438.05,95427.31,95438.05,180,78,0
2026.02.28 20:27:00,95416.51,95427.25,95416.51,95427.25,180,78,0
2026.02.28 20:24:00,95405.71,95416.45,95405.71,95416.45,180,78,0
2026.02.28 20:21:00,95394.91,95405.65,95394.91,95405.65,180,78,0
2026.02.28 20:18:00,95384.11,95394.85,95384.11,95394.85,180,78,0
2026.02.28 20:15:00,95373.31,95384.05,95373.31,95384.05,180,78,0
2026.02.28 20:12:00,95362.51,95373.25,95362.51,95373.25,180,78,0
2026.02.28 20:09:00,95351.71,95362.45,95351.71,95362.45,180,78,0
2026.02.28 20:06:00,95340.91,95351.65,95340.91,95351.65,180,78,0
2026.02.28 20:03:00,95360.91,95370.99,95340.25,95340.85,180,78,0
2026.02.28 20:00:00,95350.11,95360.85,95350.11,95360.85,180,78,0
2026.02.28 19:57:00,95339.31,95350.05,95339.31,95350.05,180,78,0
2026.02.28 19:54:00,95328.51,95339.25,95328.51,95339.25,180,78,0
2026.02.28 19:51:00,95380.92,95381.46,95324.37,95328.45,180,78,0
2026.02.28 19:48:00,95370.12,95380.86,95370.12,95380.86,180,78,0
2026.02.28 19:45:00,95383.93,95390.05,95365.50,95370.06,180,78,0
2026.02.28 19:42:00,95426.23,95428.15,95383.33,95383.87,180,78,0
2026.02.28 19:39:00,95415.43,95426.17,95415.43,95426.17,180,78,0
2026.02.28 19:36:00,95438.49,95448.51,95414.71,95415.37,180,78,0
2026.02.28 19:33:00,95427.69,95438.43,95427.69,95438.43,180,78,0
2026.02.28 19:30:00,95416.89,95427.63,95416.89,95427.63,180,78,0
2026.02.28 19:27:00,95461.60,95469.10,95415.63,95416.83,180,78,0
2026.02.28 19:24:00,95450.80,95461.54,95450.80,95461.54,180,78,0
2026.02.28 19:21:00,95472.20,95474.00,95446.96,95450.74,180,78,0
2026.02.28 19:18:00,95490.66,95494.32,95470.46,95472.14,91,78,0
2026.02.28 19:15:00,95494.29,95500.41,95487.12,95489.58,145,78,0
2026.02.28 19:12:00,95483.49,95494.23,95483.49,95494.23,180,78,0
2026.02.28 19:09:00,95472.69,95483.43,95472.69,95483.43,180,78,0
2026.02.28 19:06:00,95519.52,95523.72,95469.33,95472.63,180,78,0
2026.02.28 19:03:00,95526.73,95537.41,95519.46,95519.46,180,78,0
2026.02.28 19:00:00,95515.93,95526.67,95515.93,95526.67,180,78,0
2026.02.28 18:57:00,95525.31,95529.51,95509.39,95515.87,180,78,0
2026.02.28 18:54:00,95514.51,95525.25,95514.51,95525.25,180,78,0
2026.02.28 18:51:00,95525.06,95525.42,95504.13,95514.45,180,78,0
2026.02.28 18:48:00,95542.39,95543.41,95515.34,95525.00,180,78,0
2026.02.28 18:45:00,95531.59,95542.33,95531.59,95542.33,180,78,0
2026.02.28 18:42:00,95520.79,95531.53,95520.79,95531.53,180,78,0
2026.02.28 18:39:00,95509.99,95520.73,95509.99,95520.73,180,78,0
2026.02.28 18:36:00,95529.28,95534.80,95504.77,95509.93,180,78,0
2026.02.28 18:33:00,95518.48,95529.22,95518.48,95529.22,180,78,0
2026.02.28 18:30:00,95552.04,95557.20,95515.60,95518.42,180,78,0
2026.02.28 18:27:00,95568.28,95570.50,95543.52,95551.98,180,78,0
2026.02.28 18:24:00,95587.26,95594.52,95564.80,95568.22,180,78,0
2026.02.28 18:21:00,95597.44,95607.22,95586.30,95587.20,180,78,0
2026.02.28 18:18:00,95586.64,95597.38,95586.64,95597.38,180,78,0
2026.02.28 18:15:00,95575.84,95586.58,95575.84,95586.58,180,78,0
2026.02.28 18:12:00,95565.04,95575.78,95565.04,95575.78,180,78,0
2026.02.28 18:09:00,95571.45,95580.63,95563.48,95564.98,180,78,0
2026.02.28 18:06:00,95560.65,95571.39,95560.65,95571.39,180,78,0
2026.02.28 18:03:00,95549.85,95560.59,95549.85,95560.59,180,78,0
2026.02.28 18:00:00,95539.05,95549.79,95539.05,95549.79,180,78,0
2026.02.28 17:57:00,95566.84,95575.54,95537.01,95538.99,180,78,0
2026.02.28 17:54:00,95556.04,95566.78,95556.04,95566.78,180,78,0
2026.02.28 17:51:00,95568.81,95575.95,95552.44,95555.98,180,78,0
2026.02.28 17:48:00,95558.01,95568.75,95558.01,95568.75,180,78,0
2026.02.28 17:45:00,95547.21,95557.95,95547.21,95557.95,180,78,0
2026.02.28 17:42:00,95561.26,95569.90,95545.11,95547.15,180,78,0
2026.02.28 17:39:00,95550.46,95561.20,95550.46,95561.20,180,78,0
2026.02.28 17:36:00,95539.66,95550.40,95539.66,95550.40,180,78,0
2026.02.28 17:33:00,95528.86,95539.60,95528.86,95539.60,180,78,0
2026.02.28 17:30:00,95518.06,95528.80,95518.06,95528.80,180,78,0
2026.02.28 17:27:00,95507.26,95518.00,95507.26,95518.00,180,78,0
2026.02.28 17:24:00,95496.46,95507.20,95496.46,95507.20,180,78,0
2026.02.28 17:21:00,95506.46,95508.14,95487.40,95496.40,180,78,0
2026.02.28 17:18:00,95495.66,95506.40,95495.66,95506.40,180,78,0
2026.02.28 17:15:00,95484.86,95495.60,95484.86,95495.60,180,78,0
2026.02.28 17:12:00,95474.06,95484.80,95474.06,95484.80,180,78,0
2026.02.28 17:09:00,95463.26,95474.00,95463.26,95474.00,180,78,0
2026.02.28 17:06:00,95452.46,95463.20,95452.46,95463.20,180,78,0
2026.02.28 17:03:00,95441.66,95452.40,95441.66,95452.40,180,78,0
2026.02.28 17:00:00,95471.40,95478.30,95437.76,95441.60,181,78,0
2026.02.28 16:57:00,95460.60,95471.34,95460.60,95471.34,180,78,0
2026.02.28 16:54:00,95469.68,95476.64,95456.82,95460.54,180,78,0
2026.02.28 16:51:00,95486.05,95488.45,95461.34,95469.62,180,78,0
2026.02.28 16:48:00,95475.25,95485.99,95475.25,95485.99,180,78,0
2026.02.28 16:45:00,95464.45,95475.19,95464.45,95475.19,180,78,0
2026.02.28 16:42:00,95453.65,95464.39,95453.65,95464.39,180,78,0
2026.02.28 16:39:00,95442.85,95453.59,95442.85,95453.59,180,78,0
2026.02.28 16:36:00,95432.05,95442.79,95432.05,95442.79,180,78,0
2026.02.28 16:33:00,95476.83,95477.79,95425.39,95431.99,180,78,0
2026.02.28 16:30:00,95466.03,95476.77,95466.03,95476.77,180,78,0
2026.02.28 16:27:00,95455.23,95465.97,95455.23,95465.97,180,78,0
2026.02.28 16:24:00,95444.43,95455.17,95444.43,95455.17,180,78,0
2026.02.28 16:21:00,95433.63,95444.37,95433.63,95444.37,180,78,0
2026.02.28 16:18:00,95445.54,95448.18,95425.53,95433.57,180,78,0
2026.02.28 16:15:00,95453.71,95460.79,95441.88,95445.48,180,78,0
2026.02.28 16:12:00,95442.91,95453.65,95442.91,95453.65,180,78,0
2026.02.28 16:09:00,95466.49,95472.01,95437.69,95442.85,180,78,0
2026.02.28 16:06:00,95455.69,95466.43,95455.69,95466.43,180,78,0
2026.02.28 16:03:00,95462.87,95465.51,95447.59,95455.63,180,78,0
2026.02.28 16:00:00,95452.07,95462.81,95452.07,95462.81,180,78,0
2026.02.28 15:57:00,95441.27,95452.01,95441.27,95452.01,180,78,0
2026.02.28 15:54:00,95430.47,95441.21,95430.47,95441.21,180,78,0
2026.02.28 15:51:00,95433.06,95443.80,95433.06,95443.80,180,78,0
2026.02.28 15:48:00,95450.59,95451.79,95423.52,95433.00,180,78,0
2026.02.28 15:45:00,95439.79,95450.53,95439.79,95450.53,180,78,0
2026.02.28 15:42:00,95428.99,95439.73,95428.99,95439.73,180,78,0
2026.02.28 15:39:00,95418.19,95428.93,95418.19,95428.93,180,78,0
2026.02.28 15:36:00,95407.39,95418.13,95407.39,95418.13,180,78,0
2026.02.28 15:33:00,95454.47,95459.15,95403.67,95407.33,180,78,0
2026.02.28 15:30:00,95469.72,95472.96,95446.97,95454.41,180,78,0
2026.02.28 15:27:00,95502.83,95506.67,95466.00,95469.66,180,78,0
2026.02.28 15:24:00,95533.01,95536.19,95495.27,95502.77,180,78,0
2026.02.28 15:21:00,95549.88,95558.10,95530.49,95532.95,180,78,0
2026.02.28 15:18:00,95539.08,95549.82,95539.08,95549.82,180,78,0
2026.02.28 15:15:00,95584.15,95586.85,95539.02,95539.02,180,78,0
2026.02.28 15:12:00,95573.35,95584.09,95573.35,95584.09,180,78,0
2026.02.28 15:09:00,95562.55,95573.29,95562.55,95573.29,180,78,0
2026.02.28 15:06:00,95580.35,95589.29,95560.75,95562.49,180,78,0
2026.02.28 15:03:00,95597.59,95598.43,95570.45,95580.29,180,78,0
2026.02.28 15:00:00,95586.79,95597.53,95586.79,95597.53,180,78,0
2026.02.28 14:57:00,95575.99,95586.73,95575.99,95586.73,180,78,0
2026.02.28 14:54:00,95565.19,95575.93,95565.19,95575.93,180,78,0
2026.02.28 14:51:00,95572.57,95579.35,95561.23,95565.13,180,78,0
2026.02.28 14:48:00,95561.77,95572.51,95561.77,95572.51,180,78,0
2026.02.28 14:45:00,95550.97,95561.71,95550.97,95561.71,180,78,0
2026.02.28 14:42:00,95540.17,95550.91,95540.17,95550.91,180,78,0
2026.02.28 14:39:00,95542.27,95552.71,95539.87,95540.11,180,78,0
2026.02.28 14:36:00,95531.47,95542.21,95531.47,95542.21,180,78,0
2026.02.28 14:33:00,95520.67,95531.41,95520.67,95531.41,180,78,0
2026.02.28 14:30:00,95509.87,95520.61,95509.87,95520.61,180,78,0
2026.02.28 14:27:00,95499.07,95509.81,95499.07,95509.81,180,78,0
2026.02.28 14:24:00,95488.27,95499.01,95488.27,95499.01,180,78,0
2026.02.28 14:21:00,95477.47,95488.21,95477.47,95488.21,180,78,0
2026.02.28 14:18:00,95496.48,95502.78,95473.03,95477.41,180,78,0
2026.02.28 14:15:00,95485.68,95496.42,95485.68,95496.42,180,78,0
2026.02.28 14:12:00,95474.88,95485.62,95474.88,95485.62,180,78,0
2026.02.28 14:09:00,95484.40,95485.30,95465.04,95474.82,180,78,0
2026.02.28 14:06:00,95473.60,95484.34,95473.60,95484.34,180,78,0
2026.02.28 14:03:00,95462.80,95473.54,95462.80,95473.54,180,78,0
2026.02.28 14:00:00,95452.00,95462.74,95452.00,95462.74,180,78,0
2026.02.28 13:57:00,95441.20,95451.94,95441.20,95451.94,180,78,0
2026.02.28 13:54:00,95430.40,95441.14,95430.40,95441.14,180,78,0
2026.02.28 13:51:00,95450.17,95451.13,95420.62,95430.34,180,78,0
2026.02.28 13:48:00,95439.37,95450.11,95439.37,95450.11,180,78,0
2026.02.28 13:45:00,95471.98,95472.10,95432.29,95439.31,180,78,0
2026.02.28 13:42:00,95485.75,95495.47,95470.96,95471.92,180,78,0
2026.02.28 13:39:00,95474.95,95485.69,95474.95,95485.69,180,78,0
2026.02.28 13:36:00,95464.15,95474.89,95464.15,95474.89,180,78,0
2026.02.28 13:33:00,95453.35,95464.09,95453.35,95464.09,180,78,0
2026.02.28 13:30:00,95464.47,95471.07,95449.21,95453.29,180,78,0
2026.02.28 13:27:00,95453.67,95464.41,95453.67,95464.41,180,78,0
2026.02.28 13:24:00,95442.87,95453.61,95442.87,95453.61,180,78,0
2026.02.28 13:21:00,95432.07,95442.81,95432.07,95442.81,180,78,0
2026.02.28 13:18:00,95421.27,95432.01,95421.27,95432.01,180,78,0
2026.02.28 13:15:00,95422.91,95432.09,95419.71,95421.21,180,78,0
2026.02.28 13:12:00,95412.11,95422.85,95412.11,95422.85,180,78,0
2026.02.28 13:09:00,95421.99,95429.85,95409.23,95412.05,180,78,0
2026.02.28 13:06:00,95411.19,95421.93,95411.19,95421.93,180,78,0
2026.02.28 13:03:00,95400.39,95411.13,95400.39,95411.13,180,78,0
2026.02.28 13:00:00,95389.59,95400.33,95389.59,95400.33,180,78,0
2026.02.28 12:57:00,95378.79,95389.53,95378.79,95389.53,180,78,0
2026.02.28 12:54:00,95367.99,95378.73,95367.99,95378.73,180,78,0
2026.02.28 12:51:00,95357.19,95367.93,95357.19,95367.93,180,78,0
2026.02.28 12:48:00,95346.39,95357.13,95346.39,95357.13,180,78,0
2026.02.28 12:45:00,95364.77,95368.01,95338.89,95346.33,180,78,0
2026.02.28 12:42:00,95404.69,95406.01,95359.79,95364.71,180,78,0
2026.02.28 12:39:00,95409.52,95416.12,95400.55,95404.63,180,78,0
2026.02.28 12:36:00,95398.72,95409.46,95398.72,95409.46,180,78,0
2026.02.28 12:33:00,95387.92,95398.66,95387.92,95398.66,180,78,0
2026.02.28 12:30:00,95400.99,95406.57,95382.76,95387.86,180,78,0
2026.02.28 12:27:00,95416.33,95426.41,95400.33,95400.93,180,78,0
2026.02.28 12:24:00,95405.53,95416.27,95405.53,95416.27,180,78,0
2026.02.28 12:21:00,95417.18,95420.06,95397.67,95405.47,180,78,0
2026.02.28 12:18:00,95406.38,95417.12,95406.38,95417.12,180,78,0
2026.02.28 12:15:00,95409.50,95412.62,95398.76,95406.32,180,78,0
2026.02.28 12:12:00,95398.70,95409.44,95398.70,95409.44,180,78,0
2026.02.28 12:09:00,95436.41,95439.53,95398.22,95398.64,180,78,0
2026.02.28 12:06:00,95425.61,95436.35,95425.61,95436.35,180,78,0
2026.02.28 12:03:00,95414.81,95425.55,95414.81,95425.55,180,78,0
2026.02.28 12:00:00,95455.11,95458.65,95412.59,95414.75,180,78,0
2026.02.28 11:57:00,95444.31,95455.05,95444.31,95455.05,180,78,0
2026.02.28 11:54:00,95455.27,95465.65,95443.95,95444.25,180,78,0
2026.02.28 11:51:00,95444.47,95455.21,95444.47,95455.21,180,78,0
2026.02.28 11:48:00,95466.96,95477.34,95444.11,95444.41,180,78,0
2026.02.28 11:45:00,95483.29,95485.57,95458.50,95466.90,180,78,0
2026.02.28 11:42:00,95494.31,95498.45,95476.69,95483.23,180,78,0
2026.02.28 11:39:00,95483.51,95494.25,95483.51,95494.25,180,78,0
2026.02.28 11:36:00,95472.71,95483.45,95472.71,95483.45,180,78,0
2026.02.28 11:33:00,95494.33,95497.39,95465.03,95472.65,180,78,0
2026.02.28 11:30:00,95483.53,95494.27,95483.53,95494.27,180,78,0
2026.02.28 11:27:00,95490.43,95493.73,95476.09,95483.47,180,78,0
2026.02.28 11:24:00,95479.63,95490.37,95479.63,95490.37,180,78,0
2026.02.28 11:21:00,95468.83,95479.57,95468.83,95479.57,180,78,0
2026.02.28 11:18:00,95458.03,95468.77,95458.03,95468.77,180,78,0
2026.02.28 11:15:00,95460.24,95460.66,95447.71,95457.97,180,78,0
2026.02.28 11:12:00,95463.85,95466.91,95452.56,95460.18,180,78,0
2026.02.28 11:09:00,95453.05,95463.79,95453.05,95463.79,180,78,0
2026.02.28 11:06:00,95459.43,95463.63,95446.51,95452.99,180,78,0
2026.02.28 11:03:00,95480.87,95481.47,95449.29,95459.37,180,78,0
2026.02.28 11:00:00,95496.49,95506.87,95480.51,95480.81,180,78,0
2026.02.28 10:57:00,95514.47,95515.43,95486.71,95496.43,180,78,0
2026.02.28 10:54:00,95503.67,95514.41,95503.67,95514.41,180,78,0
2026.02.28 10:51:00,95492.87,95503.61,95492.87,95503.61,180,78,0
2026.02.28 10:48:00,95501.69,95505.65,95486.09,95492.81,180,78,0
2026.02.28 10:45:00,95490.89,95501.63,95490.89,95501.63,180,78,0
2026.02.28 10:42:00,95480.09,95490.83,95480.09,95490.83,180,78,0
2026.02.28 10:39:00,95519.87,95520.23,95474.93,95480.03,180,78,0
2026.02.28 10:36:00,95509.07,95519.81,95509.07,95519.81,180,78,0
2026.02.28 10:33:00,95498.27,95509.01,95498.27,95509.01,180,78,0
2026.02.28 10:30:00,95517.11,95520.83,95491.25,95498.21,180,78,0
2026.02.28 10:27:00,95528.54,95530.94,95508.77,95517.05,180,78,0
2026.02.28 10:24:00,95517.74,95528.48,95517.74,95528.48,180,78,0
2026.02.28 10:21:00,95506.94,95517.68,95506.94,95517.68,180,78,0
2026.02.28 10:18:00,95496.14,95506.88,95496.14,95506.88,180,78,0
2026.02.28 10:15:00,95536.32,95537.34,95494.88,95496.08,180,78,0
2026.02.28 10:12:00,95525.52,95536.26,95525.52,95536.26,180,78,0
2026.02.28 10:09:00,95514.72,95525.46,95514.72,95525.46,180,78,0
2026.02.28 10:06:00,95516.81,95521.61,95508.78,95514.66,180,78,0
2026.02.28 10:03:00,95506.01,95516.75,95506.01,95516.75,180,78,0
2026.02.28 10:00:00,95495.21,95505.95,95495.21,95505.95,180,78,0
2026.02.28 09:57:00,95484.41,95495.15,95484.41,95495.15,180,78,0
2026.02.28 09:54:00,95473.61,95484.35,95473.61,95484.35,180,78,0
2026.02.28 09:51:00,95477.95,95487.73,95472.65,95473.55,180,78,0
2026.02.28 09:48:00,95467.15,95477.89,95467.15,95477.89,180,78,0
2026.02.28 09:45:00,95478.55,95482.99,95460.85,95467.09,180,78,0
2026.02.28 09:42:00,95507.63,95514.53,95474.71,95478.49,180,78,0
2026.02.28 09:39:00,95496.83,95507.57,95496.83,95507.57,180,78,0
2026.02.28 09:36:00,95486.03,95496.77,95486.03,95496.77,180,78,0
2026.02.28 09:33:00,95475.23,95485.97,95475.23,95485.97,180,78,0
2026.02.28 09:30:00,95464.43,95475.17,95464.43,95475.17,180,78,0
2026.02.28 09:27:00,95479.31,95482.19,95456.57,95464.37,180,78,0
2026.02.28 09:24:00,95468.51,95479.25,95468.51,95479.25,180,78,0
2026.02.28 09:21:00,95457.71,95468.45,95457.71,95468.45,180,78,0
2026.02.28 09:18:00,95446.91,95457.65,95446.91,95457.65,180,78,0
2026.02.28 09:15:00,95467.14,95467.44,95440.79,95446.85,180,78,0
2026.02.28 09:12:00,95456.34,95467.08,95456.34,95467.08,180,78,0
2026.02.28 09:09:00,95445.54,95456.28,95445.54,95456.28,180,78,0
2026.02.28 09:06:00,95434.74,95445.48,95434.74,95445.48,180,78,0
2026.02.28 09:03:00,95423.94,95434.68,95423.94,95434.68,180,78,0
2026.02.28 09:00:00,95444.86,95452.48,95420.82,95423.88,180,78,0
2026.02.28 08:57:00,95434.06,95444.80,95434.06,95444.80,180,78,0
2026.02.28 08:54:00,95449.56,95453.94,95427.70,95434.00,180,78,0
2026.02.28 08:51:00,95438.76,95449.50,95438.76,95449.50,180,78,0
2026.02.28 08:48:00,95427.96,95438.70,95427.96,95438.70,180,78,0
2026.02.28 08:45:00,95417.16,95427.90,95417.16,95427.90,180,78,0
2026.02.28 08:42:00,95406.36,95417.10,95406.36,95417.10,180,78,0
2026.02.28 08:39:00,95407.86,95412.06,95399.82,95406.30,180,78,0
2026.02.28 08:36:00,95397.06,95407.80,95397.06,95407.80,180,78,0
2026.02.28 08:33:00,95430.81,95431.05,95390.34,95397.00,180,78,0
2026.02.28 08:30:00,95420.01,95430.75,95420.01,95430.75,180,78,0
2026.02.28 08:27:00,95409.21,95419.95,95409.21,95419.95,180,78,0
2026.02.28 08:24:00,95398.41,95409.15,95398.41,95409.15,180,78,0
2026.02.28 08:21:00,95415.54,95416.02,95388.15,95398.35,180,78,0
2026.02.28 08:18:00,95404.74,95415.48,95404.74,95415.48,180,78,0
2026.02.28 08:15:00,95393.94,95404.68,95393.94,95404.68,180,78,0
2026.02.28 08:12:00,95401.83,95402.37,95383.74,95393.88,180,78,0
2026.02.28 08:09:00,95391.03,95401.77,95391.03,95401.77,180,78,0
2026.02.28 08:06:00,95380.23,95390.97,95380.23,95390.97,180,78,0
2026.02.28 08:03:00,95451.95,95453.27,95375.13,95380.17,180,78,0
2026.02.28 08:00:00,95441.15,95451.89,95441.15,95451.89,180,78,0
2026.02.28 07:57:00,95430.29,95441.09,95430.29,95441.09,181,78,0
2026.02.28 07:54:00,95419.49,95430.23,95419.49,95430.23,180,78,0
2026.02.28 07:51:00,95421.14,95422.64,95410.25,95419.43,180,78,0
2026.02.28 07:48:00,95469.71,95473.19,95419.28,95421.08,180,78,0
2026.02.28 07:45:00,95458.91,95469.65,95458.91,95469.65,180,78,0
2026.02.28 07:42:00,95448.11,95458.85,95448.11,95458.85,180,78,0
2026.02.28 07:39:00,95499.45,95501.25,95443.67,95448.05,180,78,0
2026.02.28 07:36:00,95488.65,95499.39,95488.65,95499.39,180,78,0
2026.02.28 07:33:00,95505.34,95512.12,95484.69,95488.59,180,78,0
2026.02.28 07:30:00,95494.54,95505.28,95494.54,95505.28,180,78,0
2026.02.28 07:27:00,95483.74,95494.48,95483.74,95494.48,180,78,0
2026.02.28 07:24:00,95472.94,95483.68,95472.94,95483.68,180,78,0
2026.02.28 07:21:00,95462.14,95472.88,95462.14,95472.88,180,78,0
2026.02.28 07:18:00,95476.76,95478.98,95453.62,95462.08,180,78,0
2026.02.28 07:15:00,95504.84,95504.96,95466.14,95476.70,180,78,0
2026.02.28 07:12:00,95494.04,95504.78,95494.04,95504.78,180,78,0
2026.02.28 07:09:00,95483.24,95493.98,95483.24,95493.98,180,78,0
2026.02.28 07:06:00,95472.44,95483.18,95472.44,95483.18,180,78,0
2026.02.28 07:03:00,95461.64,95472.38,95461.64,95472.38,180,78,0
2026.02.28 07:00:00,95469.52,95471.26,95452.64,95461.58,180,78,0
2026.02.28 06:57:00,95458.72,95469.46,95458.72,95469.46,180,78,0
2026.02.28 06:54:00,95521.07,95522.69,95457.88,95458.66,180,78,0
2026.02.28 06:51:00,95510.27,95521.01,95510.27,95521.01,180,78,0
2026.02.28 06:48:00,95513.44,95520.94,95507.03,95510.21,180,78,0
2026.02.28 06:45:00,95530.98,95540.70,95512.42,95513.38,180,78,0
2026.02.28 06:42:00,95520.18,95530.92,95520.18,95530.92,180,78,0
2026.02.28 06:39:00,95509.38,95520.12,95509.38,95520.12,180,78,0
2026.02.28 06:36:00,95498.58,95509.32,95498.58,95509.32,180,78,0
2026.02.28 06:33:00,95520.11,95530.55,95498.28,95498.52,180,78,0
2026.02.28 06:30:00,95548.83,95555.85,95516.39,95520.05,180,78,0
2026.02.28 06:27:00,95538.03,95548.77,95538.03,95548.77,180,78,0
2026.02.28 06:24:00,95527.23,95537.97,95527.23,95537.97,180,78,0
2026.02.28 06:21:00,95548.21,95557.93,95526.21,95527.17,180,78,0
2026.02.28 06:18:00,95552.46,95558.64,95543.65,95548.15,180,78,0
2026.02.28 06:15:00,95589.75,95595.51,95552.28,95552.40,180,78,0
2026.02.28 06:12:00,95611.88,95616.86,95583.99,95589.69,180,78,0
2026.02.28 06:09:00,95601.08,95611.82,95601.08,95611.82,180,78,0
2026.02.28 06:06:00,95657.55,95657.97,95601.02,95601.02,180,78,0
2026.02.28 06:03:00,95646.75,95657.49,95646.75,95657.49,180,78,0
2026.02.28 06:00:00,95651.00,95660.42,95645.43,95646.69,180,78,0
2026.02.28 05:57:00,95662.28,95663.84,95641.82,95650.94,180,78,0
2026.02.28 05:54:00,95719.72,95720.80,95653.52,95662.22,180,78,0
2026.02.28 05:51:00,95708.92,95719.66,95708.92,95719.66,180,78,0
2026.02.28 05:48:00,95761.96,95771.38,95707.96,95708.86,180,78,0
2026.02.28 05:45:00,95751.16,95761.90,95751.16,95761.90,180,78,0
2026.02.28 05:42:00,95740.36,95751.10,95740.36,95751.10,180,78,0
2026.02.28 05:39:00,95753.37,95753.79,95730.04,95740.30,180,78,0
2026.02.28 05:36:00,95742.57,95753.31,95742.57,95753.31,180,78,0
2026.02.28 05:33:00,95731.77,95742.51,95731.77,95742.51,180,78,0
2026.02.28 05:30:00,95745.63,95747.91,95723.31,95731.71,180,78,0
2026.02.28 05:27:00,95734.83,95745.57,95734.83,95745.57,180,78,0
2026.02.28 05:24:00,95752.63,95762.17,95734.65,95734.77,180,78,0
2026.02.28 05:21:00,95741.83,95752.57,95741.83,95752.57,180,78,0
2026.02.28 05:18:00,95757.30,95766.18,95739.97,95741.77,180,78,0
2026.02.28 05:15:00,95772.28,95780.74,95755.02,95757.24,180,78,0
2026.02.28 05:12:00,95761.48,95772.22,95761.48,95772.22,180,78,0
2026.02.28 05:09:00,95750.68,95761.42,95750.68,95761.42,180,78,0
2026.02.28 05:06:00,95739.88,95750.62,95739.88,95750.62,180,78,0
2026.02.28 05:03:00,95773.60,95780.74,95736.28,95739.82,180,78,0
2026.02.28 05:00:00,95785.01,95794.01,95771.86,95773.54,180,78,0
2026.02.28 04:57:00,95786.57,95793.41,95781.11,95784.95,180,78,0
2026.02.28 04:54:00,95803.97,95814.65,95786.51,95786.51,180,78,0
2026.02.28 04:51:00,95793.17,95803.91,95793.17,95803.91,180,78,0
2026.02.28 04:48:00,95806.09,95807.47,95783.81,95793.11,180,78,0
2026.02.28 04:45:00,95807.67,95810.55,95798.23,95806.03,180,78,0
2026.02.28 04:42:00,95796.87,95807.61,95796.87,95807.61,180,78,0
2026.02.28 04:39:00,95786.07,95796.81,95786.07,95796.81,180,78,0
2026.02.28 04:36:00,95775.27,95786.01,95775.27,95786.01,180,78,0
2026.02.28 04:33:00,95776.77,95780.19,95767.95,95775.21,180,78,0
2026.02.28 04:30:00,95765.97,95776.71,95765.97,95776.71,180,78,0
2026.02.28 04:27:00,95755.17,95765.91,95755.17,95765.91,180,78,0
2026.02.28 04:24:00,95744.37,95755.11,95744.37,95755.11,180,78,0
2026.02.28 04:21:00,95733.57,95744.31,95733.57,95744.31,180,78,0
2026.02.28 04:18:00,95742.98,95750.18,95730.03,95733.51,180,78,0
2026.02.28 04:15:00,95753.12,95760.38,95739.50,95742.92,180,78,0
2026.02.28 04:12:00,95742.32,95753.06,95742.32,95753.06,180,78,0
2026.02.28 04:09:00,95731.52,95742.26,95731.52,95742.26,180,78,0
2026.02.28 04:06:00,95720.72,95731.46,95720.72,95731.46,180,78,0
2026.02.28 04:03:00,95709.92,95720.66,95709.92,95720.66,180,78,0
2026.02.28 04:00:00,95719.94,95726.54,95705.78,95709.86,180,78,0
2026.02.28 03:57:00,95709.14,95719.88,95709.14,95719.88,180,78,0
2026.02.28 03:54:00,95762.56,95767.30,95706.08,95709.08,180,78,0
2026.02.28 03:51:00,95771.67,95772.33,95752.48,95762.50,180,78,0
2026.02.28 03:48:00,95760.87,95771.61,95760.87,95771.61,180,78,0
2026.02.28 03:45:00,95750.07,95760.81,95750.07,95760.81,180,78,0
2026.02.28 03:42:00,95739.27,95750.01,95739.27,95750.01,180,78,0
2026.02.28 03:39:00,95750.41,95760.55,95738.67,95739.21,180,78,0
2026.02.28 03:36:00,95763.46,95765.08,95741.29,95750.35,180,78,0
2026.02.28 03:33:00,95752.66,95763.40,95752.66,95763.40,180,78,0
2026.02.28 03:30:00,95741.86,95752.60,95741.86,95752.60,180,78,0
2026.02.28 03:27:00,95782.13,95784.71,95741.50,95741.80,180,78,0
2026.02.28 03:24:00,95771.33,95782.07,95771.33,95782.07,180,78,0
2026.02.28 03:21:00,95760.53,95771.27,95760.53,95771.27,180,78,0
2026.02.28 03:18:00,95749.73,95760.47,95749.73,95760.47,180,78,0
2026.02.28 03:15:00,95803.00,95810.32,95748.65,95749.67,180,78,0
2026.02.28 03:12:00,95792.20,95802.94,95792.20,95802.94,180,78,0
2026.02.28 03:09:00,95808.89,95812.31,95784.88,95792.14,180,78,0
2026.02.28 03:06:00,95816.22,95821.26,95803.19,95808.83,180,78,0
2026.02.28 03:03:00,95819.91,95826.75,95812.32,95816.16,180,78,0
2026.02.28 03:00:00,95809.11,95819.85,95809.11,95819.85,180,78,0
2026.02.28 02:57:00,95798.31,95809.05,95798.31,95809.05,180,78,0
2026.02.28 02:54:00,95787.51,95798.25,95787.51,95798.25,180,78,0
2026.02.28 02:51:00,95776.71,95787.45,95776.71,95787.45,180,78,0
2026.02.28 02:48:00,95765.91,95776.65,95765.91,95776.65,180,78,0
2026.02.28 02:45:00,95755.11,95765.85,95755.11,95765.85,180,78,0
2026.02.28 02:42:00,95744.31,95755.05,95744.31,95755.05,180,78,0
2026.02.28 02:39:00,95733.51,95744.25,95733.51,95744.25,180,78,0
2026.02.28 02:36:00,95722.71,95733.45,95722.71,95733.45,180,78,0
2026.02.28 02:33:00,95737.56,95738.64,95713.05,95722.65,180,78,0
2026.02.28 02:30:00,95770.32,95771.70,95735.88,95737.50,180,78,0
2026.02.28 02:27:00,95759.52,95770.26,95759.52,95770.26,180,78,0
2026.02.28 02:24:00,95748.72,95759.46,95748.72,95759.46,180,78,0
2026.02.28 02:21:00,95737.92,95748.66,95737.92,95748.66,180,78,0
2026.02.28 02:18:00,95727.12,95737.86,95727.12,95737.86,180,78,0
2026.02.28 02:15:00,95773.69,95775.13,95726.28,95727.06,180,78,0
2026.02.28 02:12:00,95779.28,95780.66,95764.33,95773.63,180,78,0
2026.02.28 02:09:00,95768.48,95779.22,95768.48,95779.22,180,78,0
2026.02.28 02:06:00,95776.72,95779.30,95760.32,95768.42,180,78,0
2026.02.28 02:03:00,95765.92,95776.66,95765.92,95776.66,180,78,0
2026.02.28 02:00:00,95755.12,95765.86,95755.12,95765.86,180,78,0
2026.02.28 01:57:00,95744.32,95755.06,95744.32,95755.06,180,78,0
2026.02.28 01:54:00,95767.19,95769.59,95735.98,95744.26,180,78,0
2026.02.28 01:51:00,95787.00,95794.74,95764.19,95767.13,180,78,0
2026.02.28 01:48:00,95776.20,95786.94,95776.20,95786.94,180,78,0
2026.02.28 01:45:00,95777.84,95778.80,95766.42,95776.14,180,78,0
2026.02.28 01:42:00,95767.04,95777.78,95767.04,95777.78,180,78,0
2026.02.28 01:39:00,95756.24,95766.98,95756.24,95766.98,180,78,0
2026.02.28 01:36:00,95745.44,95756.18,95745.44,95756.18,180,78,0
2026.02.28 01:33:00,95734.64,95745.38,95734.64,95745.38,180,78,0
2026.02.28 01:30:00,95723.84,95734.58,95723.84,95734.58,180,78,0
2026.02.28 01:27:00,95713.04,95723.78,95713.04,95723.78,180,78,0
2026.02.28 01:24:00,95702.24,95712.98,95702.24,95712.98,180,78,0
2026.02.28 01:21:00,95691.44,95702.18,95691.44,95702.18,180,78,0
2026.02.28 01:18:00,95680.64,95691.38,95680.64,95691.38,180,78,0
2026.02.28 01:15:00,95669.84,95680.58,95669.84,95680.58,180,78,0
2026.02.28 01:12:00,95659.04,95669.78,95659.04,95669.78,180,78,0
2026.02.28 01:09:00,95662.39,95663.95,95649.86,95658.98,180,78,0
2026.02.28 01:06:00,95651.59,95662.33,95651.59,95662.33,180,78,0
2026.02.28 01:03:00,95640.79,95651.53,95640.79,95651.53,180,78,0
2026.02.28 01:00:00,95629.99,95640.73,95629.99,95640.73,180,78,0
2026.02.28 00:57:00,95673.03,95673.57,95622.61,95629.93,180,78,0
2026.02.28 00:54:00,95695.43,95702.87,95670.03,95672.97,180,78,0
2026.02.28 00:51:00,95684.63,95695.37,95684.63,95695.37,180,78,0
2026.02.28 00:48:00,95699.15,95699.87,95674.61,95684.57,180,78,0
2026.02.28 00:45:00,95688.35,95699.09,95688.35,95699.09,180,78,0
2026.02.28 00:42:00,95713.46,95719.28,95683.43,95688.29,180,78,0
2026.02.28 00:39:00,95702.66,95713.40,95702.66,95713.40,180,78,0
2026.02.28 00:36:00,95691.86,95702.60,95691.86,95702.60,180,78,0
2026.02.28 00:33:00,95697.08,95697.98,95682.02,95691.80,180,78,0
2026.02.28 00:30:00,95686.28,95697.02,95686.28,95697.02,180,78,0
2026.02.28 00:27:00,95702.65,95710.45,95683.34,95686.22,180,78,0
2026.02.28 00:24:00,95708.12,95715.14,95698.93,95702.59,180,78,0
2026.02.28 00:21:00,95697.32,95708.06,95697.32,95708.06,180,78,0
2026.02.28 00:18:00,95721.93,95724.87,95694.26,95697.26,180,78,0
2026.02.28 00:15:00,95711.13,95721.87,95711.13,95721.87,180,78,0
2026.02.28 00:12:00,95714.42,95714.48,95700.45,95711.07,180,78,0
2026.02.28 00:09:00,95703.62,95714.36,95703.62,95714.36,180,78,0
2026.02.28 00:06:00,95735.81,95744.87,95701.94,95703.56,180,78,0
2026.02.28 00:03:00,95725.01,95735.75,95725.01,95735.75,180,78,0
2026.02.28 00:00:00,95742.95,95751.29,95722.61,95724.95,180,78,0
2026.02.27 23:57:00,95732.15,95742.89,95732.15,95742.89,180,78,0
2026.02.27 23:54:00,95721.35,95732.09,95721.35,95732.09,180,78,0
2026.02.27 23:51:00,95710.55,95721.29,95710.55,95721.29,180,78,0
2026.02.27 23:48:00,95714.65,95722.45,95707.61,95710.49,180,78,0
2026.02.27 23:45:00,95703.85,95714.59,95703.85,95714.59,180,78,0
2026.02.27 23:42:00,95693.05,95703.79,95693.05,95703.79,180,78,0
2026.02.27 23:39:00,95712.29,95719.85,95689.87,95692.99,180,78,0
2026.02.27 23:36:00,95701.49,95712.23,95701.49,95712.23,180,78,0
2026.02.27 23:33:00,95690.69,95701.43,95690.69,95701.43,180,78,0
2026.02.27 23:30:00,95679.89,95690.63,95679.89,95690.63,180,78,0
2026.02.27 23:27:00,95669.09,95679.83,95669.09,95679.83,180,78,0
2026.02.27 23:24:00,95658.29,95669.03,95658.29,95669.03,180,78,0
2026.02.27 23:21:00,95673.53,95680.61,95654.63,95658.23,180,78,0
2026.02.27 23:18:00,95689.91,95690.27,95663.15,95673.47,180,78,0
2026.02.27 23:15:00,95679.11,95689.85,95679.11,95689.85,180,78,0
2026.02.27 23:12:00,95668.31,95679.05,95668.31,95679.05,180,78,0
2026.02.27 23:09:00,95657.51,95668.25,95657.51,95668.25,180,78,0
2026.02.27 23:06:00,95646.71,95657.45,95646.71,95657.45,180,78,0
2026.02.27 23:03:00,95635.91,95646.65,95635.91,95646.65,180,78,0
2026.02.27 23:00:00,95625.11,95635.85,95625.11,95635.85,180,78,0
2026.02.27 22:57:00,95614.31,95625.05,95614.31,95625.05,180,78,0
2026.02.27 22:54:00,95603.51,95614.25,95603.51,95614.25,180,78,0
2026.02.27 22:51:00,95619.14,95626.58,95600.15,95603.45,181,78,0
2026.02.27 22:48:00,95620.55,95625.41,95613.26,95619.08,180,78,0
2026.02.27 22:45:00,95609.75,95620.49,95609.75,95620.49,180,78,0
2026.02.27 22:42:00,95629.43,95636.03,95605.61,95609.69,180,78,0
2026.02.27 22:39:00,95634.51,95635.95,95620.13,95629.37,180,78,0
2026.02.27 22:36:00,95646.83,95652.17,95629.11,95634.45,180,78,0
2026.02.27 22:33:00,95665.77,95666.67,95636.99,95646.77,180,78,0
2026.02.27 22:30:00,95672.30,95680.76,95663.49,95665.71,180,78,0
2026.02.27 22:27:00,95673.90,95679.54,95667.20,95672.24,180,78,0
2026.02.27 22:24:00,95698.55,95705.69,95670.30,95673.84,180,78,0
2026.02.27 22:21:00,95687.75,95698.49,95687.75,95698.49,180,78,0
2026.02.27 22:18:00,95676.95,95687.69,95676.95,95687.69,180,78,0
2026.02.27 22:15:00,95741.50,95742.88,95674.19,95676.89,180,78,0
2026.02.27 22:12:00,95730.70,95741.44,95730.70,95741.44,180,78,0
2026.02.27 22:09:00,95719.90,95730.64,95719.90,95730.64,180,78,0
2026.02.27 22:06:00,95722.17,95731.83,95718.82,95719.84,180,78,0
2026.02.27 22:03:00,95711.37,95722.11,95711.37,95722.11,180,78,0
2026.02.27 22:00:00,95700.57,95711.31,95700.57,95711.31,180,78,0
2026.02.27 21:57:00,95722.39,95728.27,95696.07,95700.51,180,78,0
2026.02.27 21:54:00,95753.51,95763.05,95721.19,95722.33,180,78,0
2026.02.27 21:51:00,95801.14,95805.52,95751.71,95753.45,180,78,0
2026.02.27 21:48:00,95790.34,95801.08,95790.34,95801.08,180,78,0
2026.02.27 21:45:00,95779.54,95790.28,95779.54,95790.28,180,78,0
2026.02.27 21:42:00,95790.84,95798.52,95776.48,95779.48,180,78,0
2026.02.27 21:39:00,95780.04,95790.78,95780.04,95790.78,180,78,0
2026.02.27 21:36:00,95769.24,95779.98,95769.24,95779.98,180,78,0
2026.02.27 21:33:00,95758.44,95769.18,95758.44,95769.18,180,78,0
2026.02.27 21:30:00,95747.64,95758.38,95747.64,95758.38,180,78,0
2026.02.27 21:27:00,95760.97,95761.09,95737.02,95747.58,180,78,0
2026.02.27 21:24:00,95784.02,95789.78,95756.71,95760.91,180,78,0
2026.02.27 21:21:00,95773.22,95783.96,95773.22,95783.96,180,78,0
2026.02.27 21:18:00,95762.42,95773.16,95762.42,95773.16,180,78,0
2026.02.27 21:15:00,95751.62,95762.36,95751.62,95762.36,180,78,0
2026.02.27 21:12:00,95740.82,95751.56,95740.82,95751.56,180,78,0
2026.02.27 21:09:00,95771.41,95779.87,95740.58,95740.76,180,78,0
2026.02.27 21:06:00,95760.61,95771.35,95760.61,95771.35,180,78,0
2026.02.27 21:03:00,95749.81,95760.55,95749.81,95760.55,180,78,0
2026.02.27 21:00:00,95739.01,95749.75,95739.01,95749.75,180,78,0
2026.02.27 20:57:00,95728.21,95738.95,95728.21,95738.95,180,78,0
2026.02.27 20:54:00,95768.80,95769.52,95720.35,95728.15,180,78,0
2026.02.27 20:51:00,95758.00,95768.74,95758.00,95768.74,180,78,0
2026.02.27 20:48:00,95747.20,95757.94,95747.20,95757.94,180,78,0
2026.02.27 20:45:00,95736.40,95747.14,95736.40,95747.14,180,78,0
2026.02.27 20:42:00,95752.97,95759.93,95732.62,95736.34,180,78,0
2026.02.27 20:39:00,95742.17,95752.91,95742.17,95752.91,180,78,0
2026.02.27 20:36:00,95749.10,95753.42,95735.75,95742.11,180,78,0
2026.02.27 20:33:00,95738.30,95749.04,95738.30,95749.04,180,78,0
2026.02.27 20:30:00,95801.08,95801.80,95734.40,95738.24,180,78,0
2026.02.27 20:27:00,95790.28,95801.02,95790.28,95801.02,180,78,0
2026.02.27 20:24:00,95817.31,95817.67,95785.60,95790.22,180,78,0
2026.02.27 20:21:00,95806.51,95817.25,95806.51,95817.25,180,78,0
2026.02.27 20:18:00,95795.71,95806.45,95795.71,95806.45,180,78,0
2026.02.27 20:15:00,95784.91,95795.65,95784.91,95795.65,180,78,0
2026.02.27 20:12:00,95774.11,95784.85,95774.11,95784.85,180,78,0
2026.02.27 20:09:00,95778.40,95784.10,95769.07,95774.05,180,78,0
2026.02.27 20:06:00,95767.60,95778.34,95767.60,95778.34,180,78,0
2026.02.27 20:03:00,95756.80,95767.54,95756.80,95767.54,180,78,0
2026.02.27 20:00:00,95774.71,95776.63,95747.98,95756.74,180,78,0
2026.02.27 19:57:00,95763.91,95774.65,95763.91,95774.65,180,78,0
2026.02.27 19:54:00,95753.11,95763.85,95753.11,95763.85,180,78,0
2026.02.27 19:51:00,95742.31,95753.05,95742.31,95753.05,180,78,0
2026.02.27 19:48:00,95752.74,95757.48,95736.31,95742.25,180,78,0
2026.02.27 19:45:00,95756.74,95767.18,95752.44,95752.68,180,78,0
2026.02.27 19:42:00,95745.94,95756.68,95745.94,95756.68,180,78,0
2026.02.27 19:39:00,95773.72,95781.94,95745.28,95745.88,180,78,0
2026.02.27 19:36:00,95762.92,95773.66,95762.92,95773.66,180,78,0
2026.02.27 19:33:00,95782.67,95790.35,95759.86,95762.86,180,78,0
2026.02.27 19:30:00,95771.87,95782.61,95771.87,95782.61,180,78,0
2026.02.27 19:27:00,95761.07,95771.81,95761.07,95771.81,180,78,0
2026.02.27 19:24:00,95750.27,95761.01,95750.27,95761.01,180,78,0
2026.02.27 19:21:00,95739.47,95750.21,95739.47,95750.21,180,78,0
2026.02.27 19:18:00,95728.67,95739.41,95728.67,95739.41,180,78,0
2026.02.27 19:15:00,95744.07,95745.03,95718.89,95728.61,180,78,0
2026.02.27 19:12:00,95733.27,95744.01,95733.27,95744.01,180,78,0
2026.02.27 19:09:00,95794.52,95796.38,95728.95,95733.21,180,78,0
2026.02.27 19:06:00,95783.72,95794.46,95783.72,95794.46,180,78,0
2026.02.27 19:03:00,95790.40,95798.56,95781.14,95783.66,180,78,0
2026.02.27 19:00:00,95779.60,95790.34,95779.60,95790.34,180,78,0
2026.02.27 18:57:00,95786.75,95788.61,95770.72,95779.54,180,78,0
2026.02.27 18:54:00,95795.75,95796.95,95777.21,95786.69,180,78,0
2026.02.27 18:51:00,95784.95,95795.69,95784.95,95795.69,180,78,0
2026.02.27 18:48:00,95774.15,95784.89,95774.15,95784.89,180,78,0
2026.02.27 18:45:00,95763.35,95774.09,95763.35,95774.09,180,78,0
2026.02.27 18:42:00,95752.55,95763.29,95752.55,95763.29,180,78,0
2026.02.27 18:39:00,95741.75,95752.49,95741.75,95752.49,180,78,0
2026.02.27 18:36:00,95749.83,95760.27,95741.45,95741.69,180,78,0
2026.02.27 18:33:00,95765.88,95770.26,95743.47,95749.77,180,78,0
2026.02.27 18:30:00,95779.13,95788.55,95764.56,95765.82,180,78,0
2026.02.27 18:27:00,95781.67,95782.69,95769.41,95779.07,180,78,0
2026.02.27 18:24:00,95770.87,95781.61,95770.87,95781.61,180,78,0
2026.02.27 18:21:00,95760.07,95770.81,95760.07,95770.81,180,78,0
2026.02.27 18:18:00,95749.27,95760.01,95749.27,95760.01,180,78,0
2026.02.27 18:15:00,95738.47,95749.21,95738.47,95749.21,180,78,0
2026.02.27 18:12:00,95727.67,95738.41,95727.67,95738.41,180,78,0
2026.02.27 18:09:00,95716.87,95727.61,95716.87,95727.61,180,78,0
2026.02.27 18:06:00,95706.07,95716.81,95706.07,95716.81,180,78,0
2026.02.27 18:03:00,95711.02,95718.28,95702.59,95706.01,180,78,0
2026.02.27 18:00:00,95700.22,95710.96,95700.22,95710.96,180,78,0
2026.02.27 17:57:00,95689.42,95700.16,95689.42,95700.16,180,78,0
2026.02.27 17:54:00,95678.62,95689.36,95678.62,95689.36,180,78,0
2026.02.27 17:51:00,95687.74,95693.44,95673.58,95678.56,180,78,0
2026.02.27 17:48:00,95676.94,95687.68,95676.94,95687.68,180,78,0
2026.02.27 17:45:00,95666.14,95676.88,95666.14,95676.88,180,78,0
2026.02.27 17:42:00,95678.74,95686.72,95663.38,95666.08,180,78,0
2026.02.27 17:39:00,95667.94,95678.68,95667.94,95678.68,180,78,0
2026.02.27 17:36:00,95657.14,95667.88,95657.14,95667.88,180,78,0
2026.02.27 17:33:00,95661.57,95669.67,95654.50,95657.08,180,78,0
2026.02.27 17:30:00,95695.74,95703.96,95660.31,95661.51,180,78,0
2026.02.27 17:27:00,95708.36,95711.96,95688.60,95695.68,180,78,0
2026.02.27 17:24:00,95697.56,95708.30,95697.56,95708.30,180,78,0
2026.02.27 17:21:00,95705.86,95709.04,95690.00,95697.50,180,78,0
2026.02.27 17:18:00,95695.06,95705.80,95695.06,95705.80,180,78,0
2026.02.27 17:15:00,95684.26,95695.00,95684.26,95695.00,180,78,0
2026.02.27 17:12:00,95673.46,95684.20,95673.46,95684.20,180,78,0
2026.02.27 17:09:00,95662.66,95673.40,95662.66,95673.40,180,78,0
2026.02.27 17:06:00,95651.86,95662.60,95651.86,95662.60,180,78,0
2026.02.27 17:03:00,95641.06,95651.80,95641.06,95651.80,180,78,0
2026.02.27 17:00:00,95668.09,95674.45,95636.68,95641.00,180,78,0
2026.02.27 16:57:00,95657.29,95668.03,95657.29,95668.03,180,78,0
2026.02.27 16:54:00,95669.16,95671.20,95648.59,95657.23,180,78,0
2026.02.27 16:51:00,95658.36,95669.10,95658.36,95669.10,180,78,0
2026.02.27 16:48:00,95647.56,95658.30,95647.56,95658.30,180,78,0
2026.02.27 16:45:00,95651.65,95660.65,95645.82,95647.50,180,78,0
2026.02.27 16:42:00,95640.85,95651.59,95640.85,95651.59,180,78,0
2026.02.27 16:39:00,95630.05,95640.79,95630.05,95640.79,180,78,0
2026.02.27 16:36:00,95635.45,95643.67,95627.53,95629.99,180,78,0
2026.02.27 16:33:00,95624.65,95635.39,95624.65,95635.39,180,78,0
2026.02.27 16:30:00,95613.85,95624.59,95613.85,95624.59,180,78,0
2026.02.27 16:27:00,95603.05,95613.79,95603.05,95613.79,180,78,0
2026.02.27 16:24:00,95592.25,95602.99,95592.25,95602.99,180,78,0
2026.02.27 16:21:00,95581.45,95592.19,95581.45,95592.19,180,78,0
2026.02.27 16:18:00,95595.15,95601.03,95576.59,95581.39,180,78,0
2026.02.27 16:15:00,95584.35,95595.09,95584.35,95595.09,180,78,0
2026.02.27 16:12:00,95573.55,95584.29,95573.55,95584.29,180,78,0
2026.02.27 16:09:00,95596.83,95607.39,95573.37,95573.49,180,78,0
2026.02.27 16:06:00,95632.24,95633.08,95594.49,95596.77,180,78,0
2026.02.27 16:03:00,95621.44,95632.18,95621.44,95632.18,180,78,0
2026.02.27 16:00:00,95666.47,95667.43,95619.04,95621.38,180,78,0
2026.02.27 15:57:00,95673.17,95683.55,95666.11,95666.41,180,78,0
2026.02.27 15:54:00,95682.80,95691.38,95671.01,95673.11,180,78,0
2026.02.27 15:51:00,95709.59,95719.73,95682.20,95682.74,180,78,0
2026.02.27 15:48:00,95698.79,95709.53,95698.79,95709.53,180,78,0
2026.02.27 15:45:00,95707.64,95711.72,95692.13,95698.73,180,78,0
2026.02.27 15:42:00,95696.84,95707.58,95696.84,95707.58,180,78,0
2026.02.27 15:39:00,95686.04,95696.78,95686.04,95696.78,180,78,0
2026.02.27 15:36:00,95708.39,95718.47,95685.38,95685.98,180,78,0
2026.02.27 15:33:00,95738.20,95744.44,95705.81,95708.33,180,78,0
2026.02.27 15:30:00,95727.40,95738.14,95727.40,95738.14,180,78,0
2026.02.27 15:27:00,95716.60,95727.34,95716.60,95727.34,180,78,0
2026.02.27 15:24:00,95705.80,95716.54,95705.80,95716.54,180,78,0
2026.02.27 15:21:00,95695.00,95705.74,95695.00,95705.74,180,78,0
2026.02.27 15:18:00,95684.20,95694.94,95684.20,95694.94,180,78,0
2026.02.27 15:15:00,95695.29,95698.41,95676.58,95684.14,180,78,0
2026.02.27 15:12:00,95684.49,95695.23,95684.49,95695.23,180,78,0
2026.02.27 15:09:00,95699.54,95703.62,95677.83,95684.43,180,78,0
2026.02.27 15:06:00,95688.74,95699.48,95688.74,95699.48,180,78,0
2026.02.27 15:03:00,95677.94,95688.68,95677.94,95688.68,180,78,0
2026.02.27 15:00:00,95667.14,95677.88,95667.14,95677.88,180,78,0
2026.02.27 14:57:00,95656.34,95667.08,95656.34,95667.08,180,78,0
2026.02.27 14:54:00,95668.21,95677.63,95655.02,95656.28,180,78,0
2026.02.27 14:51:00,95657.41,95668.15,95657.41,95668.15,180,78,0
2026.02.27 14:48:00,95646.61,95657.35,95646.61,95657.35,180,78,0
2026.02.27 14:45:00,95635.81,95646.55,95635.81,95646.55,180,78,0
2026.02.27 14:42:00,95625.01,95635.75,95625.01,95635.75,180,78,0
2026.02.27 14:39:00,95614.21,95624.95,95614.21,95624.95,180,78,0
2026.02.27 14:36:00,95603.41,95614.15,95603.41,95614.15,180,78,0
2026.02.27 14:33:00,95592.61,95603.35,95592.61,95603.35,180,78,0
2026.02.27 14:30:00,95581.81,95592.55,95581.81,95592.55,180,78,0
2026.02.27 14:27:00,95571.01,95581.75,95571.01,95581.75,180,78,0
2026.02.27 14:24:00,95584.13,95586.29,95562.43,95570.95,180,78,0
2026.02.27 14:21:00,95573.33,95584.07,95573.33,95584.07,180,78,0
2026.02.27 14:18:00,95603.55,95606.49,95566.67,95573.27,180,78,0
2026.02.27 14:15:00,95616.59,95624.87,95601.09,95603.49,180,78,0
2026.02.27 14:12:00,95605.79,95616.53,95605.79,95616.53,180,78,0
2026.02.27 14:09:00,95594.99,95605.73,95594.99,95605.73,180,78,0
2026.02.27 14:06:00,95603.54,95603.84,95584.55,95594.93,180,78,0
2026.02.27 14:03:00,95592.74,95603.48,95592.74,95603.48,180,78,0
2026.02.27 14:00:00,95581.94,95592.68,95581.94,95592.68,180,78,0
2026.02.27 13:57:00,95571.14,95581.88,95571.14,95581.88,180,78,0
2026.02.27 13:54:00,95560.34,95571.08,95560.34,95571.08,180,78,0
2026.02.27 13:51:00,95549.54,95560.28,95549.54,95560.28,180,78,0
2026.02.27 13:48:00,95538.74,95549.48,95538.74,95549.48,180,78,0
2026.02.27 13:45:00,95527.94,95538.68,95527.94,95538.68,180,78,0
2026.02.27 13:42:00,95549.35,95558.95,95526.80,95527.88,180,78,0
2026.02.27 13:39:00,95538.55,95549.29,95538.55,95549.29,180,78,0
2026.02.27 13:36:00,95543.15,95552.27,95536.93,95538.49,180,78,0
2026.02.27 13:33:00,95532.35,95543.09,95532.35,95543.09,180,78,0
2026.02.27 13:30:00,95521.55,95532.29,95521.55,95532.29,180,78,0
2026.02.27 13:27:00,95510.75,95521.49,95510.75,95521.49,180,78,0
2026.02.27 13:24:00,95565.28,95568.46,95505.53,95510.69,180,78,0
2026.02.27 13:21:00,95554.48,95565.22,95554.48,95565.22,180,78,0
2026.02.27 13:18:00,95543.68,95554.42,95543.68,95554.42,180,78,0
2026.02.27 13:15:00,95591.61,95592.03,95534.08,95543.62,180,78,0
2026.02.27 13:12:00,95580.81,95591.55,95580.81,95591.55,180,78,0
2026.02.27 13:09:00,95598.12,95598.54,95570.49,95580.75,180,78,0
2026.02.27 13:06:00,95608.43,95614.79,95593.74,95598.06,180,78,0
2026.02.27 13:03:00,95597.63,95608.37,95597.63,95608.37,180,78,0
2026.02.27 13:00:00,95621.78,95630.54,95595.65,95597.57,180,78,0
2026.02.27 12:57:00,95610.98,95621.72,95610.98,95621.72,180,78,0
2026.02.27 12:54:00,95600.18,95610.92,95600.18,95610.92,180,78,0
2026.02.27 12:51:00,95589.38,95600.12,95589.38,95600.12,180,78,0
2026.02.27 12:48:00,95578.58,95589.32,95578.58,95589.32,180,78,0
2026.02.27 12:45:00,95567.78,95578.52,95567.78,95578.52,180,78,0
2026.02.27 12:42:00,95556.98,95567.72,95556.98,95567.72,180,78,0
2026.02.27 12:39:00,95546.18,95556.92,95546.18,95556.92,180,78,0
2026.02.27 12:36:00,95535.38,95546.12,95535.38,95546.12,180,78,0
2026.02.27 12:33:00,95524.58,95535.32,95524.58,95535.32,180,78,0
2026.02.27 12:30:00,95513.78,95524.52,95513.78,95524.52,180,78,0
2026.02.27 12:27:00,95525.90,95534.96,95512.10,95513.72,180,78,0
2026.02.27 12:24:00,95515.10,95525.84,95515.10,95525.84,180,78,0
2026.02.27 12:21:00,95504.30,95515.04,95504.30,95515.04,180,78,0
2026.02.27 12:18:00,95493.50,95504.24,95493.50,95504.24,180,78,0
2026.02.27 12:15:00,95482.70,95493.44,95482.70,95493.44,180,78,0
2026.02.27 12:12:00,95485.13,95489.63,95476.46,95482.64,180,78,0
2026.02.27 12:09:00,95525.87,95530.25,95479.01,95485.07,180,78,0
2026.02.27 12:06:00,95515.07,95525.81,95515.07,95525.81,180,78,0
2026.02.27 12:03:00,95518.44,95518.98,95504.87,95515.01,180,78,0
2026.02.27 12:00:00,95507.64,95518.38,95507.64,95518.38,180,78,0
2026.02.27 11:57:00,95496.84,95507.58,95496.84,95507.58,180,78,0
2026.02.27 11:54:00,95503.87,95505.01,95487.24,95496.78,180,78,0
2026.02.27 11:51:00,95493.07,95503.81,95493.07,95503.81,180,78,0
2026.02.27 11:48:00,95496.57,95496.57,95482.33,95493.01,180,78,0
2026.02.27 11:45:00,95546.56,95548.00,95493.09,95496.51,180,78,0
2026.02.27 11:42:00,95535.76,95546.50,95535.76,95546.50,180,78,0
2026.02.27 11:39:00,95524.96,95535.70,95524.96,95535.70,180,78,0
2026.02.27 11:36:00,95514.16,95524.90,95514.16,95524.90,180,78,0
2026.02.27 11:33:00,95503.36,95514.10,95503.36,95514.10,180,78,0
2026.02.27 11:30:00,95520.85,95524.93,95496.70,95503.30,180,78,0
2026.02.27 11:27:00,95510.05,95520.79,95510.05,95520.79,180,78,0
2026.02.27 11:24:00,95499.25,95509.99,95499.25,95509.99,180,78,0
2026.02.27 11:21:00,95544.35,95546.57,95496.73,95499.19,180,78,0
2026.02.27 11:18:00,95533.55,95544.29,95533.55,95544.29,180,78,0
2026.02.27 11:15:00,95522.75,95533.49,95522.75,95533.49,180,78,0
2026.02.27 11:12:00,95542.85,95544.35,95513.51,95522.69,180,78,0
2026.02.27 11:09:00,95532.05,95542.79,95532.05,95542.79,180,78,0
2026.02.27 11:06:00,95521.25,95531.99,95521.25,95531.99,180,78,0
2026.02.27 11:03:00,95510.45,95521.19,95510.45,95521.19,180,78,0
2026.02.27 11:00:00,95522.58,95531.82,95508.95,95510.39,180,78,0
2026.02.27 10:57:00,95524.92,95535.12,95522.04,95522.52,180,78,0
2026.02.27 10:54:00,95514.12,95524.86,95514.12,95524.86,180,78,0
2026.02.27 10:51:00,95503.32,95514.06,95503.32,95514.06,180,78,0
2026.02.27 10:48:00,95510.73,95511.81,95493.66,95503.26,180,78,0
2026.02.27 10:45:00,95524.69,95529.49,95504.79,95510.67,180,78,0
2026.02.27 10:42:00,95513.89,95524.63,95513.89,95524.63,180,78,0
2026.02.27 10:39:00,95515.55,95520.23,95507.83,95513.83,180,78,0
2026.02.27 10:36:00,95525.06,95533.10,95512.85,95515.49,180,78,0
2026.02.27 10:33:00,95514.26,95525.00,95514.26,95525.00,180,78,0
2026.02.27 10:30:00,95503.46,95514.20,95503.46,95514.20,180,78,0
2026.02.27 10:27:00,95492.66,95503.40,95492.66,95503.40,180,78,0
2026.02.27 10:24:00,95497.38,95507.46,95492.00,95492.60,180,78,0
2026.02.27 10:21:00,95486.58,95497.32,95486.58,95497.32,180,78,0
2026.02.27 10:18:00,95497.16,95501.18,95479.86,95486.52,180,78,0
2026.02.27 10:15:00,95486.36,95497.10,95486.36,95497.10,180,78,0
2026.02.27 10:12:00,95517.21,95518.29,95476.70,95486.30,180,78,0
2026.02.27 10:09:00,95540.31,95545.89,95512.05,95517.15,180,78,0
2026.02.27 10:06:00,95529.51,95540.25,95529.51,95540.25,180,78,0
2026.02.27 10:03:00,95558.47,95562.43,95522.73,95529.45,180,78,0
2026.02.27 10:00:00,95547.67,95558.41,95547.67,95558.41,180,78,0
2026.02.27 09:57:00,95608.30,95610.46,95543.71,95547.61,180,78,0
2026.02.27 09:54:00,95597.50,95608.24,95597.50,95608.24,180,78,0
2026.02.27 09:51:00,95614.62,95617.26,95589.40,95597.44,180,78,0
2026.02.27 09:48:00,95623.24,95631.94,95612.58,95614.56,180,78,0
2026.02.27 09:45:00,95628.45,95631.57,95615.62,95623.18,180,78,0
2026.02.27 09:42:00,95617.65,95628.39,95617.65,95628.39,180,78,0
2026.02.27 09:39:00,95606.85,95617.59,95606.85,95617.59,180,78,0
2026.02.27 09:36:00,95596.05,95606.79,95596.05,95606.79,180,78,0
2026.02.27 09:33:00,95585.25,95595.99,95585.25,95595.99,180,78,0
2026.02.27 09:30:00,95622.62,95629.52,95583.39,95585.19,180,78,0
2026.02.27 09:27:00,95611.82,95622.56,95611.82,95622.56,180,78,0
2026.02.27 09:24:00,95601.02,95611.76,95601.02,95611.76,180,78,0
2026.02.27 09:21:00,95590.22,95600.96,95590.22,95600.96,180,78,0
2026.02.27 09:18:00,95629.78,95633.08,95589.56,95590.16,180,78,0
2026.02.27 09:15:00,95618.98,95629.72,95618.98,95629.72,180,78,0
2026.02.27 09:12:00,95622.71,95623.19,95608.72,95618.92,180,78,0
2026.02.27 09:09:00,95611.91,95622.65,95611.91,95622.65,180,78,0
2026.02.27 09:06:00,95601.11,95611.85,95601.11,95611.85,180,78,0
2026.02.27 09:03:00,95590.31,95601.05,95590.31,95601.05,180,78,0
2026.02.27 09:00:00,95579.51,95590.25,95579.51,95590.25,180,78,0
2026.02.27 08:57:00,95568.71,95579.45,95568.71,95579.45,180,78,0
2026.02.27 08:54:00,95557.91,95568.65,95557.91,95568.65,180,78,0
2026.02.27 08:51:00,95572.74,95579.52,95553.95,95557.85,180,78,0
2026.02.27 08:48:00,95561.94,95572.68,95561.94,95572.68,180,78,0
2026.02.27 08:45:00,95551.14,95561.88,95551.14,95561.88,180,78,0
2026.02.27 08:42:00,95540.34,95551.08,95540.34,95551.08,180,78,0
2026.02.27 08:39:00,95563.34,95570.54,95536.80,95540.28,180,78,0
2026.02.27 08:36:00,95574.48,95581.14,95559.26,95563.28,180,78,0
2026.02.27 08:33:00,95563.68,95574.42,95563.68,95574.42,180,78,0
2026.02.27 08:30:00,95569.19,95572.37,95556.12,95563.62,180,78,0
2026.02.27 08:27:00,95558.39,95569.13,95558.39,95569.13,180,78,0
2026.02.27 08:24:00,95566.07,95568.35,95549.93,95558.33,180,78,0
2026.02.27 08:21:00,95555.27,95566.01,95555.27,95566.01,180,78,0
2026.02.27 08:18:00,95544.47,95555.21,95544.47,95555.21,180,78,0
2026.02.27 08:15:00,95533.67,95544.41,95533.67,95544.41,180,78,0
2026.02.27 08:12:00,95522.87,95533.61,95522.87,95533.61,180,78,0
2026.02.27 08:09:00,95536.20,95544.78,95520.71,95522.81,180,78,0
2026.02.27 08:06:00,95583.09,95588.49,95533.02,95536.14,180,78,0
2026.02.27 08:03:00,95572.29,95583.03,95572.29,95583.03,180,78,0
2026.02.27 08:00:00,95561.49,95572.23,95561.49,95572.23,180,78,0
2026.02.27 07:57:00,95580.40,95582.38,95552.73,95561.43,180,78,0
2026.02.27 07:54:00,95569.60,95580.34,95569.60,95580.34,180,78,0
2026.02.27 07:51:00,95601.26,95602.52,95562.22,95569.54,180,78,0
2026.02.27 07:48:00,95625.79,95630.77,95595.50,95601.20,180,78,0
2026.02.27 07:45:00,95614.99,95625.73,95614.99,95625.73,180,78,0
2026.02.27 07:42:00,95630.34,95640.78,95614.69,95614.93,180,78,0
2026.02.27 07:39:00,95640.76,95646.04,95624.88,95630.28,180,78,0
2026.02.27 07:36:00,95629.96,95640.70,95629.96,95640.70,180,78,0
2026.02.27 07:33:00,95619.10,95629.90,95619.10,95629.90,181,78,0
2026.02.27 07:30:00,95608.30,95619.04,95608.30,95619.04,180,78,0
2026.02.27 07:27:00,95597.50,95608.24,95597.50,95608.24,180,78,0
2026.02.27 07:24:00,95586.76,95597.44,95586.76,95597.44,179,78,0
2026.02.27 07:21:00,95575.96,95586.70,95575.96,95586.70,180,78,0
2026.02.27 07:18:00,95565.16,95575.90,95565.16,95575.90,180,78,0
2026.02.27 07:15:00,95554.36,95565.10,95554.36,95565.10,180,78,0
2026.02.27 07:12:00,95543.56,95554.30,95543.56,95554.30,180,78,0
2026.02.27 07:09:00,95592.60,95594.10,95538.10,95543.50,180,78,0
2026.02.27 07:06:00,95581.80,95592.54,95581.80,95592.54,180,78,0
2026.02.27 07:03:00,95571.00,95581.74,95571.00,95581.74,180,78,0
2026.02.27 07:00:00,95560.20,95570.94,95560.20,95570.94,180,78,0
2026.02.27 06:57:00,95574.55,95584.33,95559.24,95560.14,180,78,0
2026.02.27 06:54:00,95606.18,95607.38,95568.25,95574.49,180,78,0
2026.02.27 06:51:00,95595.38,95606.12,95595.38,95606.12,180,78,0
2026.02.27 06:48:00,95613.15,95613.69,95585.18,95595.32,180,78,0
2026.02.27 06:45:00,95602.35,95613.09,95602.35,95613.09,180,78,0
2026.02.27 06:42:00,95591.55,95602.29,95591.55,95602.29,180,78,0
2026.02.27 06:39:00,95580.75,95591.49,95580.75,95591.49,180,78,0
2026.02.27 06:36:00,95569.95,95580.69,95569.95,95580.69,180,78,0
2026.02.27 06:33:00,95559.15,95569.89,95559.15,95569.89,180,78,0
2026.02.27 06:30:00,95605.25,95606.15,95558.73,95559.09,180,78,0
2026.02.27 06:27:00,95594.45,95605.19,95594.45,95605.19,180,78,0
2026.02.27 06:24:00,95583.65,95594.39,95583.65,95594.39,180,78,0
2026.02.27 06:21:00,95572.85,95583.59,95572.85,95583.59,180,78,0
2026.02.27 06:18:00,95562.05,95572.79,95562.05,95572.79,180,78,0
2026.02.27 06:15:00,95567.40,95570.46,95554.37,95561.99,180,78,0
2026.02.27 06:12:00,95556.60,95567.34,95556.60,95567.34,180,78,0
2026.02.27 06:09:00,95545.80,95556.54,95545.80,95556.54,180,78,0
2026.02.27 06:06:00,95555.48,95556.80,95536.38,95545.74,180,78,0
2026.02.27 06:03:00,95544.68,95555.42,95544.68,95555.42,180,78,0
2026.02.27 06:00:00,95533.88,95544.62,95533.88,95544.62,180,78,0
2026.02.27 05:57:00,95523.08,95533.82,95523.08,95533.82,180,78,0
2026.02.27 05:54:00,95512.28,95523.02,95512.28,95523.02,180,78,0
2026.02.27 05:51:00,95501.48,95512.22,95501.48,95512.22,180,78,0
2026.02.27 05:48:00,95490.68,95501.42,95490.68,95501.42,180,78,0
2026.02.27 05:45:00,95499.76,95504.26,95484.44,95490.62,180,78,0
2026.02.27 05:42:00,95488.96,95499.70,95488.96,95499.70,180,78,0
2026.02.27 05:39:00,95545.85,95551.01,95485.00,95488.90,180,78,0
2026.02.27 05:36:00,95550.70,95551.00,95535.41,95545.79,180,78,0
2026.02.27 05:33:00,95539.90,95550.64,95539.90,95550.64,180,78,0
2026.02.27 05:30:00,95529.10,95539.84,95529.10,95539.84,180,78,0
2026.02.27 05:27:00,95518.30,95529.04,95518.30,95529.04,180,78,0
2026.02.27 05:24:00,95507.50,95518.24,95507.50,95518.24,180,78,0
2026.02.27 05:21:00,95545.63,95552.41,95504.86,95507.44,180,78,0
2026.02.27 05:18:00,95534.83,95545.57,95534.83,95545.57,180,78,0
2026.02.27 05:15:00,95524.03,95534.77,95524.03,95534.77,180,78,0
2026.02.27 05:12:00,95513.23,95523.97,95513.23,95523.97,180,78,0
2026.02.27 05:09:00,95502.43,95513.17,95502.43,95513.17,180,78,0
2026.02.27 05:06:00,95491.63,95502.37,95491.63,95502.37,180,78,0
2026.02.27 05:03:00,95480.83,95491.57,95480.83,95491.57,180,78,0
2026.02.27 05:00:00,95470.03,95480.77,95470.03,95480.77,180,78,0
2026.02.27 04:57:00,95459.23,95469.97,95459.23,95469.97,180,78,0
2026.02.27 04:54:00,95479.79,95486.51,95455.21,95459.17,180,78,0
2026.02.27 04:51:00,95497.08,95500.98,95477.45,95479.73,180,78,0
2026.02.27 04:48:00,95486.28,95497.02,95486.28,95497.02,180,78,0
2026.02.27 04:45:00,95510.00,95516.60,95482.14,95486.22,180,78,0
2026.02.27 04:42:00,95499.20,95509.94,95499.20,95509.94,180,78,0
2026.02.27 04:39:00,95509.96,95519.08,95497.58,95499.14,180,78,0
2026.02.27 04:36:00,95499.16,95509.90,95499.16,95509.90,180,78,0
2026.02.27 04:33:00,95488.36,95499.10,95488.36,95499.10,180,78,0
2026.02.27 04:30:00,95477.56,95488.30,95477.56,95488.30,180,78,0
2026.02.27 04:27:00,95494.58,95499.98,95472.22,95477.50,180,78,0
2026.02.27 04:24:00,95483.78,95494.52,95483.78,95494.52,180,78,0
2026.02.27 04:21:00,95491.31,95494.31,95476.04,95483.72,180,78,0
2026.02.27 04:18:00,95480.51,95491.25,95480.51,95491.25,180,78,0
2026.02.27 04:15:00,95469.71,95480.45,95469.71,95480.45,180,78,0
2026.02.27 04:12:00,95458.91,95469.65,95458.91,95469.65,180,78,0
2026.02.27 04:09:00,95473.11,95482.95,95458.01,95458.85,180,78,0
2026.02.27 04:06:00,95462.31,95473.05,95462.31,95473.05,180,78,0
2026.02.27 04:03:00,95478.42,95483.64,95456.79,95462.25,180,78,0
2026.02.27 04:00:00,95467.62,95478.36,95467.62,95478.36,180,78,0
2026.02.27 03:57:00,95456.82,95467.56,95456.82,95467.56,180,78,0
2026.02.27 03:54:00,95446.02,95456.76,95446.02,95456.76,180,78,0
2026.02.27 03:51:00,95456.64,95458.56,95437.20,95445.96,180,78,0
2026.02.27 03:48:00,95445.84,95456.58,95445.84,95456.58,180,78,0
2026.02.27 03:45:00,95435.04,95445.78,95435.04,95445.78,180,78,0
2026.02.27 03:42:00,95464.41,95468.73,95428.62,95434.98,180,78,0
2026.02.27 03:39:00,95453.61,95464.35,95453.61,95464.35,180,78,0
2026.02.27 03:36:00,95467.40,95471.12,95446.59,95453.55,180,78,0
2026.02.27 03:33:00,95456.60,95467.34,95456.60,95467.34,180,78,0
2026.02.27 03:30:00,95445.80,95456.54,95445.80,95456.54,180,78,0
2026.02.27 03:27:00,95435.00,95445.74,95435.00,95445.74,180,78,0
2026.02.27 03:24:00,95424.20,95434.94,95424.20,95434.94,180,78,0
2026.02.27 03:21:00,95458.82,95461.76,95418.50,95424.14,180,78,0
2026.02.27 03:18:00,95448.02,95458.76,95448.02,95458.76,180,78,0
2026.02.27 03:15:00,95437.22,95447.96,95437.22,95447.96,180,78,0
2026.02.27 03:12:00,95451.26,95456.42,95431.64,95437.16,180,78,0
2026.02.27 03:09:00,95440.46,95451.20,95440.46,95451.20,180,78,0
2026.02.27 03:06:00,95429.66,95440.40,95429.66,95440.40,180,78,0
2026.02.27 03:03:00,95418.86,95429.60,95418.86,95429.60,180,78,0
2026.02.27 03:00:00,95424.06,95430.90,95414.96,95418.80,180,78,0
2026.02.27 02:57:00,95439.40,95443.06,95416.98,95424.00,180,78,0
2026.02.27 02:54:00,95428.60,95439.34,95428.60,95439.34,180,78,0
2026.02.27 02:51:00,95417.80,95428.54,95417.80,95428.54,180,78,0
2026.02.27 02:48:00,95440.59,95443.95,95410.42,95417.74,180,78,0
2026.02.27 02:45:00,95429.79,95440.53,95429.79,95440.53,180,78,0
2026.02.27 02:42:00,95472.54,95478.06,95424.57,95429.73,180,78,0
2026.02.27 02:39:00,95461.74,95472.48,95461.74,95472.48,180,78,0
2026.02.27 02:36:00,95464.17,95471.97,95458.80,95461.68,180,78,0
2026.02.27 02:33:00,95453.37,95464.11,95453.37,95464.11,180,78,0
2026.02.27 02:30:00,95472.44,95477.60,95447.79,95453.31,180,78,0
2026.02.27 02:27:00,95474.36,95474.42,95461.76,95472.38,180,78,0
2026.02.27 02:24:00,95463.56,95474.30,95463.56,95474.30,180,78,0
2026.02.27 02:21:00,95466.84,95468.16,95454.14,95463.50,180,78,0
2026.02.27 02:18:00,95456.04,95466.78,95456.04,95466.78,180,78,0
2026.02.27 02:15:00,95445.24,95455.98,95445.24,95455.98,180,78,0
2026.02.27 02:12:00,95434.44,95445.18,95434.44,95445.18,180,78,0
2026.02.27 02:09:00,95423.64,95434.38,95423.64,95434.38,180,78,0
2026.02.27 02:06:00,95433.42,95437.62,95417.10,95423.58,180,78,0
2026.02.27 02:03:00,95422.62,95433.36,95422.62,95433.36,180,78,0
2026.02.27 02:00:00,95450.71,95454.43,95415.60,95422.56,180,78,0
2026.02.27 01:57:00,95482.43,95490.29,95450.65,95450.65,180,78,0
2026.02.27 01:54:00,95471.63,95482.37,95471.63,95482.37,180,78,0
2026.02.27 01:51:00,95492.05,95496.31,95465.15,95471.57,180,78,0
2026.02.27 01:48:00,95481.25,95491.99,95481.25,95491.99,180,78,0
2026.02.27 01:45:00,95470.45,95481.19,95470.45,95481.19,180,78,0
2026.02.27 01:42:00,95459.65,95470.39,95459.65,95470.39,180,78,0
2026.02.27 01:39:00,95448.85,95459.59,95448.85,95459.59,180,78,0
2026.02.27 01:36:00,95438.05,95448.79,95438.05,95448.79,180,78,0
2026.02.27 01:33:00,95442.78,95446.32,95430.85,95437.99,180,78,0
2026.02.27 01:30:00,95431.98,95442.72,95431.98,95442.72,180,78,0
2026.02.27 01:27:00,95421.18,95431.92,95421.18,95431.92,180,78,0
2026.02.27 01:24:00,95410.38,95421.12,95410.38,95421.12,180,78,0
2026.02.27 01:21:00,95419.70,95427.62,95407.56,95410.32,180,78,0
2026.02.27 01:18:00,95408.90,95419.64,95408.90,95419.64,180,78,0
2026.02.27 01:15:00,95398.10,95408.84,95398.10,95408.84,180,78,0
2026.02.27 01:12:00,95387.30,95398.04,95387.30,95398.04,180,78,0
2026.02.27 01:09:00,95414.17,95414.53,95376.92,95387.24,180,78,0
2026.02.27 01:06:00,95403.37,95414.11,95403.37,95414.11,180,78,0
2026.02.27 01:03:00,95392.57,95403.31,95392.57,95403.31,180,78,0
2026.02.27 01:00:00,95404.98,95406.78,95383.63,95392.51,180,78,0
2026.02.27 00:57:00,95394.18,95404.92,95394.18,95404.92,180,78,0
2026.02.27 00:54:00,95399.40,95404.68,95388.72,95394.12,180,78,0
2026.02.27 00:51:00,95388.60,95399.34,95388.60,95399.34,180,78,0
2026.02.27 00:48:00,95390.95,95397.13,95384.04,95388.54,180,78,0
2026.02.27 00:45:00,95380.15,95390.89,95380.15,95390.89,180,78,0
2026.02.27 00:42:00,95369.35,95380.09,95369.35,95380.09,180,78,0
2026.02.27 00:39:00,95358.55,95369.29,95358.55,95369.29,180,78,0
2026.02.27 00:36:00,95347.75,95358.49,95347.75,95358.49,180,78,0
2026.02.27 00:33:00,95336.95,95347.69,95336.95,95347.69,180,78,0
2026.02.27 00:30:00,95326.15,95336.89,95326.15,95336.89,180,78,0
2026.02.27 00:27:00,95315.35,95326.09,95315.35,95326.09,180,78,0
2026.02.27 00:24:00,95319.96,95330.04,95314.69,95315.29,180,78,0
2026.02.27 00:21:00,95309.16,95319.90,95309.16,95319.90,180,78,0
2026.02.27 00:18:00,95298.36,95309.10,95298.36,95309.10,180,78,0
2026.02.27 00:15:00,95366.00,95368.22,95297.28,95298.30,180,78,0
2026.02.27 00:12:00,95372.89,95372.89,95355.26,95365.94,180,78,0
2026.02.27 00:09:00,95362.09,95372.83,95362.09,95372.83,180,78,0
2026.02.27 00:06:00,95351.29,95362.03,95351.29,95362.03,180,78,0
2026.02.27 00:03:00,95340.49,95351.23,95340.49,95351.23,180,78,0
2026.02.27 00:00:00,95329.69,95340.43,95329.69,95340.43,180,78,0
2026.02.26 23:57:00,95318.89,95329.63,95318.89,95329.63,180,78,0
2026.02.26 23:54:00,95346.60,95351.28,95312.83,95318.83,180,78,0
2026.02.26 23:51:00,95335.80,95346.54,95335.80,95346.54,180,78,0
2026.02.26 23:48:00,95325.00,95335.74,95325.00,95335.74,180,78,0
2026.02.26 23:45:00,95314.20,95324.94,95314.20,95324.94,180,78,0
2026.02.26 23:42:00,95326.76,95335.28,95311.98,95314.14,180,78,0
2026.02.26 23:39:00,95315.96,95326.70,95315.96,95326.70,180,78,0
2026.02.26 23:36:00,95305.16,95315.90,95305.16,95315.90,180,78,0
2026.02.26 23:33:00,95294.36,95305.10,95294.36,95305.10,180,78,0
2026.02.26 23:30:00,95303.85,95306.01,95285.78,95294.30,180,78,0
2026.02.26 23:27:00,95316.80,95318.00,95294.31,95303.79,180,78,0
2026.02.26 23:24:00,95321.54,95327.36,95311.88,95316.74,180,78,0
2026.02.26 23:21:00,95339.48,95342.66,95313.98,95321.48,180,78,0
2026.02.26 23:18:00,95373.08,95380.88,95336.54,95339.42,180,78,0
2026.02.26 23:15:00,95377.58,95382.08,95366.84,95373.02,180,78,0
2026.02.26 23:12:00,95366.78,95377.52,95366.78,95377.52,180,78,0
2026.02.26 23:09:00,95355.98,95366.72,95355.98,95366.72,180,78,0
2026.02.26 23:06:00,95345.18,95355.92,95345.18,95355.92,180,78,0
2026.02.26 23:03:00,95334.38,95345.12,95334.38,95345.12,180,78,0
2026.02.26 23:00:00,95323.58,95334.32,95323.58,95334.32,180,78,0
2026.02.26 22:57:00,95363.30,95366.84,95316.38,95323.52,180,78,0
2026.02.26 22:54:00,95374.09,95378.29,95356.76,95363.24,180,78,0
2026.02.26 22:51:00,95363.29,95374.03,95363.29,95374.03,180,78,0
2026.02.26 22:48:00,95352.49,95363.23,95352.49,95363.23,180,78,0
2026.02.26 22:45:00,95357.05,95366.17,95350.87,95352.43,180,78,0
2026.02.26 22:42:00,95358.58,95367.28,95355.01,95356.99,180,78,0
2026.02.26 22:39:00,95347.78,95358.52,95347.78,95358.52,180,78,0
2026.02.26 22:36:00,95336.98,95347.72,95336.98,95347.72,180,78,0
2026.02.26 22:33:00,95338.85,95348.57,95335.96,95336.92,180,78,0
2026.02.26 22:30:00,95328.05,95338.79,95328.05,95338.79,180,78,0
2026.02.26 22:27:00,95317.25,95327.99,95317.25,95327.99,180,78,0
2026.02.26 22:24:00,95306.45,95317.19,95306.45,95317.19,180,78,0
2026.02.26 22:21:00,95311.28,95320.46,95304.89,95306.39,180,78,0
2026.02.26 22:18:00,95300.48,95311.22,95300.48,95311.22,180,78,0
2026.02.26 22:15:00,95313.81,95313.87,95289.80,95300.42,180,78,0
2026.02.26 22:12:00,95303.01,95313.75,95303.01,95313.75,180,78,0
2026.02.26 22:09:00,95317.84,95322.94,95297.37,95302.95,180,78,0
2026.02.26 22:06:00,95335.81,95338.39,95309.68,95317.78,180,78,0
2026.02.26 22:03:00,95325.01,95335.75,95325.01,95335.75,180,78,0
2026.02.26 22:00:00,95314.21,95324.95,95314.21,95324.95,180,78,0
2026.02.26 21:57:00,95303.41,95314.15,95303.41,95314.15,180,78,0
2026.02.26 21:54:00,95318.18,95325.44,95299.93,95303.35,180,78,0
2026.02.26 21:51:00,95321.09,95323.73,95310.08,95318.12,180,78,0
2026.02.26 21:48:00,95310.29,95321.03,95310.29,95321.03,180,78,0
2026.02.26 21:45:00,95299.49,95310.23,95299.49,95310.23,180,78,0
2026.02.26 21:42:00,95288.69,95299.43,95288.69,95299.43,180,78,0
2026.02.26 21:39:00,95302.13,95311.55,95287.37,95288.63,180,78,0
2026.02.26 21:36:00,95291.33,95302.07,95291.33,95302.07,180,78,0
2026.02.26 21:33:00,95280.53,95291.27,95280.53,95291.27,180,78,0
2026.02.26 21:30:00,95346.53,95349.95,95279.33,95280.47,180,78,0
2026.02.26 21:27:00,95353.91,95362.25,95344.13,95346.47,180,78,0
2026.02.26 21:24:00,95343.11,95353.85,95343.11,95353.85,180,78,0
2026.02.26 21:21:00,95332.31,95343.05,95332.31,95343.05,180,78,0
2026.02.26 21:18:00,95358.18,95358.60,95321.99,95332.25,180,78,0
2026.02.26 21:15:00,95347.38,95358.12,95347.38,95358.12,180,78,0
2026.02.26 21:12:00,95336.58,95347.32,95336.58,95347.32,180,78,0
2026.02.26 21:09:00,95325.78,95336.52,95325.78,95336.52,180,78,0
2026.02.26 21:06:00,95314.98,95325.72,95314.98,95325.72,180,78,0
2026.02.26 21:03:00,95304.18,95314.92,95304.18,95314.92,180,78,0
2026.02.26 21:00:00,95293.38,95304.12,95293.38,95304.12,180,78,0
2026.02.26 20:57:00,95282.58,95293.32,95282.58,95293.32,180,78,0
2026.02.26 20:54:00,95318.04,95322.12,95282.22,95282.52,180,78,0
2026.02.26 20:51:00,95307.24,95317.98,95307.24,95317.98,180,78,0
2026.02.26 20:48:00,95296.44,95307.18,95296.44,95307.18,180,78,0
2026.02.26 20:45:00,95313.52,95317.42,95290.14,95296.38,180,78,0
2026.02.26 20:42:00,95302.72,95313.46,95302.72,95313.46,180,78,0
2026.02.26 20:39:00,95291.92,95302.66,95291.92,95302.66,180,78,0
2026.02.26 20:36:00,95281.12,95291.86,95281.12,95291.86,180,78,0
2026.02.26 20:33:00,95270.32,95281.06,95270.32,95281.06,180,78,0
2026.02.26 20:30:00,95259.52,95270.26,95259.52,95270.26,180,78,0
2026.02.26 20:27:00,95280.77,95284.79,95252.80,95259.46,180,78,0
2026.02.26 20:24:00,95293.94,95296.10,95272.19,95280.71,180,78,0
2026.02.26 20:21:00,95283.14,95293.88,95283.14,95293.88,180,78,0
2026.02.26 20:18:00,95272.34,95283.08,95272.34,95283.08,180,78,0
2026.02.26 20:15:00,95302.25,95310.47,95269.82,95272.28,180,78,0
2026.02.26 20:12:00,95354.84,95355.80,95298.83,95302.19,180,78,0
2026.02.26 20:09:00,95344.04,95354.78,95344.04,95354.78,180,78,0
2026.02.26 20:06:00,95352.98,95360.96,95341.28,95343.98,180,78,0
2026.02.26 20:03:00,95372.56,95380.72,95350.40,95352.92,180,78,0
2026.02.26 20:00:00,95361.76,95372.50,95361.76,95372.50,180,78,0
2026.02.26 19:57:00,95391.63,95398.41,95376.99,95380.89,180,78,0
2026.02.26 19:54:00,95380.83,95391.57,95380.83,95391.57,180,78,0
2026.02.26 19:51:00,95370.03,95380.77,95370.03,95380.77,180,78,0
2026.02.26 19:48:00,95359.23,95369.97,95359.23,95369.97,180,78,0
2026.02.26 19:45:00,95380.37,95387.75,95355.87,95359.17,180,78,0
2026.02.26 19:42:00,95415.12,95415.48,95372.57,95380.31,180,78,0
2026.02.26 19:39:00,95404.32,95415.06,95404.32,95415.06,180,78,0
2026.02.26 19:36:00,95425.48,95429.74,95397.84,95404.26,180,78,0
2026.02.26 19:33:00,95414.68,95425.42,95414.68,95425.42,180,78,0
2026.02.26 19:30:00,95403.88,95414.62,95403.88,95414.62,180,78,0
2026.02.26 19:27:00,95393.08,95403.82,95393.08,95403.82,180,78,0
2026.02.26 19:24:00,95382.28,95393.02,95382.28,95393.02,180,78,0
2026.02.26 19:21:00,95371.48,95382.22,95371.48,95382.22,180,78,0
2026.02.26 19:18:00,95360.68,95371.42,95360.68,95371.42,180,78,0
2026.02.26 19:15:00,95349.88,95360.62,95349.88,95360.62,180,78,0
2026.02.26 19:12:00,95339.08,95349.82,95339.08,95349.82,180,78,0
2026.02.26 19:09:00,95362.06,95372.56,95338.84,95339.02,180,78,0
2026.02.26 19:06:00,95382.28,95383.54,95352.58,95362.00,180,78,0
2026.02.26 19:03:00,95384.33,95385.23,95372.44,95382.22,180,78,0
2026.02.26 19:00:00,95463.73,95465.41,95380.91,95384.27,180,78,0
2026.02.26 18:57:00,95452.93,95463.67,95452.93,95463.67,180,78,0
2026.02.26 18:54:00,95442.13,95452.87,95442.13,95452.87,180,78,0
2026.02.26 18:51:00,95431.33,95442.07,95431.33,95442.07,180,78,0
2026.02.26 18:48:00,95420.53,95431.27,95420.53,95431.27,180,78,0
2026.02.26 18:45:00,95409.73,95420.47,95409.73,95420.47,180,78,0
2026.02.26 18:42:00,95398.93,95409.67,95398.93,95409.67,180,78,0
2026.02.26 18:39:00,95420.39,95429.27,95397.07,95398.87,180,78,0
2026.02.26 18:36:00,95432.00,95432.60,95410.25,95420.33,180,78,0
2026.02.26 18:33:00,95421.20,95431.94,95421.20,95431.94,180,78,0
2026.02.26 18:30:00,95410.40,95421.14,95410.40,95421.14,180,78,0
2026.02.26 18:27:00,95399.60,95410.34,95399.60,95410.34,180,78,0
2026.02.26 18:24:00,95388.80,95399.54,95388.80,95399.54,180,78,0
2026.02.26 18:21:00,95378.00,95388.74,95378.00,95388.74,180,78,0
2026.02.26 18:18:00,95379.30,95387.82,95375.78,95377.94,180,78,0
2026.02.26 18:15:00,95368.50,95379.24,95368.50,95379.24,180,78,0
2026.02.26 18:12:00,95397.04,95405.50,95366.22,95368.44,180,78,0
2026.02.26 18:09:00,95386.24,95396.98,95386.24,95396.98,180,78,0
2026.02.26 18:06:00,95432.90,95443.22,95386.18,95386.18,180,78,0
2026.02.26 18:03:00,95461.63,95464.81,95428.16,95432.84,180,78,0
2026.02.26 18:00:00,95450.83,95461.57,95450.83,95461.57,180,78,0
2026.02.26 17:57:00,95462.83,95469.85,95447.11,95450.77,180,78,0
2026.02.26 17:54:00,95452.03,95462.77,95452.03,95462.77,180,78,0
2026.02.26 17:51:00,95441.23,95451.97,95441.23,95451.97,180,78,0
2026.02.26 17:48:00,95447.69,95456.75,95439.55,95441.17,180,78,0
2026.02.26 17:45:00,95478.84,95481.48,95441.09,95447.63,180,78,0
2026.02.26 17:42:00,95468.04,95478.78,95468.04,95478.78,180,78,0
2026.02.26 17:39:00,95475.22,95479.90,95461.98,95467.98,180,78,0
2026.02.26 17:36:00,95464.42,95475.16,95464.42,95475.16,180,78,0
2026.02.26 17:33:00,95453.62,95464.36,95453.62,95464.36,180,78,0
2026.02.26 17:30:00,95442.82,95453.56,95442.82,95453.56,180,78,0
2026.02.26 17:27:00,95467.68,95467.74,95433.22,95442.76,180,78,0
2026.02.26 17:24:00,95456.88,95467.62,95456.88,95467.62,180,78,0
2026.02.26 17:21:00,95446.08,95456.82,95446.08,95456.82,180,78,0
2026.02.26 17:18:00,95435.28,95446.02,95435.28,95446.02,180,78,0
2026.02.26 17:15:00,95424.48,95435.22,95424.48,95435.22,180,78,0
2026.02.26 17:12:00,95413.68,95424.42,95413.68,95424.42,180,78,0
2026.02.26 17:09:00,95417.02,95426.32,95412.24,95413.62,180,78,0
2026.02.26 17:06:00,95406.22,95416.96,95406.22,95416.96,180,78,0
2026.02.26 17:03:00,95395.42,95406.16,95395.42,95406.16,180,78,0
2026.02.26 17:00:00,95384.62,95395.36,95384.62,95395.36,180,78,0
2026.02.26 16:57:00,95373.82,95384.56,95373.82,95384.56,180,78,0
2026.02.26 16:54:00,95363.02,95373.76,95363.02,95373.76,180,78,0
2026.02.26 16:51:00,95376.85,95387.23,95362.66,95362.96,180,78,0
2026.02.26 16:48:00,95366.05,95376.79,95366.05,95376.79,180,78,0
2026.02.26 16:45:00,95367.97,95373.67,95361.01,95365.99,180,78,0
2026.02.26 16:42:00,95357.17,95367.91,95357.17,95367.91,180,78,0
2026.02.26 16:39:00,95358.72,95367.78,95355.49,95357.11,180,78,0
2026.02.26 16:36:00,95387.78,95390.54,95350.74,95358.66,180,78,0
2026.02.26 16:33:00,95400.59,95409.11,95385.56,95387.72,180,78,0
2026.02.26 16:30:00,95389.79,95400.53,95389.79,95400.53,180,78,0
2026.02.26 16:27:00,95398.75,95402.71,95383.01,95389.73,180,78,0
2026.02.26 16:24:00,95402.17,95410.39,95396.23,95398.69,180,78,0
2026.02.26 16:21:00,95391.37,95402.11,95391.37,95402.11,180,78,0
2026.02.26 16:18:00,95380.57,95391.31,95380.57,95391.31,180,78,0
2026.02.26 16:15:00,95394.06,95400.54,95376.31,95380.51,180,78,0
2026.02.26 16:12:00,95406.81,95408.61,95385.12,95394.00,180,78,0
2026.02.26 16:09:00,95414.90,95420.90,95402.07,95406.75,180,78,0
2026.02.26 16:06:00,95446.20,95450.58,95411.00,95414.84,180,78,0
2026.02.26 16:03:00,95435.40,95446.14,95435.40,95446.14,180,78,0
2026.02.26 16:00:00,95424.60,95435.34,95424.60,95435.34,180,78,0
2026.02.26 15:57:00,95413.80,95424.54,95413.80,95424.54,180,78,0
2026.02.26 15:54:00,95403.00,95413.74,95403.00,95413.74,180,78,0
2026.02.26 15:51:00,95474.55,95478.21,95400.96,95402.94,180,78,0
2026.02.26 15:48:00,95463.75,95474.49,95463.75,95474.49,180,78,0
2026.02.26 15:45:00,95495.16,95505.00,95463.15,95463.69,180,78,0
2026.02.26 15:42:00,95484.36,95495.10,95484.36,95495.10,180,78,0
2026.02.26 15:39:00,95473.56,95484.30,95473.56,95484.30,180,78,0
2026.02.26 15:36:00,95478.23,95485.19,95469.78,95473.50,180,78,0
2026.02.26 15:33:00,95486.69,95494.55,95475.35,95478.17,180,78,0
2026.02.26 15:30:00,95518.77,95522.73,95480.93,95486.63,180,78,0
2026.02.26 15:27:00,95507.97,95518.71,95507.97,95518.71,180,78,0
2026.02.26 15:24:00,95497.17,95507.91,95497.17,95507.91,180,78,0
2026.02.26 15:21:00,95512.06,95516.38,95490.75,95497.11,180,78,0
2026.02.26 15:18:00,95501.26,95512.00,95501.26,95512.00,180,78,0
2026.02.26 15:15:00,95509.69,95513.65,95494.48,95501.20,180,78,0
2026.02.26 15:12:00,95511.02,95512.46,95500.39,95509.63,180,78,0
2026.02.26 15:09:00,95500.22,95510.96,95500.22,95510.96,180,78,0
2026.02.26 15:06:00,95536.35,95538.39,95491.52,95500.16,180,78,0
2026.02.26 15:03:00,95546.81,95551.97,95530.77,95536.29,180,78,0
2026.02.26 15:00:00,95536.01,95546.75,95536.01,95546.75,180,78,0
2026.02.26 14:57:00,95525.21,95535.95,95525.21,95535.95,180,78,0
2026.02.26 14:54:00,95514.41,95525.15,95514.41,95525.15,180,78,0
2026.02.26 14:51:00,95503.61,95514.35,95503.61,95514.35,180,78,0
2026.02.26 14:48:00,95492.81,95503.55,95492.81,95503.55,180,78,0
2026.02.26 14:45:00,95518.00,95528.62,95492.69,95492.75,180,78,0
2026.02.26 14:42:00,95507.20,95517.94,95507.20,95517.94,180,78,0
2026.02.26 14:39:00,95510.70,95516.76,95502.52,95507.14,180,78,0
2026.02.26 14:36:00,95537.85,95539.89,95502.72,95510.64,180,78,0
2026.02.26 14:33:00,95527.05,95537.79,95527.05,95537.79,180,78,0
2026.02.26 14:30:00,95516.25,95526.99,95516.25,95526.99,180,78,0
2026.02.26 14:27:00,95505.45,95516.19,95505.45,95516.19,180,78,0
2026.02.26 14:24:00,95494.65,95505.39,95494.65,95505.39,180,78,0
2026.02.26 14:21:00,95514.75,95525.19,95494.35,95494.59,180,78,0
2026.02.26 14:18:00,95503.95,95514.69,95503.95,95514.69,180,78,0
2026.02.26 14:15:00,95493.15,95503.89,95493.15,95503.89,180,78,0
2026.02.26 14:12:00,95482.35,95493.09,95482.35,95493.09,180,78,0
2026.02.26 14:09:00,95471.55,95482.29,95471.55,95482.29,180,78,0
2026.02.26 14:06:00,95460.75,95471.49,95460.75,95471.49,180,78,0
2026.02.26 14:03:00,95449.95,95460.69,95449.95,95460.69,180,78,0
2026.02.26 14:00:00,95466.71,95467.25,95439.75,95449.89,180,78,0
2026.02.26 13:57:00,95455.91,95466.65,95455.91,95466.65,180,78,0
2026.02.26 13:54:00,95458.46,95468.78,95455.49,95455.85,180,78,0
2026.02.26 13:51:00,95447.66,95458.40,95447.66,95458.40,180,78,0
2026.02.26 13:48:00,95454.44,95456.06,95438.54,95447.60,180,78,0
2026.02.26 13:45:00,95443.64,95454.38,95443.64,95454.38,180,78,0
2026.02.26 13:42:00,95432.84,95443.58,95432.84,95443.58,180,78,0
2026.02.26 13:39:00,95422.04,95432.78,95422.04,95432.78,180,78,0
2026.02.26 13:36:00,95411.24,95421.98,95411.24,95421.98,180,78,0
2026.02.26 13:33:00,95414.38,95423.38,95409.50,95411.18,180,78,0
2026.02.26 13:30:00,95423.86,95429.68,95409.46,95414.32,180,78,0
2026.02.26 13:27:00,95438.95,95441.41,95415.58,95423.80,180,78,0
2026.02.26 13:24:00,95428.15,95438.89,95428.15,95438.89,180,78,0
2026.02.26 13:21:00,95417.35,95428.09,95417.35,95428.09,180,78,0
2026.02.26 13:18:00,95406.55,95417.29,95406.55,95417.29,180,78,0
2026.02.26 13:15:00,95395.75,95406.49,95395.75,95406.49,180,78,0
2026.02.26 13:12:00,95384.95,95395.69,95384.95,95395.69,180,78,0
2026.02.26 13:09:00,95374.15,95384.89,95374.15,95384.89,180,78,0
2026.02.26 13:06:00,95363.35,95374.09,95363.35,95374.09,180,78,0
2026.02.26 13:03:00,95352.55,95363.29,95352.55,95363.29,180,78,0
2026.02.26 13:00:00,95374.77,95382.99,95352.19,95352.49,180,78,0
2026.02.26 12:57:00,95395.54,95400.76,95369.25,95374.71,180,78,0
2026.02.26 12:54:00,95384.74,95395.48,95384.74,95395.48,180,78,0
2026.02.26 12:51:00,95392.37,95395.55,95377.18,95384.68,180,78,0
2026.02.26 12:48:00,95410.48,95420.80,95391.95,95392.31,180,78,0
2026.02.26 12:45:00,95416.05,95423.25,95406.94,95410.42,180,78,0
2026.02.26 12:42:00,95447.69,95451.47,95409.09,95415.99,180,78,0
2026.02.26 12:39:00,95436.89,95447.63,95436.89,95447.63,180,78,0
2026.02.26 12:36:00,95426.09,95436.83,95426.09,95436.83,180,78,0
2026.02.26 12:33:00,95415.29,95426.03,95415.29,95426.03,180,78,0
2026.02.26 12:30:00,95404.49,95415.23,95404.49,95415.23,180,78,0
2026.02.26 12:27:00,95393.69,95404.43,95393.69,95404.43,180,78,0
2026.02.26 12:24:00,95396.20,95402.74,95389.49,95393.63,180,78,0
2026.02.26 12:21:00,95385.40,95396.14,95385.40,95396.14,180,78,0
2026.02.26 12:18:00,95374.60,95385.34,95374.60,95385.34,180,78,0
2026.02.26 12:15:00,95363.80,95374.54,95363.80,95374.54,180,78,0
2026.02.26 12:12:00,95368.99,95372.65,95356.72,95363.74,180,78,0
2026.02.26 12:09:00,95389.52,95399.24,95367.97,95368.93,180,78,0
2026.02.26 12:06:00,95378.72,95389.46,95378.72,95389.46,180,78,0
2026.02.26 12:03:00,95367.92,95378.66,95367.92,95378.66,180,78,0
2026.02.26 12:00:00,95379.00,95385.54,95363.72,95367.86,180,78,0
2026.02.26 11:57:00,95404.74,95409.36,95372.88,95378.94,180,78,0
2026.02.26 11:54:00,95393.94,95404.68,95393.94,95404.68,180,78,0
2026.02.26 11:51:00,95383.14,95393.88,95383.14,95393.88,180,78,0
2026.02.26 11:48:00,95413.63,95416.93,95377.62,95383.08,180,78,0
2026.02.26 11:45:00,95402.83,95413.57,95402.83,95413.57,180,78,0
2026.02.26 11:42:00,95392.03,95402.77,95392.03,95402.77,180,78,0
2026.02.26 11:39:00,95381.23,95391.97,95381.23,95391.97,180,78,0
2026.02.26 11:36:00,95370.43,95381.17,95370.43,95381.17,180,78,0
2026.02.26 11:33:00,95359.63,95370.37,95359.63,95370.37,180,78,0
2026.02.26 11:30:00,95348.83,95359.57,95348.83,95359.57,180,78,0
2026.02.26 11:27:00,95338.03,95348.77,95338.03,95348.77,180,78,0
2026.02.26 11:24:00,95327.23,95337.97,95327.23,95337.97,180,78,0
2026.02.26 11:21:00,95316.43,95327.17,95316.43,95327.17,180,78,0
2026.02.26 11:18:00,95341.91,95346.35,95310.13,95316.37,180,78,0
2026.02.26 11:15:00,95386.91,95393.63,95337.95,95341.85,180,78,0
2026.02.26 11:12:00,95376.11,95386.85,95376.11,95386.85,180,78,0
2026.02.26 11:09:00,95380.04,95382.62,95367.95,95376.05,180,78,0
2026.02.26 11:06:00,95369.24,95379.98,95369.24,95379.98,180,78,0
2026.02.26 11:03:00,95384.06,95391.92,95366.36,95369.18,180,78,0
2026.02.26 11:00:00,95373.26,95384.00,95373.26,95384.00,180,78,0
2026.02.26 10:57:00,95362.46,95373.20,95362.46,95373.20,180,78,0
2026.02.26 10:54:00,95351.66,95362.40,95351.66,95362.40,180,78,0
2026.02.26 10:51:00,95340.86,95351.60,95340.86,95351.60,180,78,0
2026.02.26 10:48:00,95344.33,95351.11,95336.90,95340.80,180,78,0
2026.02.26 10:45:00,95333.53,95344.27,95333.53,95344.27,180,78,0
2026.02.26 10:42:00,95322.73,95333.47,95322.73,95333.47,180,78,0
2026.02.26 10:39:00,95331.30,95331.36,95312.05,95322.67,180,78,0
2026.02.26 10:36:00,95387.44,95389.72,95328.48,95331.24,180,78,0
2026.02.26 10:33:00,95400.69,95408.55,95384.56,95387.38,180,78,0
2026.02.26 10:30:00,95389.89,95400.63,95389.89,95400.63,180,78,0
2026.02.26 10:27:00,95379.09,95389.83,95379.09,95389.83,180,78,0
2026.02.26 10:24:00,95368.29,95379.03,95368.29,95379.03,180,78,0
2026.02.26 10:21:00,95357.49,95368.23,95357.49,95368.23,180,78,0
2026.02.26 10:18:00,95346.69,95357.43,95346.69,95357.43,180,78,0
2026.02.26 10:15:00,95403.85,95404.69,95342.91,95346.63,180,78,0
2026.02.26 10:12:00,95393.05,95403.79,95393.05,95403.79,180,78,0
2026.02.26 10:09:00,95382.25,95392.99,95382.25,95392.99,180,78,0
2026.02.26 10:06:00,95371.45,95382.19,95371.45,95382.19,180,78,0
2026.02.26 10:03:00,95409.91,95410.21,95365.33,95371.39,180,78,0
2026.02.26 10:00:00,95399.11,95409.85,95399.11,95409.85,180,78,0
2026.02.26 09:57:00,95421.23,95424.71,95391.85,95399.05,180,78,0
2026.02.26 09:54:00,95424.45,95432.73,95418.77,95421.17,180,78,0
2026.02.26 09:51:00,95460.22,95462.92,95417.79,95424.39,180,78,0
2026.02.26 09:48:00,95466.72,95467.14,95449.90,95460.16,180,78,0
2026.02.26 09:45:00,95455.92,95466.66,95455.92,95466.66,180,78,0
2026.02.26 09:42:00,95462.29,95469.13,95452.02,95455.86,180,78,0
2026.02.26 09:39:00,95451.49,95462.23,95451.49,95462.23,180,78,0
2026.02.26 09:36:00,95440.69,95451.43,95440.69,95451.43,180,78,0
2026.02.26 09:33:00,95430.25,95440.63,95430.25,95440.63,174,78,0
2026.02.26 09:30:00,95419.45,95430.19,95419.45,95430.19,180,78,0
2026.02.26 09:27:00,95408.65,95419.39,95408.65,95419.39,180,78,0
2026.02.26 09:24:00,95397.85,95408.59,95397.85,95408.59,180,78,0
2026.02.26 09:21:00,95424.98,95429.30,95391.43,95397.79,180,78,0
2026.02.26 09:18:00,95414.18,95424.92,95414.18,95424.92,180,78,0
2026.02.26 09:15:00,95403.38,95414.12,95403.38,95414.12,180,78,0
2026.02.26 09:12:00,95392.58,95403.32,95392.58,95403.32,180,78,0
2026.02.26 09:09:00,95381.78,95392.52,95381.78,95392.52,180,78,0
2026.02.26 09:06:00,95370.98,95381.72,95370.98,95381.72,180,78,0
2026.02.26 09:03:00,95414.60,95417.42,95363.36,95370.92,180,78,0
2026.02.26 09:00:00,95428.16,95433.38,95409.08,95414.54,180,78,0
2026.02.26 08:57:00,95417.36,95428.10,95417.36,95428.10,180,78,0
2026.02.26 08:54:00,95406.56,95417.30,95406.56,95417.30,180,78,0
2026.02.26 08:51:00,95395.76,95406.50,95395.76,95406.50,180,78,0
2026.02.26 08:48:00,95421.28,95429.86,95393.60,95395.70,180,78,0
2026.02.26 08:45:00,95410.48,95421.22,95410.48,95421.22,180,78,0
2026.02.26 08:42:00,95431.83,95435.97,95403.88,95410.42,180,78,0
2026.02.26 08:39:00,95421.03,95431.77,95421.03,95431.77,180,78,0
2026.02.26 08:36:00,95410.23,95420.97,95410.23,95420.97,180,78,0
2026.02.26 08:33:00,95399.43,95410.17,95399.43,95410.17,180,78,0
2026.02.26 08:30:00,95388.63,95399.37,95388.63,95399.37,180,78,0
2026.02.26 08:27:00,95377.77,95388.57,95377.77,95388.57,181,78,0
2026.02.26 08:24:00,95366.97,95377.71,95366.97,95377.71,180,78,0
2026.02.26 08:21:00,95373.09,95375.25,95358.39,95366.91,180,78,0
2026.02.26 08:18:00,95362.29,95373.03,95362.29,95373.03,180,78,0
2026.02.26 08:15:00,95371.00,95374.96,95355.51,95362.23,180,78,0
2026.02.26 08:12:00,95380.40,95384.24,95364.10,95370.94,180,78,0
2026.02.26 08:09:00,95402.49,95404.65,95371.82,95380.34,180,78,0
2026.02.26 08:06:00,95391.69,95402.43,95391.69,95402.43,180,78,0
2026.02.26 08:03:00,95422.00,95424.28,95383.23,95391.63,180,78,0
2026.02.26 08:00:00,95411.20,95421.94,95411.20,95421.94,180,78,0
2026.02.26 07:57:00,95400.40,95411.14,95400.40,95411.14,180,78,0
2026.02.26 07:54:00,95389.60,95400.34,95389.60,95400.34,180,78,0
2026.02.26 07:51:00,95378.80,95389.54,95378.80,95389.54,180,78,0
2026.02.26 07:48:00,95368.00,95378.74,95368.00,95378.74,180,78,0
2026.02.26 07:45:00,95357.20,95367.94,95357.20,95367.94,180,78,0
2026.02.26 07:42:00,95346.40,95357.14,95346.40,95357.14,180,78,0
2026.02.26 07:39:00,95335.60,95346.34,95335.60,95346.34,180,78,0
2026.02.26 07:36:00,95324.80,95335.54,95324.80,95335.54,180,78,0
2026.02.26 07:33:00,95314.00,95324.74,95314.00,95324.74,180,78,0
2026.02.26 07:30:00,95330.53,95340.49,95313.22,95313.94,180,78,0
2026.02.26 07:27:00,95319.73,95330.47,95319.73,95330.47,180,78,0
2026.02.26 07:24:00,95330.43,95339.61,95318.17,95319.67,180,78,0
2026.02.26 07:21:00,95319.63,95330.37,95319.63,95330.37,180,78,0
2026.02.26 07:18:00,95308.83,95319.57,95308.83,95319.57,180,78,0
2026.02.26 07:15:00,95314.02,95324.64,95308.71,95308.77,180,78,0
2026.02.26 07:12:00,95331.33,95332.23,95304.18,95313.96,180,78,0
2026.02.26 07:09:00,95360.62,95362.78,95330.55,95331.27,180,78,0
2026.02.26 07:06:00,95408.97,95412.51,95358.34,95360.56,180,78,0
2026.02.26 07:03:00,95398.17,95408.91,95398.17,95408.91,180,78,0
2026.02.26 07:00:00,95387.37,95398.11,95387.37,95398.11,180,78,0
2026.02.26 06:57:00,95398.80,95402.76,95380.59,95387.31,180,78,0
2026.02.26 06:54:00,95388.00,95398.74,95388.00,95398.74,180,78,0
2026.02.26 06:51:00,95377.20,95387.94,95377.20,95387.94,180,78,0
2026.02.26 06:48:00,95366.40,95377.14,95366.40,95377.14,180,78,0
2026.02.26 06:45:00,95355.60,95366.34,95355.60,95366.34,180,78,0
2026.02.26 06:42:00,95344.80,95355.54,95344.80,95355.54,180,78,0
2026.02.26 06:39:00,95354.39,95354.99,95334.66,95344.74,180,78,0
2026.02.26 06:36:00,95411.61,95416.11,95350.43,95354.33,180,78,0
2026.02.26 06:33:00,95400.81,95411.55,95400.81,95411.55,180,78,0
2026.02.26 06:30:00,95418.44,95427.20,95398.83,95400.75,180,78,0
2026.02.26 06:27:00,95425.58,95433.98,95416.10,95418.38,180,78,0
2026.02.26 06:24:00,95414.78,95425.52,95414.78,95425.52,180,78,0
2026.02.26 06:21:00,95403.98,95414.72,95403.98,95414.72,180,78,0
2026.02.26 06:18:00,95393.18,95403.92,95393.18,95403.92,180,78,0
2026.02.26 06:15:00,95382.38,95393.12,95382.38,95393.12,180,78,0
2026.02.26 06:12:00,95371.58,95382.32,95371.58,95382.32,180,78,0
2026.02.26 06:09:00,95360.78,95371.52,95360.78,95371.52,180,78,0
2026.02.26 06:06:00,95399.92,95406.70,95357.60,95360.72,180,78,0
2026.02.26 06:03:00,95389.12,95399.86,95389.12,95399.86,180,78,0
2026.02.26 06:00:00,95436.66,95439.12,95384.38,95389.06,180,78,0
2026.02.26 05:57:00,95425.86,95436.60,95425.86,95436.60,180,78,0
2026.02.26 05:54:00,95415.06,95425.80,95415.06,95425.80,180,78,0
2026.02.26 05:51:00,95404.26,95415.00,95404.26,95415.00,180,78,0
2026.02.26 05:48:00,95393.46,95404.20,95393.46,95404.20,180,78,0
2026.02.26 05:45:00,95382.66,95393.40,95382.66,95393.40,180,78,0
2026.02.26 05:42:00,95371.86,95382.60,95371.86,95382.60,180,78,0
2026.02.26 05:39:00,95361.06,95371.80,95361.06,95371.80,180,78,0
2026.02.26 05:36:00,95370.00,95371.86,95352.18,95361.00,180,78,0
2026.02.26 05:33:00,95388.50,95391.26,95362.02,95369.94,180,78,0
2026.02.26 05:30:00,95434.32,95439.18,95384.24,95388.44,180,78,0
2026.02.26 05:27:00,95423.52,95434.26,95423.52,95434.26,180,78,0
2026.02.26 05:24:00,95432.61,95432.67,95412.84,95423.46,180,78,0
2026.02.26 05:21:00,95421.81,95432.55,95421.81,95432.55,180,78,0
2026.02.26 05:18:00,95411.01,95421.75,95411.01,95421.75,180,78,0
2026.02.26 05:15:00,95423.50,95425.84,95402.61,95410.95,180,78,0
2026.02.26 05:12:00,95412.70,95423.44,95412.70,95423.44,180,78,0
2026.02.26 05:09:00,95438.01,95446.35,95410.30,95412.64,180,78,0
2026.02.26 05:06:00,95465.75,95469.47,95434.35,95437.95,180,78,0
2026.02.26 05:03:00,95454.95,95465.69,95454.95,95465.69,180,78,0
2026.02.26 05:00:00,95472.73,95478.49,95449.97,95454.89,180,78,0
2026.02.26 04:57:00,95461.93,95472.67,95461.93,95472.67,180,78,0
2026.02.26 04:54:00,95451.13,95461.87,95451.13,95461.87,180,78,0
2026.02.26 04:51:00,95440.33,95451.07,95440.33,95451.07,180,78,0
2026.02.26 04:48:00,95458.85,95468.93,95439.67,95440.27,180,78,0
2026.02.26 04:45:00,95448.05,95458.79,95448.05,95458.79,180,78,0
2026.02.26 04:42:00,95437.25,95447.99,95437.25,95447.99,180,78,0
2026.02.26 04:39:00,95426.45,95437.19,95426.45,95437.19,180,78,0
2026.02.26 04:36:00,95415.65,95426.39,95415.65,95426.39,180,78,0
2026.02.26 04:33:00,95404.85,95415.59,95404.85,95415.59,180,78,0
2026.02.26 04:30:00,95422.97,95423.27,95394.41,95404.79,180,78,0
2026.02.26 04:27:00,95412.17,95422.91,95412.17,95422.91,180,78,0
2026.02.26 04:24:00,95429.51,95436.23,95408.15,95412.11,180,78,0
2026.02.26 04:21:00,95418.71,95429.45,95418.71,95429.45,180,78,0
2026.02.26 04:18:00,95407.91,95418.65,95407.91,95418.65,180,78,0
2026.02.26 04:15:00,95397.11,95407.85,95397.11,95407.85,180,78,0
2026.02.26 04:12:00,95386.31,95397.05,95386.31,95397.05,180,78,0
2026.02.26 04:09:00,95399.50,95407.84,95383.91,95386.25,180,78,0
2026.02.26 04:06:00,95388.70,95399.44,95388.70,95399.44,180,78,0
2026.02.26 04:03:00,95377.90,95388.64,95377.90,95388.64,180,78,0
2026.02.26 04:00:00,95402.36,95404.64,95369.44,95377.84,180,78,0
2026.02.26 03:57:00,95391.56,95402.30,95391.56,95402.30,180,78,0
2026.02.26 03:54:00,95413.58,95417.24,95384.48,95391.50,180,78,0
2026.02.26 03:51:00,95402.78,95413.52,95402.78,95413.52,180,78,0
2026.02.26 03:48:00,95432.72,95432.72,95392.04,95402.72,180,78,0
2026.02.26 03:45:00,95421.92,95432.66,95421.92,95432.66,180,78,0
2026.02.26 03:42:00,95411.12,95421.86,95411.12,95421.86,180,78,0
2026.02.26 03:39:00,95400.32,95411.06,95400.32,95411.06,180,78,0
2026.02.26 03:36:00,95389.52,95400.26,95389.52,95400.26,180,78,0
2026.02.26 03:33:00,95403.14,95403.74,95379.38,95389.46,180,78,0
2026.02.26 03:30:00,95392.34,95403.08,95392.34,95403.08,180,78,0
2026.02.26 03:27:00,95381.54,95392.28,95381.54,95392.28,180,78,0
2026.02.26 03:24:00,95370.74,95381.48,95370.74,95381.48,180,78,0
2026.02.26 03:21:00,95379.80,95384.36,95364.56,95370.68,180,78,0
2026.02.26 03:18:00,95369.00,95379.74,95369.00,95379.74,180,78,0
2026.02.26 03:15:00,95358.20,95368.94,95358.20,95368.94,180,78,0
2026.02.26 03:12:00,95364.64,95373.70,95356.52,95358.14,180,78,0
2026.02.26 03:09:00,95374.89,95375.73,95354.74,95364.58,180,78,0
2026.02.26 03:06:00,95364.09,95374.83,95364.09,95374.83,180,78,0
2026.02.26 03:03:00,95353.29,95364.03,95353.29,95364.03,180,78,0
2026.02.26 03:00:00,95369.27,95376.95,95350.23,95353.23,180,78,0
2026.02.26 02:57:00,95358.47,95369.21,95358.47,95369.21,180,78,0
2026.02.26 02:54:00,95377.33,95385.85,95356.25,95358.41,180,78,0
2026.02.26 02:51:00,95406.34,95413.72,95373.97,95377.27,180,78,0
2026.02.26 02:48:00,95439.21,95441.67,95398.06,95406.28,180,78,0
2026.02.26 02:45:00,95428.41,95439.15,95428.41,95439.15,180,78,0
2026.02.26 02:42:00,95417.61,95428.35,95417.61,95428.35,180,78,0
2026.02.26 02:39:00,95406.81,95417.55,95406.81,95417.55,180,78,0
2026.02.26 02:36:00,95426.62,95432.68,95402.13,95406.75,180,78,0
2026.02.26 02:33:00,95429.56,95430.82,95417.14,95426.56,180,78,0
2026.02.26 02:30:00,95418.76,95429.50,95418.76,95429.50,180,78,0
2026.02.26 02:27:00,95422.74,95425.50,95410.78,95418.70,180,78,0
2026.02.26 02:24:00,95411.94,95422.68,95411.94,95422.68,180,78,0
2026.02.26 02:21:00,95401.14,95411.88,95401.14,95411.88,180,78,0
2026.02.26 02:18:00,95390.34,95401.08,95390.34,95401.08,180,78,0
2026.02.26 02:15:00,95404.47,95411.19,95386.32,95390.28,180,78,0
2026.02.26 02:12:00,95446.61,95455.73,95404.05,95404.41,180,78,0
2026.02.26 02:09:00,95435.81,95446.55,95435.81,95446.55,180,78,0
2026.02.26 02:06:00,95425.01,95435.75,95425.01,95435.75,180,78,0
2026.02.26 02:03:00,95450.83,95456.29,95419.73,95424.95,180,78,0
2026.02.26 02:00:00,95440.03,95450.77,95440.03,95450.77,180,78,0
2026.02.26 01:57:00,95429.23,95439.97,95429.23,95439.97,180,78,0
2026.02.26 01:54:00,95418.43,95429.17,95418.43,95429.17,180,78,0
2026.02.26 01:51:00,95407.63,95418.37,95407.63,95418.37,180,78,0
2026.02.26 01:48:00,95418.93,95420.97,95398.93,95407.57,180,78,0
2026.02.26 01:45:00,95420.43,95423.01,95410.77,95418.87,180,78,0
2026.02.26 01:42:00,95409.63,95420.37,95409.63,95420.37,180,78,0
2026.02.26 01:39:00,95398.83,95409.57,95398.83,95409.57,180,78,0
2026.02.26 01:36:00,95388.03,95398.77,95388.03,95398.77,180,78,0
2026.02.26 01:33:00,95390.10,95395.44,95382.63,95387.97,180,78,0
2026.02.26 01:30:00,95412.90,95421.48,95387.94,95390.04,180,78,0
2026.02.26 01:27:00,95418.38,95424.26,95408.04,95412.84,180,78,0
2026.02.26 01:24:00,95407.58,95418.32,95407.58,95418.32,180,78,0
2026.02.26 01:21:00,95396.78,95407.52,95396.78,95407.52,180,78,0
2026.02.26 01:18:00,95385.98,95396.72,95385.98,95396.72,180,78,0
2026.02.26 01:15:00,95375.18,95385.92,95375.18,95385.92,180,78,0
2026.02.26 01:12:00,95364.38,95375.12,95364.38,95375.12,180,78,0
2026.02.26 01:09:00,95353.58,95364.32,95353.58,95364.32,180,78,0
2026.02.26 01:06:00,95342.78,95353.52,95342.78,95353.52,180,78,0
2026.02.26 01:03:00,95331.98,95342.72,95331.98,95342.72,180,78,0
2026.02.26 01:00:00,95348.23,95357.29,95330.30,95331.92,180,78,0
2026.02.26 00:57:00,95359.46,95363.72,95341.75,95348.17,180,78,0
2026.02.26 00:54:00,95364.40,95365.78,95350.10,95359.40,180,78,0
2026.02.26 00:51:00,95353.60,95364.34,95353.60,95364.34,180,78,0
2026.02.26 00:48:00,95369.34,95374.08,95347.60,95353.54,180,78,0
2026.02.26 00:45:00,95358.54,95369.28,95358.54,95369.28,180,78,0
2026.02.26 00:42:00,95362.69,95369.17,95354.28,95358.48,180,78,0
2026.02.26 00:39:00,95351.89,95362.63,95351.89,95362.63,180,78,0
2026.02.26 00:36:00,95341.09,95351.83,95341.09,95351.83,180,78,0
2026.02.26 00:33:00,95347.82,95351.48,95334.01,95341.03,180,78,0
2026.02.26 00:30:00,95354.63,95355.65,95338.10,95347.76,180,78,0
2026.02.26 00:27:00,95368.32,95370.84,95346.41,95354.57,180,78,0
2026.02.26 00:24:00,95357.52,95368.26,95357.52,95368.26,180,78,0
2026.02.26 00:21:00,95346.72,95357.46,95346.72,95357.46,180,78,0
2026.02.26 00:18:00,95355.25,95357.29,95338.02,95346.66,180,78,0
2026.02.26 00:15:00,95344.45,95355.19,95344.45,95355.19,180,78,0
2026.02.26 00:12:00,95333.65,95344.39,95333.65,95344.39,180,78,0
2026.02.26 00:09:00,95356.96,95367.52,95333.47,95333.59,180,78,0
2026.02.26 00:06:00,95346.16,95356.90,95346.16,95356.90,180,78,0
2026.02.26 00:03:00,95371.88,95378.00,95341.54,95346.10,180,78,0
2026.02.26 00:00:00,95361.08,95371.82,95361.08,95371.82,180,78,0
2026.02.25 23:57:00,95350.28,95361.02,95350.28,95361.02,180,78,0
2026.02.25 23:54:00,95339.48,95350.22,95339.48,95350.22,180,78,0
2026.02.25 23:51:00,95328.68,95339.42,95328.68,95339.42,180,78,0
2026.02.25 23:48:00,95344.61,95350.73,95324.06,95328.62,180,78,0
2026.02.25 23:45:00,95333.81,95344.55,95333.81,95344.55,180,78,0
2026.02.25 23:42:00,95323.01,95333.75,95323.01,95333.75,180,78,0
2026.02.25 23:39:00,95312.21,95322.95,95312.21,95322.95,180,78,0
2026.02.25 23:36:00,95301.41,95312.15,95301.41,95312.15,180,78,0
2026.02.25 23:33:00,95309.01,95318.67,95300.33,95301.35,180,78,0
2026.02.25 23:30:00,95298.21,95308.95,95298.21,95308.95,180,78,0
2026.02.25 23:27:00,95287.41,95298.15,95287.41,95298.15,180,78,0
2026.02.25 23:24:00,95276.55,95287.35,95276.55,95287.35,181,78,0
2026.02.25 23:21:00,95265.75,95276.49,95265.75,95276.49,180,78,0
2026.02.25 23:18:00,95254.95,95265.69,95254.95,95265.69,180,78,0
2026.02.25 23:15:00,95262.78,95271.66,95253.09,95254.89,180,78,0
2026.02.25 23:12:00,95285.81,95291.75,95257.98,95262.72,180,78,0
2026.02.25 23:09:00,95287.71,95294.07,95281.43,95285.75,180,78,0
2026.02.25 23:06:00,95276.91,95287.65,95276.91,95287.65,180,78,0
2026.02.25 23:03:00,95266.11,95276.85,95266.11,95276.85,180,78,0
2026.02.25 23:00:00,95270.61,95270.97,95255.73,95266.05,180,78,0
2026.02.25 22:57:00,95259.81,95270.55,95259.81,95270.55,180,78,0
2026.02.25 22:54:00,95249.01,95259.75,95249.01,95259.75,180,78,0
2026.02.25 22:51:00,95238.21,95248.95,95238.21,95248.95,180,78,0
2026.02.25 22:48:00,95227.41,95238.15,95227.41,95238.15,180,78,0
2026.02.25 22:45:00,95230.59,95231.01,95217.09,95227.35,180,78,0
2026.02.25 22:42:00,95219.79,95230.53,95219.79,95230.53,180,78,0
2026.02.25 22:39:00,95226.61,95230.93,95213.37,95219.73,180,78,0
2026.02.25 22:36:00,95249.87,95250.35,95216.35,95226.55,180,78,0
2026.02.25 22:33:00,95239.07,95249.81,95239.07,95249.81,180,78,0
2026.02.25 22:30:00,95228.27,95239.01,95228.27,95239.01,180,78,0
2026.02.25 22:27:00,95217.47,95228.21,95217.47,95228.21,180,78,0
2026.02.25 22:24:00,95219.54,95228.90,95216.09,95217.41,180,78,0
2026.02.25 22:21:00,95250.77,95253.89,95212.82,95219.48,180,78,0
2026.02.25 22:18:00,95239.97,95250.71,95239.97,95250.71,180,78,0
2026.02.25 22:15:00,95229.17,95239.91,95229.17,95239.91,180,78,0
2026.02.25 22:12:00,95247.40,95255.92,95226.95,95229.11,180,78,0
2026.02.25 22:09:00,95270.24,95278.76,95245.18,95247.34,180,78,0
2026.02.25 22:06:00,95259.44,95270.18,95259.44,95270.18,180,78,0
2026.02.25 22:03:00,95248.64,95259.38,95248.64,95259.38,180,78,0
2026.02.25 22:00:00,95258.00,95261.48,95241.38,95248.58,180,78,0
2026.02.25 21:57:00,95265.40,95275.12,95256.98,95257.94,180,78,0
2026.02.25 21:54:00,95273.59,95277.25,95258.32,95265.34,180,78,0
2026.02.25 21:51:00,95314.01,95318.03,95271.73,95273.53,180,78,0
2026.02.25 21:48:00,95303.21,95313.95,95303.21,95313.95,180,78,0
2026.02.25 21:45:00,95330.49,95331.09,95296.79,95303.15,180,78,0
2026.02.25 21:42:00,95319.69,95330.43,95319.69,95330.43,180,78,0
2026.02.25 21:39:00,95308.89,95319.63,95308.89,95319.63,180,78,0
2026.02.25 21:36:00,95298.09,95308.83,95298.09,95308.83,180,78,0
2026.02.25 21:33:00,95316.40,95325.88,95296.83,95298.03,180,78,0
2026.02.25 21:30:00,95305.60,95316.34,95305.60,95316.34,180,78,0
2026.02.25 21:27:00,95294.80,95305.54,95294.80,95305.54,180,78,0
2026.02.25 21:24:00,95334.89,95342.21,95293.12,95294.74,180,78,0
2026.02.25 21:21:00,95324.09,95334.83,95324.09,95334.83,180,78,0
2026.02.25 21:18:00,95313.29,95324.03,95313.29,95324.03,180,78,0
2026.02.25 21:15:00,95344.26,95351.88,95312.09,95313.23,180,78,0
2026.02.25 21:12:00,95333.46,95344.20,95333.46,95344.20,180,78,0
2026.02.25 21:09:00,95322.66,95333.40,95322.66,95333.40,180,78,0
2026.02.25 21:06:00,95311.86,95322.60,95311.86,95322.60,180,78,0
2026.02.25 21:03:00,95315.68,95319.58,95305.02,95311.80,180,78,0
2026.02.25 21:00:00,95304.88,95315.62,95304.88,95315.62,180,78,0
2026.02.25 20:57:00,95294.08,95304.82,95294.08,95304.82,180,78,0
2026.02.25 20:54:00,95283.28,95294.02,95283.28,95294.02,180,78,0
2026.02.25 20:51:00,95272.48,95283.22,95272.48,95283.22,180,78,0
2026.02.25 20:48:00,95276.90,95284.04,95268.88,95272.42,180,78,0
2026.02.25 20:45:00,95266.10,95276.84,95266.10,95276.84,180,78,0
2026.02.25 20:42:00,95255.30,95266.04,95255.30,95266.04,180,78,0
2026.02.25 20:39:00,95244.50,95255.24,95244.50,95255.24,180,78,0
2026.02.25 20:36:00,95259.25,95264.05,95238.56,95244.44,180,78,0
2026.02.25 20:33:00,95292.55,95299.69,95255.65,95259.19,180,78,0
2026.02.25 20:30:00,95312.46,95313.66,95283.97,95292.49,180,78,0
2026.02.25 20:27:00,95301.66,95312.40,95301.66,95312.40,180,78,0
2026.02.25 20:24:00,95290.86,95301.60,95290.86,95301.60,180,78,0
2026.02.25 20:21:00,95280.06,95290.80,95280.06,95290.80,180,78,0
2026.02.25 20:18:00,95301.97,95306.59,95273.94,95280.00,180,78,0
2026.02.25 20:15:00,95316.45,95318.43,95293.21,95301.91,180,78,0
2026.02.25 20:12:00,95305.65,95316.39,95305.65,95316.39,180,78,0
2026.02.25 20:09:00,95323.84,95325.28,95296.35,95305.59,180,78,0
2026.02.25 20:06:00,95313.04,95323.78,95313.04,95323.78,180,78,0
2026.02.25 20:03:00,95314.54,95317.30,95305.06,95312.98,180,78,0
2026.02.25 20:00:00,95329.22,95337.56,95312.14,95314.48,180,78,0
2026.02.25 19:57:00,95318.42,95329.16,95318.42,95329.16,180,78,0
2026.02.25 19:54:00,95307.62,95318.36,95307.62,95318.36,180,78,0
2026.02.25 19:51:00,95296.82,95307.56,95296.82,95307.56,180,78,0
2026.02.25 19:48:00,95321.23,95322.61,95287.46,95296.76,180,78,0
2026.02.25 19:45:00,95339.50,95339.98,95310.97,95321.17,180,78,0
2026.02.25 19:42:00,95328.70,95339.44,95328.70,95339.44,180,78,0
2026.02.25 19:39:00,95375.05,95383.33,95328.04,95328.64,180,78,0
2026.02.25 19:36:00,95397.06,95398.02,95365.27,95374.99,180,78,0
2026.02.25 19:33:00,95386.26,95397.00,95386.26,95397.00,180,78,0
2026.02.25 19:30:00,95391.31,95392.87,95377.08,95386.20,180,78,0
2026.02.25 19:27:00,95380.51,95391.25,95380.51,95391.25,180,78,0
2026.02.25 19:24:00,95369.71,95380.45,95369.71,95380.45,180,78,0
2026.02.25 19:21:00,95358.91,95369.65,95358.91,95369.65,180,78,0
2026.02.25 19:18:00,95406.89,95408.45,95355.13,95358.85,180,78,0
2026.02.25 19:15:00,95396.09,95406.83,95396.09,95406.83,180,78,0
2026.02.25 19:12:00,95385.29,95396.03,95385.29,95396.03,180,78,0
2026.02.25 19:09:00,95374.49,95385.23,95374.49,95385.23,180,78,0
2026.02.25 19:06:00,95363.69,95374.43,95363.69,95374.43,180,78,0
2026.02.25 19:03:00,95352.89,95363.63,95352.89,95363.63,180,78,0
2026.02.25 19:00:00,95342.09,95352.83,95342.09,95352.83,180,78,0
2026.02.25 18:57:00,95382.18,95383.92,95338.85,95342.03,180,78,0
2026.02.25 18:54:00,95371.38,95382.12,95371.38,95382.12,180,78,0
2026.02.25 18:51:00,95360.58,95371.32,95360.58,95371.32,180,78,0
2026.02.25 18:48:00,95349.78,95360.52,95349.78,95360.52,180,78,0
2026.02.25 18:45:00,95338.98,95349.72,95338.98,95349.72,180,78,0
2026.02.25 18:42:00,95328.18,95338.92,95328.18,95338.92,180,78,0
2026.02.25 18:39:00,95332.53,95339.13,95324.04,95328.12,180,78,0
2026.02.25 18:36:00,95321.73,95332.47,95321.73,95332.47,180,78,0
2026.02.25 18:33:00,95310.93,95321.67,95310.93,95321.67,180,78,0
2026.02.25 18:30:00,95354.01,95354.67,95303.01,95310.87,180,78,0
2026.02.25 18:27:00,95343.21,95353.95,95343.21,95353.95,180,78,0
2026.02.25 18:24:00,95332.41,95343.15,95332.41,95343.15,180,78,0
2026.02.25 18:21:00,95349.73,95350.15,95322.09,95332.35,180,78,0
2026.02.25 18:18:00,95338.93,95349.67,95338.93,95349.67,180,78,0
2026.02.25 18:15:00,95328.13,95338.87,95328.13,95338.87,180,78,0
2026.02.25 18:12:00,95317.33,95328.07,95317.33,95328.07,180,78,0
2026.02.25 18:09:00,95347.48,95349.10,95312.77,95317.27,180,78,0
2026.02.25 18:06:00,95371.09,95376.43,95342.08,95347.42,180,78,0
2026.02.25 18:03:00,95360.29,95371.03,95360.29,95371.03,180,78,0
2026.02.25 18:00:00,95349.49,95360.23,95349.49,95360.23,180,78,0
2026.02.25 17:57:00,95367.24,95374.62,95346.13,95349.43,180,78,0
2026.02.25 17:54:00,95356.44,95367.18,95356.44,95367.18,180,78,0
2026.02.25 17:51:00,95345.64,95356.38,95345.64,95356.38,180,78,0
2026.02.25 17:48:00,95334.84,95345.58,95334.84,95345.58,180,78,0
2026.02.25 17:45:00,95324.04,95334.78,95324.04,95334.78,180,78,0
2026.02.25 17:42:00,95313.24,95323.98,95313.24,95323.98,180,78,0
2026.02.25 17:39:00,95351.96,95353.28,95306.10,95313.18,180,78,0
2026.02.25 17:36:00,95341.16,95351.90,95341.16,95351.90,180,78,0
2026.02.25 17:33:00,95330.36,95341.10,95330.36,95341.10,180,78,0
2026.02.25 17:30:00,95345.66,95348.78,95322.74,95330.30,180,78,0
2026.02.25 17:27:00,95334.86,95345.60,95334.86,95345.60,180,78,0
2026.02.25 17:24:00,95324.06,95334.80,95324.06,95334.80,180,78,0
2026.02.25 17:21:00,95313.26,95324.00,95313.26,95324.00,180,78,0
2026.02.25 17:18:00,95302.46,95313.20,95302.46,95313.20,180,78,0
2026.02.25 17:15:00,95291.66,95302.40,95291.66,95302.40,180,78,0
2026.02.25 17:12:00,95280.86,95291.60,95280.86,95291.60,180,78,0
2026.02.25 17:09:00,95270.06,95280.80,95270.06,95280.80,180,78,0
2026.02.25 17:06:00,95259.26,95270.00,95259.26,95270.00,180,78,0
2026.02.25 17:03:00,95260.60,95263.54,95251.46,95259.20,180,78,0
2026.02.25 17:00:00,95270.48,95279.72,95259.10,95260.54,180,78,0
2026.02.25 16:57:00,95305.91,95306.21,95262.74,95270.42,180,78,0
2026.02.25 16:54:00,95295.11,95305.85,95295.11,95305.85,180,78,0
2026.02.25 16:51:00,95284.31,95295.05,95284.31,95295.05,180,78,0
2026.02.25 16:48:00,95273.51,95284.25,95273.51,95284.25,180,78,0
2026.02.25 16:45:00,95262.71,95273.45,95262.71,95273.45,180,78,0
2026.02.25 16:42:00,95251.91,95262.65,95251.91,95262.65,180,78,0
2026.02.25 16:39:00,95270.11,95274.19,95245.25,95251.85,180,78,0
2026.02.25 16:36:00,95259.31,95270.05,95259.31,95270.05,180,78,0
2026.02.25 16:33:00,95248.51,95259.25,95248.51,95259.25,180,78,0
2026.02.25 16:30:00,95251.53,95254.53,95240.77,95248.45,180,78,0
2026.02.25 16:27:00,95266.15,95273.65,95248.29,95251.47,180,78,0
2026.02.25 16:24:00,95255.35,95266.09,95255.35,95266.09,180,78,0
2026.02.25 16:21:00,95262.43,95269.45,95251.63,95255.29,180,78,0
2026.02.25 16:18:00,95335.92,95340.06,95260.75,95262.37,180,78,0
2026.02.25 16:15:00,95325.12,95335.86,95325.12,95335.86,180,78,0
2026.02.25 16:12:00,95314.32,95325.06,95314.32,95325.06,180,78,0
2026.02.25 16:09:00,95303.52,95314.26,95303.52,95314.26,180,78,0
2026.02.25 16:06:00,95292.72,95303.46,95292.72,95303.46,180,78,0
2026.02.25 16:03:00,95299.89,95306.73,95288.82,95292.66,180,78,0
2026.02.25 16:00:00,95289.09,95299.83,95289.09,95299.83,180,78,0
2026.02.25 15:57:00,95278.29,95289.03,95278.29,95289.03,180,78,0
2026.02.25 15:54:00,95267.49,95278.23,95267.49,95278.23,180,78,0
2026.02.25 15:51:00,95279.32,95285.20,95262.63,95267.43,180,78,0
2026.02.25 15:48:00,95304.39,95304.63,95277.46,95279.26,180,78,0
2026.02.25 15:45:00,95293.59,95304.33,95293.59,95304.33,180,78,0
2026.02.25 15:42:00,95282.79,95293.53,95282.79,95293.53,180,78,0
2026.02.25 15:39:00,95304.43,95309.11,95276.73,95282.73,180,78,0
2026.02.25 15:36:00,95309.62,95315.80,95299.87,95304.37,180,78,0
2026.02.25 15:33:00,95320.78,95329.00,95307.10,95309.56,180,78,0
2026.02.25 15:30:00,95339.85,95341.35,95311.54,95320.72,180,78,0
2026.02.25 15:27:00,95329.05,95339.79,95329.05,95339.79,180,78,0
2026.02.25 15:24:00,95341.61,95348.03,95324.73,95328.99,180,78,0
2026.02.25 15:21:00,95355.21,95362.05,95337.71,95341.55,180,78,0
2026.02.25 15:18:00,95344.41,95355.15,95344.41,95355.15,180,78,0
2026.02.25 15:15:00,95333.61,95344.35,95333.61,95344.35,180,78,0
2026.02.25 15:12:00,95347.13,95354.63,95330.37,95333.55,180,78,0
2026.02.25 15:09:00,95336.33,95347.07,95336.33,95347.07,180,78,0
2026.02.25 15:06:00,95325.53,95336.27,95325.53,95336.27,180,78,0
2026.02.25 15:03:00,95341.81,95347.63,95320.61,95325.47,180,78,0
2026.02.25 15:00:00,95331.01,95341.75,95331.01,95341.75,180,78,0
2026.02.25 14:57:00,95320.21,95330.95,95320.21,95330.95,180,78,0
2026.02.25 14:54:00,95332.05,95332.35,95309.77,95320.15,180,78,0
2026.02.25 14:51:00,95321.25,95331.99,95321.25,95331.99,180,78,0
2026.02.25 14:48:00,95310.45,95321.19,95310.45,95321.19,180,78,0
2026.02.25 14:45:00,95321.81,95323.73,95301.63,95310.39,180,78,0
2026.02.25 14:42:00,95311.01,95321.75,95311.01,95321.75,180,78,0
2026.02.25 14:39:00,95300.21,95310.95,95300.21,95310.95,180,78,0
2026.02.25 14:36:00,95289.41,95300.15,95289.41,95300.15,180,78,0
2026.02.25 14:33:00,95338.63,95339.23,95280.89,95289.35,180,78,0
2026.02.25 14:30:00,95353.67,95354.09,95328.31,95338.57,180,78,0
2026.02.25 14:27:00,95342.87,95353.61,95342.87,95353.61,180,78,0
2026.02.25 14:24:00,95332.07,95342.81,95332.07,95342.81,180,78,0
2026.02.25 14:21:00,95321.27,95332.01,95321.27,95332.01,180,78,0
2026.02.25 14:18:00,95324.07,95333.97,95320.43,95321.21,180,78,0
2026.02.25 14:15:00,95313.27,95324.01,95313.27,95324.01,180,78,0
2026.02.25 14:12:00,95302.47,95313.21,95302.47,95313.21,180,78,0
2026.02.25 14:09:00,95358.63,95358.99,95301.45,95302.41,180,78,0
2026.02.25 14:06:00,95347.77,95358.57,95347.77,95358.57,181,78,0
2026.02.25 14:03:00,95372.85,95374.53,95340.87,95347.71,180,78,0
2026.02.25 14:00:00,95378.85,95378.91,95362.17,95372.79,180,78,0
2026.02.25 13:57:00,95368.05,95378.79,95368.05,95378.79,180,78,0
2026.02.25 13:54:00,95380.74,95389.98,95366.55,95367.99,180,78,0
2026.02.25 13:51:00,95369.94,95380.68,95369.94,95380.68,180,78,0
2026.02.25 13:48:00,95359.14,95369.88,95359.14,95369.88,180,78,0
2026.02.25 13:45:00,95348.34,95359.08,95348.34,95359.08,180,78,0
2026.02.25 13:42:00,95353.57,95356.33,95340.36,95348.28,180,78,0
2026.02.25 13:39:00,95355.89,95366.03,95352.97,95353.51,180,78,0
2026.02.25 13:36:00,95345.09,95355.83,95345.09,95355.83,180,78,0
2026.02.25 13:33:00,95334.29,95345.03,95334.29,95345.03,180,78,0
2026.02.25 13:30:00,95323.49,95334.23,95323.49,95334.23,180,78,0
2026.02.25 13:27:00,95312.69,95323.43,95312.69,95323.43,180,78,0
2026.02.25 13:24:00,95301.89,95312.63,95301.89,95312.63,180,78,0
2026.02.25 13:21:00,95291.09,95301.83,95291.09,95301.83,180,78,0
2026.02.25 13:18:00,95280.29,95291.03,95280.29,95291.03,180,78,0
2026.02.25 13:15:00,95269.49,95280.23,95269.49,95280.23,180,78,0
2026.02.25 13:12:00,95271.44,95280.32,95267.63,95269.43,180,78,0
2026.02.25 13:09:00,95260.64,95271.38,95260.64,95271.38,180,78,0
2026.02.25 13:06:00,95249.84,95260.58,95249.84,95260.58,180,78,0
2026.02.25 13:03:00,95239.04,95249.78,95239.04,95249.78,180,78,0
2026.02.25 13:00:00,95285.79,95289.21,95236.76,95238.98,180,78,0
2026.02.25 12:57:00,95306.47,95313.49,95282.07,95285.73,180,78,0
2026.02.25 12:54:00,95295.67,95306.41,95295.67,95306.41,180,78,0
2026.02.25 12:51:00,95356.44,95358.12,95290.93,95295.61,180,78,0
2026.02.25 12:48:00,95372.26,95376.28,95349.72,95356.38,180,78,0
2026.02.25 12:45:00,95361.46,95372.20,95361.46,95372.20,180,78,0
2026.02.25 12:42:00,95350.66,95361.40,95350.66,95361.40,180,78,0
2026.02.25 12:39:00,95378.52,95384.64,95346.04,95350.60,180,78,0
2026.02.25 12:36:00,95396.27,95405.39,95376.90,95378.46,180,78,0
2026.02.25 12:33:00,95408.35,95412.01,95389.19,95396.21,180,78,0
2026.02.25 12:30:00,95432.88,95443.08,95407.81,95408.29,180,78,0
2026.02.25 12:27:00,95422.08,95432.82,95422.08,95432.82,180,78,0
2026.02.25 12:24:00,95474.85,95479.65,95416.86,95422.02,180,78,0
2026.02.25 12:21:00,95464.05,95474.79,95464.05,95474.79,180,78,0
2026.02.25 12:18:00,95453.25,95463.99,95453.25,95463.99,180,78,0
2026.02.25 12:15:00,95442.45,95453.19,95442.45,95453.19,180,78,0
2026.02.25 12:12:00,95431.65,95442.39,95431.65,95442.39,180,78,0
2026.02.25 12:09:00,95433.31,95440.03,95427.63,95431.59,180,78,0
2026.02.25 12:06:00,95422.51,95433.25,95422.51,95433.25,180,78,0
2026.02.25 12:03:00,95411.71,95422.45,95411.71,95422.45,180,78,0
2026.02.25 12:00:00,95400.91,95411.65,95400.91,95411.65,180,78,0
2026.02.25 11:57:00,95390.11,95400.85,95390.11,95400.85,180,78,0
2026.02.25 11:54:00,95379.31,95390.05,95379.31,95390.05,180,78,0
2026.02.25 11:51:00,95368.51,95379.25,95368.51,95379.25,180,78,0
2026.02.25 11:48:00,95357.71,95368.45,95357.71,95368.45,180,78,0
2026.02.25 11:45:00,95346.91,95357.65,95346.91,95357.65,180,78,0
2026.02.25 11:42:00,95353.57,95359.93,95342.53,95346.85,180,78,0
2026.02.25 11:39:00,95342.77,95353.51,95342.77,95353.51,180,78,0
2026.02.25 11:36:00,95331.97,95342.71,95331.97,95342.71,180,78,0
2026.02.25 11:33:00,95341.40,95351.60,95331.43,95331.91,180,78,0
2026.02.25 11:30:00,95330.60,95341.34,95330.60,95341.34,180,78,0
2026.02.25 11:27:00,95319.80,95330.54,95319.80,95330.54,180,78,0
2026.02.25 11:24:00,95309.00,95319.74,95309.00,95319.74,180,78,0
2026.02.25 11:21:00,95298.20,95308.94,95298.20,95308.94,180,78,0
2026.02.25 11:18:00,95287.40,95298.14,95287.40,95298.14,180,78,0
2026.02.25 11:15:00,95326.17,95330.55,95285.54,95287.34,180,78,0
2026.02.25 11:12:00,95315.37,95326.11,95315.37,95326.11,180,78,0
2026.02.25 11:09:00,95333.32,95342.32,95313.63,95315.31,180,78,0
2026.02.25 11:06:00,95343.65,95348.75,95327.68,95333.26,180,78,0
2026.02.25 11:03:00,95332.85,95343.59,95332.85,95343.59,180,78,0
2026.02.25 11:00:00,95322.05,95332.79,95322.05,95332.79,180,78,0
2026.02.25 10:57:00,95311.25,95321.99,95311.25,95321.99,180,78,0
2026.02.25 10:54:00,95300.45,95311.19,95300.45,95311.19,180,78,0
2026.02.25 10:51:00,95289.65,95300.39,95289.65,95300.39,180,78,0
2026.02.25 10:48:00,95278.85,95289.59,95278.85,95289.59,180,78,0
2026.02.25 10:45:00,95315.30,95316.20,95273.57,95278.79,180,78,0
2026.02.25 10:42:00,95304.50,95315.24,95304.50,95315.24,180,78,0
2026.02.25 10:39:00,95293.70,95304.44,95293.70,95304.44,180,78,0
2026.02.25 10:36:00,95282.90,95293.64,95282.90,95293.64,180,78,0
2026.02.25 10:33:00,95272.10,95282.84,95272.10,95282.84,180,78,0
2026.02.25 10:30:00,95261.30,95272.04,95261.30,95272.04,180,78,0
2026.02.25 10:27:00,95250.50,95261.24,95250.50,95261.24,180,78,0
2026.02.25 10:24:00,95239.70,95250.44,95239.70,95250.44,180,78,0
2026.02.25 10:21:00,95253.39,95262.75,95238.32,95239.64,180,78,0
2026.02.25 10:18:00,95242.59,95253.33,95242.59,95253.33,180,78,0
2026.02.25 10:15:00,95272.80,95274.24,95233.29,95242.53,180,78,0
2026.02.25 10:12:00,95262.00,95272.74,95262.00,95272.74,180,78,0
2026.02.25 10:09:00,95251.20,95261.94,95251.20,95261.94,180,78,0
2026.02.25 10:06:00,95273.70,95278.14,95244.90,95251.14,180,78,0
2026.02.25 10:03:00,95262.90,95273.64,95262.90,95273.64,180,78,0
2026.02.25 10:00:00,95287.42,95288.32,95253.06,95262.84,180,78,0
2026.02.25 09:57:00,95291.32,95294.50,95279.86,95287.36,180,78,0
2026.02.25 09:54:00,95280.52,95291.26,95280.52,95291.26,180,78,0
2026.02.25 09:51:00,95269.72,95280.46,95269.72,95280.46,180,78,0
2026.02.25 09:48:00,95258.92,95269.66,95258.92,95269.66,180,78,0
2026.02.25 09:45:00,95248.12,95258.86,95248.12,95258.86,180,78,0
2026.02.25 09:42:00,95237.32,95248.06,95237.32,95248.06,180,78,0
2026.02.25 09:39:00,95226.52,95237.26,95226.52,95237.26,180,78,0
2026.02.25 09:36:00,95231.55,95238.81,95223.04,95226.46,180,78,0
2026.02.25 09:33:00,95243.70,95245.80,95222.91,95231.49,180,78,0
2026.02.25 09:30:00,95232.90,95243.64,95232.90,95243.64,180,78,0
2026.02.25 09:27:00,95261.20,95261.98,95223.72,95232.84,180,78,0
2026.02.25 09:24:00,95250.40,95261.14,95250.40,95261.14,180,78,0
2026.02.25 09:21:00,95239.60,95250.34,95239.60,95250.34,180,78,0
2026.02.25 09:18:00,95228.80,95239.54,95228.80,95239.54,180,78,0
2026.02.25 09:15:00,95218.00,95228.74,95218.00,95228.74,180,78,0
2026.02.25 09:12:00,95207.20,95217.94,95207.20,95217.94,180,78,0
2026.02.25 09:09:00,95196.40,95207.14,95196.40,95207.14,180,78,0
2026.02.25 09:06:00,95185.60,95196.34,95185.60,95196.34,180,78,0
2026.02.25 09:03:00,95193.00,95194.14,95176.00,95185.54,180,78,0
2026.02.25 09:00:00,95217.42,95224.68,95189.52,95192.94,180,78,0
2026.02.25 08:57:00,95220.12,95222.52,95209.08,95217.36,180,78,0
2026.02.25 08:54:00,95209.32,95220.06,95209.32,95220.06,180,78,0
2026.02.25 08:51:00,95238.04,95243.32,95203.92,95209.26,180,78,0
2026.02.25 08:48:00,95246.36,95251.22,95232.16,95237.98,180,78,0
2026.02.25 08:45:00,95235.56,95246.30,95235.56,95246.30,180,78,0
2026.02.25 08:42:00,95224.76,95235.50,95224.76,95235.50,180,78,0
2026.02.25 08:39:00,95263.83,95272.71,95222.90,95224.70,180,78,0
2026.02.25 08:36:00,95253.03,95263.77,95253.03,95263.77,180,78,0
2026.02.25 08:33:00,95262.34,95268.40,95248.35,95252.97,180,78,0
2026.02.25 08:30:00,95251.54,95262.28,95251.54,95262.28,180,78,0
2026.02.25 08:27:00,95240.74,95251.48,95240.74,95251.48,180,78,0
2026.02.25 08:24:00,95249.53,95255.53,95236.00,95240.68,180,78,0
2026.02.25 08:21:00,95238.73,95249.47,95238.73,95249.47,180,78,0
2026.02.25 08:18:00,95227.93,95238.67,95227.93,95238.67,180,78,0
2026.02.25 08:15:00,95217.13,95227.87,95217.13,95227.87,180,78,0
2026.02.25 08:12:00,95206.33,95217.07,95206.33,95217.07,180,78,0
2026.02.25 08:09:00,95225.82,95227.98,95197.75,95206.27,180,78,0
2026.02.25 08:06:00,95215.02,95225.76,95215.02,95225.76,180,78,0
2026.02.25 08:03:00,95204.22,95214.96,95204.22,95214.96,180,78,0
2026.02.25 08:00:00,95269.18,95269.60,95200.98,95204.16,180,78,0
2026.02.25 07:57:00,95258.38,95269.12,95258.38,95269.12,180,78,0
2026.02.25 07:54:00,95247.58,95258.32,95247.58,95258.32,180,78,0
2026.02.25 07:51:00,95236.78,95247.52,95236.78,95247.52,180,78,0
2026.02.25 07:48:00,95225.98,95236.72,95225.98,95236.72,180,78,0
2026.02.25 07:45:00,95235.55,95236.69,95216.38,95225.92,180,78,0
2026.02.25 07:42:00,95244.81,95248.89,95228.89,95235.49,180,78,0
2026.02.25 07:39:00,95270.41,95274.31,95242.23,95244.75,180,78,0
2026.02.25 07:36:00,95281.24,95291.02,95269.45,95270.35,180,78,0
2026.02.25 07:33:00,95270.44,95281.18,95270.44,95281.18,180,78,0
2026.02.25 07:30:00,95259.64,95270.38,95259.64,95270.38,180,78,0
2026.02.25 07:27:00,95248.84,95259.58,95248.84,95259.58,180,78,0
2026.02.25 07:24:00,95238.04,95248.78,95238.04,95248.78,180,78,0
2026.02.25 07:21:00,95246.17,95253.97,95235.10,95237.98,180,78,0
2026.02.25 07:18:00,95235.37,95246.11,95235.37,95246.11,180,78,0
2026.02.25 07:15:00,95224.57,95235.31,95224.57,95235.31,180,78,0
2026.02.25 07:12:00,95213.77,95224.51,95213.77,95224.51,180,78,0
2026.02.25 07:09:00,95216.93,95222.87,95208.97,95213.71,180,78,0
2026.02.25 07:06:00,95279.19,95280.93,95216.33,95216.87,180,78,0
2026.02.25 07:03:00,95268.39,95279.13,95268.39,95279.13,180,78,0
2026.02.25 07:00:00,95257.59,95268.33,95257.59,95268.33,180,78,0
2026.02.25 06:57:00,95246.79,95257.53,95246.79,95257.53,180,78,0
2026.02.25 06:54:00,95235.99,95246.73,95235.99,95246.73,180,78,0
2026.02.25 06:51:00,95246.07,95249.49,95228.67,95235.93,180,78,0
2026.02.25 06:48:00,95276.43,95284.23,95243.13,95246.01,180,78,0
2026.02.25 06:45:00,95265.63,95276.37,95265.63,95276.37,180,78,0
2026.02.25 06:42:00,95254.83,95265.57,95254.83,95265.57,180,78,0
2026.02.25 06:39:00,95244.03,95254.77,95244.03,95254.77,180,78,0
2026.02.25 06:36:00,95233.23,95243.97,95233.23,95243.97,180,78,0
2026.02.25 06:33:00,95248.38,95255.34,95229.45,95233.17,180,78,0
2026.02.25 06:30:00,95237.58,95248.32,95237.58,95248.32,180,78,0
2026.02.25 06:27:00,95226.78,95237.52,95226.78,95237.52,180,78,0
2026.02.25 06:24:00,95215.98,95226.72,95215.98,95226.72,180,78,0
2026.02.25 06:21:00,95205.18,95215.92,95205.18,95215.92,180,78,0
2026.02.25 06:18:00,95194.38,95205.12,95194.38,95205.12,180,78,0
2026.02.25 06:15:00,95183.58,95194.32,95183.58,95194.32,180,78,0
2026.02.25 06:12:00,95189.05,95198.65,95182.44,95183.52,180,78,0
2026.02.25 06:09:00,95178.25,95188.99,95178.25,95188.99,180,78,0
2026.02.25 06:06:00,95180.42,95182.52,95169.61,95178.19,180,78,0
2026.02.25 06:03:00,95198.79,95203.59,95174.48,95180.36,180,78,0
2026.02.25 06:00:00,95219.35,95224.09,95192.79,95198.73,180,78,0
2026.02.25 05:57:00,95248.72,95248.84,95215.69,95219.29,180,78,0
2026.02.25 05:54:00,95275.44,95281.74,95244.28,95248.66,180,78,0
2026.02.25 05:51:00,95264.64,95275.38,95264.64,95275.38,180,78,0
2026.02.25 05:48:00,95253.84,95264.58,95253.84,95264.58,180,78,0
2026.02.25 05:45:00,95243.04,95253.78,95243.04,95253.78,180,78,0
2026.02.25 05:42:00,95307.67,95311.21,95242.02,95242.98,180,78,0
2026.02.25 05:39:00,95296.87,95307.61,95296.87,95307.61,180,78,0
2026.02.25 05:36:00,95314.83,95318.01,95289.31,95296.81,180,78,0
2026.02.25 05:33:00,95358.35,95360.63,95313.09,95314.77,180,78,0
2026.02.25 05:30:00,95347.55,95358.29,95347.55,95358.29,180,78,0
2026.02.25 05:27:00,95336.75,95347.49,95336.75,95347.49,180,78,0
2026.02.25 05:24:00,95325.95,95336.69,95325.95,95336.69,180,78,0
2026.02.25 05:21:00,95337.87,95340.27,95317.61,95325.89,180,78,0
2026.02.25 05:18:00,95382.63,95385.87,95337.63,95337.81,180,78,0
2026.02.25 05:15:00,95395.91,95399.21,95375.19,95382.57,180,78,0
2026.02.25 05:12:00,95385.11,95395.85,95385.11,95395.85,180,78,0
2026.02.25 05:09:00,95390.28,95400.96,95385.05,95385.05,180,78,0
2026.02.25 05:06:00,95379.48,95390.22,95379.48,95390.22,180,78,0
2026.02.25 05:03:00,95368.62,95379.42,95368.62,95379.42,181,78,0
2026.02.25 05:00:00,95370.95,95381.09,95368.02,95368.56,180,78,0
2026.02.25 04:57:00,95386.92,95393.28,95366.57,95370.89,180,78,0
2026.02.25 04:54:00,95414.15,95422.37,95384.82,95386.86,180,78,0
2026.02.25 04:51:00,95441.62,95447.98,95409.77,95414.09,180,78,0
2026.02.25 04:48:00,95430.82,95441.56,95430.82,95441.56,180,78,0
2026.02.25 04:45:00,95456.52,95461.50,95425.42,95430.76,180,78,0
2026.02.25 04:42:00,95533.27,95533.81,95453.28,95456.46,180,78,0
2026.02.25 04:39:00,95522.47,95533.21,95522.47,95533.21,180,78,0
2026.02.25 04:36:00,95528.34,95532.30,95515.69,95522.41,180,78,0
2026.02.25 04:33:00,95517.54,95528.28,95517.54,95528.28,180,78,0
2026.02.25 04:30:00,95506.74,95517.48,95506.74,95517.48,180,78,0
2026.02.25 04:27:00,95495.94,95506.68,95495.94,95506.68,180,78,0
2026.02.25 04:24:00,95485.14,95495.88,95485.14,95495.88,180,78,0
2026.02.25 04:21:00,95512.78,95522.14,95483.76,95485.08,180,78,0
2026.02.25 04:18:00,95501.98,95512.72,95501.98,95512.72,180,78,0
2026.02.25 04:15:00,95503.45,95505.85,95493.64,95501.92,180,78,0
2026.02.25 04:12:00,95492.65,95503.39,95492.65,95503.39,180,78,0
2026.02.25 04:09:00,95481.85,95492.59,95481.85,95492.59,180,78,0
2026.02.25 04:06:00,95471.05,95481.79,95471.05,95481.79,180,78,0
2026.02.25 04:03:00,95460.25,95470.99,95460.25,95470.99,180,78,0
2026.02.25 04:00:00,95449.45,95460.19,95449.45,95460.19,180,78,0
2026.02.25 03:57:00,95466.62,95468.60,95440.69,95449.39,180,78,0
2026.02.25 03:54:00,95481.07,95484.49,95459.30,95466.56,180,78,0
2026.02.25 03:51:00,95470.27,95481.01,95470.27,95481.01,180,78,0
2026.02.25 03:48:00,95459.47,95470.21,95459.47,95470.21,180,78,0
2026.02.25 03:45:00,95448.67,95459.41,95448.67,95459.41,180,78,0
2026.02.25 03:42:00,95473.09,95478.01,95444.83,95448.61,180,78,0
2026.02.25 03:39:00,95462.29,95473.03,95462.29,95473.03,180,78,0
2026.02.25 03:36:00,95451.49,95462.23,95451.49,95462.23,180,78,0
2026.02.25 03:33:00,95440.69,95451.43,95440.69,95451.43,180,78,0
2026.02.25 03:30:00,95464.72,95473.18,95438.41,95440.63,180,78,0
2026.02.25 03:27:00,95453.92,95464.66,95453.92,95464.66,180,78,0
2026.02.25 03:24:00,95443.12,95453.86,95443.12,95453.86,180,78,0
2026.02.25 03:21:00,95454.50,95462.96,95440.84,95443.06,180,78,0
2026.02.25 03:18:00,95443.70,95454.44,95443.70,95454.44,180,78,0
2026.02.25 03:15:00,95456.02,95461.48,95438.42,95443.64,180,78,0
2026.02.25 03:12:00,95445.22,95455.96,95445.22,95455.96,180,78,0
2026.02.25 03:09:00,95434.42,95445.16,95434.42,95445.16,180,78,0
2026.02.25 03:06:00,95423.62,95434.36,95423.62,95434.36,180,78,0
2026.02.25 03:03:00,95467.32,95471.76,95418.52,95423.56,180,78,0
2026.02.25 03:00:00,95456.52,95467.26,95456.52,95467.26,180,78,0
2026.02.25 02:57:00,95445.72,95456.46,95445.72,95456.46,180,78,0
2026.02.25 02:54:00,95434.92,95445.66,95434.92,95445.66,180,78,0
2026.02.25 02:51:00,95424.12,95434.86,95424.12,95434.86,180,78,0
2026.02.25 02:48:00,95463.72,95468.76,95422.62,95424.06,180,78,0
2026.02.25 02:45:00,95452.92,95463.66,95452.92,95463.66,180,78,0
2026.02.25 02:42:00,95442.12,95452.86,95442.12,95452.86,180,78,0
2026.02.25 02:39:00,95431.32,95442.06,95431.32,95442.06,180,78,0
2026.02.25 02:36:00,95420.52,95431.26,95420.52,95431.26,180,78,0
2026.02.25 02:33:00,95409.72,95420.46,95409.72,95420.46,180,78,0
2026.02.25 02:30:00,95420.20,95427.28,95406.06,95409.66,180,78,0
2026.02.25 02:27:00,95409.40,95420.14,95409.40,95420.14,180,78,0
2026.02.25 02:24:00,95398.60,95409.34,95398.60,95409.34,180,78,0
2026.02.25 02:21:00,95439.34,95441.26,95397.76,95398.54,180,78,0
2026.02.25 02:18:00,95487.77,95491.55,95432.74,95439.28,180,78,0
2026.02.25 02:15:00,95524.43,95526.47,95485.31,95487.71,180,78,0
2026.02.25 02:12:00,95537.68,95545.12,95521.13,95524.37,180,78,0
2026.02.25 02:09:00,95526.88,95537.62,95526.88,95537.62,180,78,0
2026.02.25 02:06:00,95531.15,95537.99,95522.98,95526.82,180,78,0
2026.02.25 02:03:00,95520.35,95531.09,95520.35,95531.09,180,78,0
2026.02.25 02:00:00,95509.55,95520.29,95509.55,95520.29,180,78,0
2026.02.25 01:57:00,95498.75,95509.49,95498.75,95509.49,180,78,0
2026.02.25 01:54:00,95531.79,95540.25,95497.01,95498.69,180,78,0
2026.02.25 01:51:00,95520.99,95531.73,95520.99,95531.73,180,78,0
2026.02.25 01:48:00,95510.19,95520.93,95510.19,95520.93,180,78,0
2026.02.25 01:45:00,95499.39,95510.13,95499.39,95510.13,180,78,0
2026.02.25 01:42:00,95547.59,95555.33,95498.25,95499.33,180,78,0
2026.02.25 01:39:00,95536.79,95547.53,95536.79,95547.53,180,78,0
2026.02.25 01:36:00,95525.99,95536.73,95525.99,95536.73,180,78,0
2026.02.25 01:33:00,95515.19,95525.93,95515.19,95525.93,180,78,0
2026.02.25 01:30:00,95524.67,95528.93,95508.71,95515.13,180,78,0
2026.02.25 01:27:00,95513.87,95524.61,95513.87,95524.61,180,78,0
2026.02.25 01:24:00,95503.07,95513.81,95503.07,95513.81,180,78,0
2026.02.25 01:21:00,95492.27,95503.01,95492.27,95503.01,180,78,0
2026.02.25 01:18:00,95510.14,95517.46,95488.85,95492.21,180,78,0
2026.02.25 01:15:00,95499.34,95510.08,95499.34,95510.08,180,78,0
2026.02.25 01:12:00,95488.54,95499.28,95488.54,95499.28,180,78,0
2026.02.25 01:09:00,95477.74,95488.48,95477.74,95488.48,180,78,0
2026.02.25 01:06:00,95466.94,95477.68,95466.94,95477.68,180,78,0
2026.02.25 01:03:00,95487.23,95494.43,95463.40,95466.88,180,78,0
2026.02.25 01:00:00,95476.43,95487.17,95476.43,95487.17,180,78,0
2026.02.25 00:57:00,95497.94,95499.08,95466.83,95476.37,180,78,0
2026.02.25 00:54:00,95500.27,95504.35,95491.28,95497.88,180,78,0
2026.02.25 00:51:00,95489.47,95500.21,95489.47,95500.21,180,78,0
2026.02.25 00:48:00,95478.67,95489.41,95478.67,95489.41,180,78,0
2026.02.25 00:45:00,95467.87,95478.61,95467.87,95478.61,180,78,0
2026.02.25 00:42:00,95477.43,95479.35,95459.05,95467.81,180,78,0
2026.02.25 00:39:00,95483.62,95491.42,95474.49,95477.37,180,78,0
2026.02.25 00:36:00,95530.09,95534.29,95478.94,95483.56,180,78,0
2026.02.25 00:33:00,95519.29,95530.03,95519.29,95530.03,180,78,0
2026.02.25 00:30:00,95508.49,95519.23,95508.49,95519.23,180,78,0
2026.02.25 00:27:00,95497.69,95508.43,95497.69,95508.43,180,78,0
2026.02.25 00:24:00,95516.72,95517.14,95487.37,95497.63,180,78,0
2026.02.25 00:21:00,95521.86,95524.08,95508.20,95516.66,180,78,0
2026.02.25 00:18:00,95511.06,95521.80,95511.06,95521.80,180,78,0
2026.02.25 00:15:00,95500.26,95511.00,95500.26,95511.00,180,78,0
2026.02.25 00:12:00,95508.84,95518.02,95498.70,95500.20,180,78,0
2026.02.25 00:09:00,95529.49,95534.95,95503.56,95508.78,180,78,0
2026.02.25 00:06:00,95518.69,95529.43,95518.69,95529.43,180,78,0
2026.02.25 00:03:00,95537.32,95541.94,95512.57,95518.63,180,78,0
2026.02.25 00:00:00,95526.52,95537.26,95526.52,95537.26,180,78,0
2026.02.24 23:57:00,95515.72,95526.46,95515.72,95526.46,180,78,0
2026.02.24 23:54:00,95504.92,95515.66,95504.92,95515.66,180,78,0
2026.02.24 23:51:00,95506.84,95508.82,95496.16,95504.86,180,78,0
2026.02.24 23:48:00,95496.04,95506.78,95496.04,95506.78,180,78,0
2026.02.24 23:45:00,95503.28,95513.96,95495.98,95495.98,180,78,0
2026.02.24 23:42:00,95514.37,95516.53,95494.70,95503.22,180,78,0
2026.02.24 23:39:00,95503.57,95514.31,95503.57,95514.31,180,78,0
2026.02.24 23:36:00,95492.77,95503.51,95492.77,95503.51,180,78,0
2026.02.24 23:33:00,95510.35,95517.37,95489.05,95492.71,180,78,0
2026.02.24 23:30:00,95512.44,95514.66,95501.83,95510.29,180,78,0
2026.02.24 23:27:00,95570.22,95570.88,95507.94,95512.38,180,78,0
2026.02.24 23:24:00,95559.42,95570.16,95559.42,95570.16,180,78,0
2026.02.24 23:21:00,95577.42,95582.88,95554.14,95559.36,180,78,0
2026.02.24 23:18:00,95614.78,95617.00,95570.52,95577.36,180,78,0
2026.02.24 23:15:00,95603.98,95614.72,95603.98,95614.72,180,78,0
2026.02.24 23:12:00,95593.18,95603.92,95593.18,95603.92,180,78,0
2026.02.24 23:09:00,95582.38,95593.12,95582.38,95593.12,180,78,0
2026.02.24 23:06:00,95628.41,95629.55,95578.72,95582.32,180,78,0
2026.02.24 23:03:00,95632.76,95636.90,95621.81,95628.35,180,78,0
2026.02.24 23:00:00,95621.96,95632.70,95621.96,95632.70,180,78,0
2026.02.24 22:57:00,95611.16,95621.90,95611.16,95621.90,180,78,0
2026.02.24 22:54:00,95600.36,95611.10,95600.36,95611.10,180,78,0
2026.02.24 22:51:00,95607.89,95614.19,95595.92,95600.30,180,78,0
2026.02.24 22:48:00,95597.09,95607.83,95597.09,95607.83,180,78,0
2026.02.24 22:45:00,95586.29,95597.03,95586.29,95597.03,180,78,0
2026.02.24 22:42:00,95627.44,95628.28,95578.79,95586.23,180,78,0
2026.02.24 22:39:00,95616.64,95627.38,95616.64,95627.38,180,78,0
2026.02.24 22:36:00,95605.84,95616.58,95605.84,95616.58,180,78,0
2026.02.24 22:33:00,95595.04,95605.78,95595.04,95605.78,180,78,0
2026.02.24 22:30:00,95584.24,95594.98,95584.24,95594.98,180,78,0
2026.02.24 22:27:00,95573.44,95584.18,95573.44,95584.18,180,78,0
2026.02.24 22:24:00,95579.83,95588.77,95571.64,95573.38,180,78,0
2026.02.24 22:21:00,95588.65,95594.05,95574.49,95579.77,180,78,0
2026.02.24 22:18:00,95577.85,95588.59,95577.85,95588.59,180,78,0
2026.02.24 22:15:00,95567.05,95577.79,95567.05,95577.79,180,78,0
2026.02.24 22:12:00,95556.25,95566.99,95556.25,95566.99,180,78,0
2026.02.24 22:09:00,95545.45,95556.19,95545.45,95556.19,180,78,0
2026.02.24 22:06:00,95534.65,95545.39,95534.65,95545.39,180,78,0
2026.02.24 22:03:00,95555.04,95555.82,95524.75,95534.59,180,78,0
2026.02.24 22:00:00,95597.82,95599.50,95546.10,95554.98,180,78,0
2026.02.24 21:57:00,95587.02,95597.76,95587.02,95597.76,180,78,0
2026.02.24 21:54:00,95576.22,95586.96,95576.22,95586.96,180,78,0
2026.02.24 21:51:00,95579.61,95586.75,95572.62,95576.16,180,78,0
2026.02.24 21:48:00,95568.81,95579.55,95568.81,95579.55,180,78,0
2026.02.24 21:45:00,95558.01,95568.75,95558.01,95568.75,180,78,0
2026.02.24 21:42:00,95547.21,95557.95,95547.21,95557.95,180,78,0
2026.02.24 21:39:00,95536.41,95547.15,95536.41,95547.15,180,78,0
2026.02.24 21:36:00,95525.61,95536.35,95525.61,95536.35,180,78,0
2026.02.24 21:33:00,95514.81,95525.55,95514.81,95525.55,180,78,0
2026.02.24 21:30:00,95547.01,95548.39,95508.03,95514.75,180,78,0
2026.02.24 21:27:00,95536.21,95546.95,95536.21,95546.95,180,78,0
2026.02.24 21:24:00,95552.32,95559.10,95532.25,95536.15,180,78,0
2026.02.24 21:21:00,95541.52,95552.26,95541.52,95552.26,180,78,0
2026.02.24 21:18:00,95530.72,95541.46,95530.72,95541.46,180,78,0
2026.02.24 21:15:00,95519.92,95530.66,95519.92,95530.66,180,78,0
2026.02.24 21:12:00,95509.12,95519.86,95509.12,95519.86,180,78,0
2026.02.24 21:09:00,95586.96,95588.88,95506.36,95509.06,180,78,0
2026.02.24 21:06:00,95606.16,95613.96,95584.02,95586.90,180,78,0
2026.02.24 21:03:00,95623.40,95628.56,95600.58,95606.10,180,78,0
2026.02.24 21:00:00,95632.40,95640.14,95620.40,95623.34,180,78,0
2026.02.24 20:57:00,95621.60,95632.34,95621.60,95632.34,180,78,0
2026.02.24 20:54:00,95647.07,95649.05,95615.96,95621.54,180,78,0
2026.02.24 20:51:00,95649.02,95659.70,95647.01,95647.01,180,78,0
2026.02.24 20:48:00,95671.22,95675.24,95642.30,95648.96,180,78,0
2026.02.24 20:45:00,95682.93,95688.21,95665.76,95671.16,180,78,0
2026.02.24 20:42:00,95672.13,95682.87,95672.13,95682.87,180,78,0
2026.02.24 20:39:00,95661.33,95672.07,95661.33,95672.07,180,78,0
2026.02.24 20:36:00,95650.53,95661.27,95650.53,95661.27,180,78,0
2026.02.24 20:33:00,95639.73,95650.47,95639.73,95650.47,180,78,0
2026.02.24 20:30:00,95628.93,95639.67,95628.93,95639.67,180,78,0
2026.02.24 20:27:00,95647.83,95655.51,95625.87,95628.87,180,78,0
2026.02.24 20:24:00,95637.03,95647.77,95637.03,95647.77,180,78,0
2026.02.24 20:21:00,95626.23,95636.97,95626.23,95636.97,180,78,0
2026.02.24 20:18:00,95615.43,95626.17,95615.43,95626.17,180,78,0
2026.02.24 20:15:00,95627.09,95631.59,95609.19,95615.37,180,78,0
2026.02.24 20:12:00,95616.29,95627.03,95616.29,95627.03,180,78,0
2026.02.24 20:09:00,95619.02,95629.16,95615.69,95616.23,180,78,0
2026.02.24 20:06:00,95608.22,95618.96,95608.22,95618.96,180,78,0
2026.02.24 20:03:00,95597.42,95608.16,95597.42,95608.16,180,78,0
2026.02.24 20:00:00,95586.56,95597.36,95586.56,95597.36,181,78,0
2026.02.24 19:57:00,95575.76,95586.50,95575.76,95586.50,180,78,0
2026.02.24 19:54:00,95564.96,95575.70,95564.96,95575.70,180,78,0
2026.02.24 19:51:00,95554.16,95564.90,95554.16,95564.90,180,78,0
2026.02.24 19:48:00,95543.36,95554.10,95543.36,95554.10,180,78,0
2026.02.24 19:45:00,95532.56,95543.30,95532.56,95543.30,180,78,0
2026.02.24 19:42:00,95552.60,95558.12,95527.34,95532.50,180,78,0
2026.02.24 19:39:00,95541.80,95552.54,95541.80,95552.54,180,78,0
2026.02.24 19:36:00,95531.00,95541.74,95531.00,95541.74,180,78,0
2026.02.24 19:33:00,95545.51,95551.09,95525.84,95530.94,180,78,0
2026.02.24 19:30:00,95601.97,95603.59,95543.65,95545.45,180,78,0
2026.02.24 19:27:00,95611.96,95617.72,95596.99,95601.91,180,78,0
2026.02.24 19:24:00,95624.53,95635.21,95611.90,95611.90,180,78,0
2026.02.24 19:21:00,95680.23,95683.05,95617.57,95624.47,180,78,0
2026.02.24 19:18:00,95669.43,95680.17,95669.43,95680.17,180,78,0
2026.02.24 19:15:00,95681.30,95687.24,95664.63,95669.37,180,78,0
2026.02.24 19:12:00,95693.86,95695.24,95671.94,95681.24,180,78,0
2026.02.24 19:09:00,95683.06,95693.80,95683.06,95693.80,180,78,0
2026.02.24 19:06:00,95672.26,95683.00,95672.26,95683.00,180,78,0
2026.02.24 19:03:00,95661.46,95672.20,95661.46,95672.20,180,78,0
2026.02.24 19:00:00,95650.66,95661.40,95650.66,95661.40,180,78,0
2026.02.24 18:57:00,95639.86,95650.60,95639.86,95650.60,180,78,0
2026.02.24 18:54:00,95629.06,95639.80,95629.06,95639.80,180,78,0
2026.02.24 18:51:00,95659.36,95668.00,95626.96,95629.00,180,78,0
2026.02.24 18:48:00,95648.56,95659.30,95648.56,95659.30,180,78,0
2026.02.24 18:45:00,95637.76,95648.50,95637.76,95648.50,180,78,0
2026.02.24 18:42:00,95639.89,95649.19,95636.32,95637.70,180,78,0
2026.02.24 18:39:00,95659.41,95664.27,95634.01,95639.83,180,78,0
2026.02.24 18:36:00,95648.61,95659.35,95648.61,95659.35,180,78,0
2026.02.24 18:33:00,95637.81,95648.55,95637.81,95648.55,180,78,0
2026.02.24 18:30:00,95627.01,95637.75,95627.01,95637.75,180,78,0
2026.02.24 18:27:00,95631.27,95641.35,95626.35,95626.95,180,78,0
2026.02.24 18:24:00,95636.02,95636.68,95621.19,95631.21,180,78,0
2026.02.24 18:21:00,95625.22,95635.96,95625.22,95635.96,180,78,0
2026.02.24 18:18:00,95665.72,95669.50,95620.48,95625.16,180,78,0
2026.02.24 18:15:00,95654.92,95665.66,95654.92,95665.66,180,78,0
2026.02.24 18:12:00,95667.34,95673.82,95650.66,95654.86,180,78,0
2026.02.24 18:09:00,95656.54,95667.28,95656.54,95667.28,180,78,0
2026.02.24 18:06:00,95645.74,95656.48,95645.74,95656.48,180,78,0
2026.02.24 18:03:00,95667.56,95667.68,95643.64,95645.68,180,78,0
2026.02.24 18:00:00,95656.76,95667.50,95656.76,95667.50,180,78,0
2026.02.24 17:57:00,95645.96,95656.70,95645.96,95656.70,180,78,0
2026.02.24 17:54:00,95635.16,95645.90,95635.16,95645.90,180,78,0
2026.02.24 17:51:00,95640.69,95645.31,95629.04,95635.10,180,78,0
2026.02.24 17:48:00,95654.08,95659.42,95635.29,95640.63,180,78,0
2026.02.24 17:45:00,95643.28,95654.02,95643.28,95654.02,180,78,0
2026.02.24 17:42:00,95632.48,95643.22,95632.48,95643.22,180,78,0
2026.02.24 17:39:00,95621.68,95632.42,95621.68,95632.42,180,78,0
2026.02.24 17:36:00,95610.88,95621.62,95610.88,95621.62,180,78,0
2026.02.24 17:33:00,95600.08,95610.82,95600.08,95610.82,180,78,0
2026.02.24 17:30:00,95589.28,95600.02,95589.28,95600.02,180,78,0
2026.02.24 17:27:00,95617.60,95619.70,95580.64,95589.22,180,78,0
2026.02.24 17:24:00,95606.80,95617.54,95606.80,95617.54,180,78,0
2026.02.24 17:21:00,95596.00,95606.74,95596.00,95606.74,180,78,0
2026.02.24 17:18:00,95585.20,95595.94,95585.20,95595.94,180,78,0
2026.02.24 17:15:00,95595.72,95600.28,95579.02,95585.14,180,78,0
2026.02.24 17:12:00,95584.92,95595.66,95584.92,95595.66,180,78,0
2026.02.24 17:09:00,95574.12,95584.86,95574.12,95584.86,180,78,0
2026.02.24 17:06:00,95563.32,95574.06,95563.32,95574.06,180,78,0
2026.02.24 17:03:00,95568.41,95568.65,95552.82,95563.26,180,78,0
2026.02.24 17:00:00,95557.61,95568.35,95557.61,95568.35,180,78,0
2026.02.24 16:57:00,95573.82,95575.02,95548.07,95557.55,180,78,0
2026.02.24 16:54:00,95577.77,95583.35,95568.66,95573.76,180,78,0
2026.02.24 16:51:00,95586.39,95586.87,95567.51,95577.71,180,78,0
2026.02.24 16:48:00,95575.59,95586.33,95575.59,95586.33,180,78,0
2026.02.24 16:45:00,95564.79,95575.53,95564.79,95575.53,180,78,0
2026.02.24 16:42:00,95575.34,95580.08,95558.79,95564.73,180,78,0
2026.02.24 16:39:00,95564.54,95575.28,95564.54,95575.28,180,78,0
2026.02.24 16:36:00,95569.90,95575.18,95559.08,95564.48,180,78,0
2026.02.24 16:33:00,95559.10,95569.84,95559.10,95569.84,180,78,0
2026.02.24 16:30:00,95548.30,95559.04,95548.30,95559.04,180,78,0
2026.02.24 16:27:00,95537.50,95548.24,95537.50,95548.24,180,78,0
2026.02.24 16:24:00,95540.48,95543.00,95529.28,95537.44,180,78,0
2026.02.24 16:21:00,95529.68,95540.42,95529.68,95540.42,180,78,0
2026.02.24 16:18:00,95545.24,95547.70,95521.40,95529.62,180,78,0
2026.02.24 16:15:00,95534.44,95545.18,95534.44,95545.18,180,78,0
2026.02.24 16:12:00,95523.64,95534.38,95523.64,95534.38,180,78,0
2026.02.24 16:09:00,95531.46,95536.44,95517.88,95523.58,180,78,0
2026.02.24 16:06:00,95520.66,95531.40,95520.66,95531.40,180,78,0
2026.02.24 16:03:00,95521.91,95531.15,95519.16,95520.60,180,78,0
2026.02.24 16:00:00,95552.72,95562.86,95521.31,95521.85,180,78,0
2026.02.24 15:57:00,95560.88,95569.88,95550.98,95552.66,180,78,0
2026.02.24 15:54:00,95550.08,95560.82,95550.08,95560.82,180,78,0
2026.02.24 15:51:00,95562.69,95565.15,95541.80,95550.02,180,78,0
2026.02.24 15:48:00,95594.09,95599.19,95557.05,95562.63,180,78,0
2026.02.24 15:45:00,95595.46,95603.50,95591.39,95594.03,180,78,0
2026.02.24 15:42:00,95636.64,95637.48,95591.98,95595.40,180,78,0
2026.02.24 15:39:00,95625.84,95636.58,95625.84,95636.58,180,78,0
2026.02.24 15:36:00,95615.04,95625.78,95615.04,95625.78,180,78,0
2026.02.24 15:33:00,95604.24,95614.98,95604.24,95614.98,180,78,0
2026.02.24 15:30:00,95593.44,95604.18,95593.44,95604.18,180,78,0
2026.02.24 15:27:00,95625.84,95631.06,95587.92,95593.38,180,78,0
2026.02.24 15:24:00,95615.04,95625.78,95615.04,95625.78,180,78,0
2026.02.24 15:21:00,95604.24,95614.98,95604.24,95614.98,180,78,0
2026.02.24 15:18:00,95593.44,95604.18,95593.44,95604.18,180,78,0
2026.02.24 15:15:00,95582.64,95593.38,95582.64,95593.38,180,78,0
2026.02.24 15:12:00,95627.95,95628.49,95579.82,95582.58,180,78,0
2026.02.24 15:09:00,95617.15,95627.89,95617.15,95627.89,180,78,0
2026.02.24 15:06:00,95606.35,95617.09,95606.35,95617.09,180,78,0
2026.02.24 15:03:00,95595.55,95606.29,95595.55,95606.29,180,78,0
2026.02.24 15:00:00,95616.89,95622.23,95590.15,95595.49,180,78,0
2026.02.24 14:57:00,95630.91,95631.09,95606.33,95616.83,180,78,0
2026.02.24 14:54:00,95683.91,95684.69,95625.51,95630.85,180,78,0
2026.02.24 14:51:00,95673.11,95683.85,95673.11,95683.85,180,78,0
2026.02.24 14:48:00,95678.93,95682.23,95665.67,95673.05,180,78,0
2026.02.24 14:45:00,95668.13,95678.87,95668.13,95678.87,180,78,0
2026.02.24 14:42:00,95697.44,95697.44,95657.39,95668.07,180,78,0
2026.02.24 14:39:00,95686.64,95697.38,95686.64,95697.38,180,78,0
2026.02.24 14:36:00,95675.84,95686.58,95675.84,95686.58,180,78,0
2026.02.24 14:33:00,95711.58,95716.56,95672.36,95675.78,180,78,0
2026.02.24 14:30:00,95700.78,95711.52,95700.78,95711.52,180,78,0
2026.02.24 14:27:00,95689.98,95700.72,95689.98,95700.72,180,78,0
2026.02.24 14:24:00,95679.18,95689.92,95679.18,95689.92,180,78,0
2026.02.24 14:21:00,95668.38,95679.12,95668.38,95679.12,180,78,0
2026.02.24 14:18:00,95671.72,95676.04,95661.96,95668.32,180,78,0
2026.02.24 14:15:00,95691.43,95697.67,95667.22,95671.66,180,78,0
2026.02.24 14:12:00,95709.06,95712.54,95684.17,95691.37,180,78,0
2026.02.24 14:09:00,95698.26,95709.00,95698.26,95709.00,180,78,0
2026.02.24 14:06:00,95687.46,95698.20,95687.46,95698.20,180,78,0
2026.02.24 14:03:00,95676.66,95687.40,95676.66,95687.40,180,78,0
2026.02.24 14:00:00,95665.86,95676.60,95665.86,95676.60,180,78,0
2026.02.24 13:57:00,95655.06,95665.80,95655.06,95665.80,180,78,0
2026.02.24 13:54:00,95644.26,95655.00,95644.26,95655.00,180,78,0
2026.02.24 13:51:00,95633.46,95644.20,95633.46,95644.20,180,78,0
2026.02.24 13:48:00,95622.66,95633.40,95622.66,95633.40,180,78,0
2026.02.24 13:45:00,95631.67,95634.91,95615.16,95622.60,180,78,0
2026.02.24 13:42:00,95620.87,95631.61,95620.87,95631.61,180,78,0
2026.02.24 13:39:00,95704.40,95708.84,95617.75,95620.81,180,78,0
2026.02.24 13:36:00,95693.60,95704.34,95693.60,95704.34,180,78,0
2026.02.24 13:33:00,95682.80,95693.54,95682.80,95693.54,180,78,0
2026.02.24 13:30:00,95672.00,95682.74,95672.00,95682.74,180,78,0
2026.02.24 13:27:00,95735.42,95741.72,95669.36,95671.94,180,78,0
2026.02.24 13:24:00,95724.62,95735.36,95724.62,95735.36,180,78,0
2026.02.24 13:21:00,95713.82,95724.56,95713.82,95724.56,180,78,0
2026.02.24 13:18:00,95734.46,95744.66,95713.28,95713.76,180,78,0
2026.02.24 13:15:00,95723.66,95734.40,95723.66,95734.40,180,78,0
2026.02.24 13:12:00,95712.86,95723.60,95712.86,95723.60,180,78,0
2026.02.24 13:09:00,95702.06,95712.80,95702.06,95712.80,180,78,0
2026.02.24 13:06:00,95691.26,95702.00,95691.26,95702.00,180,78,0
2026.02.24 13:03:00,95680.46,95691.20,95680.46,95691.20,180,78,0
2026.02.24 13:00:00,95669.66,95680.40,95669.66,95680.40,180,78,0
2026.02.24 12:57:00,95676.05,95680.91,95663.78,95669.60,180,78,0
2026.02.24 12:54:00,95665.25,95675.99,95665.25,95675.99,180,78,0
2026.02.24 12:51:00,95666.49,95668.83,95656.85,95665.19,180,78,0
2026.02.24 12:48:00,95750.34,95753.82,95664.81,95666.43,180,78,0
2026.02.24 12:45:00,95766.83,95770.91,95743.68,95750.28,180,78,0
2026.02.24 12:42:00,95756.03,95766.77,95756.03,95766.77,180,78,0
2026.02.24 12:39:00,95745.23,95755.97,95745.23,95755.97,180,78,0
2026.02.24 12:36:00,95758.78,95766.40,95742.11,95745.17,180,78,0
2026.02.24 12:33:00,95747.98,95758.72,95747.98,95758.72,180,78,0
2026.02.24 12:30:00,95737.18,95747.92,95737.18,95747.92,180,78,0
2026.02.24 12:27:00,95726.38,95737.12,95726.38,95737.12,180,78,0
2026.02.24 12:24:00,95715.58,95726.32,95715.58,95726.32,180,78,0
2026.02.24 12:21:00,95721.86,95732.36,95715.34,95715.52,180,78,0
2026.02.24 12:18:00,95742.52,95748.52,95717.12,95721.80,180,78,0
2026.02.24 12:15:00,95768.43,95771.31,95736.70,95742.46,180,78,0
2026.02.24 12:12:00,95757.63,95768.37,95757.63,95768.37,180,78,0
2026.02.24 12:09:00,95746.83,95757.57,95746.83,95757.57,180,78,0
2026.02.24 12:06:00,95736.03,95746.77,95736.03,95746.77,180,78,0
2026.02.24 12:03:00,95725.23,95735.97,95725.23,95735.97,180,78,0
2026.02.24 12:00:00,95714.43,95725.17,95714.43,95725.17,180,78,0
2026.02.24 11:57:00,95703.63,95714.37,95703.63,95714.37,180,78,0
2026.02.24 11:54:00,95692.83,95703.57,95692.83,95703.57,180,78,0
2026.02.24 11:51:00,95701.22,95702.84,95683.71,95692.77,180,78,0
2026.02.24 11:48:00,95690.42,95701.16,95690.42,95701.16,180,78,0
2026.02.24 11:45:00,95700.64,95700.82,95679.86,95690.36,180,78,0
2026.02.24 11:42:00,95689.84,95700.58,95689.84,95700.58,180,78,0
2026.02.24 11:39:00,95679.04,95689.78,95679.04,95689.78,180,78,0
2026.02.24 11:36:00,95685.83,95696.57,95685.83,95696.57,180,78,0
2026.02.24 11:33:00,95711.89,95721.07,95684.27,95685.77,180,78,0
2026.02.24 11:30:00,95701.09,95711.83,95701.09,95711.83,180,78,0
2026.02.24 11:27:00,95719.41,95725.77,95696.71,95701.03,180,78,0
2026.02.24 11:24:00,95736.97,95742.67,95714.37,95719.35,180,78,0
2026.02.24 11:21:00,95726.17,95736.91,95726.17,95736.91,180,78,0
2026.02.24 11:18:00,95754.28,95754.88,95722.09,95726.11,180,78,0
2026.02.24 11:15:00,95743.48,95754.22,95743.48,95754.22,180,78,0
2026.02.24 11:12:00,95732.68,95743.42,95732.68,95743.42,180,78,0
2026.02.24 11:09:00,95721.88,95732.62,95721.88,95732.62,180,78,0
2026.02.24 11:06:00,95734.77,95742.09,95718.46,95721.82,180,78,0
2026.02.24 11:03:00,95790.86,95792.12,95732.73,95734.71,180,78,0
2026.02.24 11:00:00,95780.06,95790.80,95780.06,95790.80,180,78,0
2026.02.24 10:57:00,95791.76,95794.52,95772.02,95780.00,181,78,0
2026.02.24 10:54:00,95811.28,95821.84,95791.58,95791.70,180,78,0
2026.02.24 10:51:00,95800.48,95811.22,95800.48,95811.22,180,78,0
2026.02.24 10:48:00,95789.68,95800.42,95789.68,95800.42,180,78,0
2026.02.24 10:45:00,95778.88,95789.62,95778.88,95789.62,180,78,0
2026.02.24 10:42:00,95768.08,95778.82,95768.08,95778.82,180,78,0
2026.02.24 10:39:00,95776.20,95778.36,95759.50,95768.02,180,78,0
2026.02.24 10:36:00,95765.40,95776.14,95765.40,95776.14,180,78,0
2026.02.24 10:33:00,95754.60,95765.34,95754.60,95765.34,180,78,0
2026.02.24 10:30:00,95772.43,95782.93,95754.36,95754.54,180,78,0
2026.02.24 10:27:00,95794.18,95803.84,95771.35,95772.37,180,78,0
2026.02.24 10:24:00,95841.84,95846.04,95790.40,95794.12,180,78,0
2026.02.24 10:21:00,95858.01,95861.25,95834.34,95841.78,180,78,0
2026.02.24 10:18:00,95847.21,95857.95,95847.21,95857.95,180,78,0
2026.02.24 10:15:00,95836.41,95847.15,95836.41,95847.15,180,78,0
2026.02.24 10:12:00,95825.61,95836.35,95825.61,95836.35,180,78,0
2026.02.24 10:09:00,95814.81,95825.55,95814.81,95825.55,180,78,0
2026.02.24 10:06:00,95804.01,95814.75,95804.01,95814.75,180,78,0
2026.02.24 10:03:00,95793.21,95803.95,95793.21,95803.95,180,78,0
2026.02.24 10:00:00,95782.41,95793.15,95782.41,95793.15,180,78,0
2026.02.24 09:57:00,95771.61,95782.35,95771.61,95782.35,180,78,0
2026.02.24 09:54:00,95780.13,95781.63,95762.37,95771.55,180,78,0
2026.02.24 09:51:00,95769.33,95780.07,95769.33,95780.07,180,78,0
2026.02.24 09:48:00,95812.24,95815.18,95764.95,95769.27,180,78,0
2026.02.24 09:45:00,95801.44,95812.18,95801.44,95812.18,180,78,0
2026.02.24 09:42:00,95790.64,95801.38,95790.64,95801.38,180,78,0
2026.02.24 09:39:00,95779.84,95790.58,95779.84,95790.58,180,78,0
2026.02.24 09:36:00,95769.04,95779.78,95769.04,95779.78,180,78,0
2026.02.24 09:33:00,95777.08,95784.94,95766.16,95768.98,180,78,0
2026.02.24 09:30:00,95766.28,95777.02,95766.28,95777.02,180,78,0
2026.02.24 09:27:00,95784.30,95788.68,95759.92,95766.22,180,78,0
2026.02.24 09:24:00,95773.50,95784.24,95773.50,95784.24,180,78,0
2026.02.24 09:21:00,95762.70,95773.44,95762.70,95773.44,180,78,0
2026.02.24 09:18:00,95751.90,95762.64,95751.90,95762.64,180,78,0
2026.02.24 09:15:00,95773.69,95779.81,95747.28,95751.84,180,78,0
2026.02.24 09:12:00,95762.89,95773.63,95762.89,95773.63,180,78,0
2026.02.24 09:09:00,95752.09,95762.83,95752.09,95762.83,180,78,0
2026.02.24 09:06:00,95771.87,95778.83,95748.31,95752.03,180,78,0
2026.02.24 09:03:00,95774.47,95785.21,95774.47,95785.21,180,78,0
2026.02.24 09:00:00,95810.97,95821.05,95773.81,95774.41,180,78,0
2026.02.24 08:57:00,95849.37,95856.51,95808.45,95810.91,180,78,0
2026.02.24 08:54:00,95865.13,95873.83,95847.33,95849.31,180,78,0
2026.02.24 08:51:00,95854.33,95865.07,95854.33,95865.07,180,78,0
2026.02.24 08:48:00,95866.50,95869.86,95846.95,95854.27,180,78,0
2026.02.24 08:45:00,95855.70,95866.44,95855.70,95866.44,180,78,0
2026.02.24 08:42:00,95844.90,95855.64,95844.90,95855.64,180,78,0
2026.02.24 08:39:00,95834.10,95844.84,95834.10,95844.84,180,78,0
2026.02.24 08:36:00,95823.30,95834.04,95823.30,95834.04,180,78,0
2026.02.24 08:33:00,95875.11,95881.83,95820.06,95823.24,180,78,0
2026.02.24 08:30:00,95864.31,95875.05,95864.31,95875.05,180,78,0
2026.02.24 08:27:00,95853.51,95864.25,95853.51,95864.25,180,78,0
2026.02.24 08:24:00,95842.71,95853.45,95842.71,95853.45,180,78,0
2026.02.24 08:21:00,95831.91,95842.65,95831.91,95842.65,180,78,0
2026.02.24 08:18:00,95835.24,95841.24,95827.17,95831.85,180,78,0
2026.02.24 08:15:00,95845.67,95846.57,95825.40,95835.18,180,78,0
2026.02.24 08:12:00,95834.87,95845.61,95834.87,95845.61,180,78,0
2026.02.24 08:09:00,95841.68,95848.64,95831.09,95834.81,180,78,0
2026.02.24 08:06:00,95830.88,95841.62,95830.88,95841.62,180,78,0
2026.02.24 08:03:00,95820.08,95830.82,95820.08,95830.82,180,78,0
2026.02.24 08:00:00,95824.25,95833.91,95819.00,95820.02,180,78,0
2026.02.24 07:57:00,95813.45,95824.19,95813.45,95824.19,180,78,0
2026.02.24 07:54:00,95855.36,95855.42,95806.13,95813.39,180,78,0
2026.02.24 07:51:00,95873.67,95879.85,95850.80,95855.30,180,78,0
2026.02.24 07:48:00,95862.87,95873.61,95862.87,95873.61,180,78,0
2026.02.24 07:45:00,95852.07,95862.81,95852.07,95862.81,180,78,0
2026.02.24 07:42:00,95841.27,95852.01,95841.27,95852.01,180,78,0
2026.02.24 07:39:00,95860.94,95865.62,95835.21,95841.21,180,78,0
2026.02.24 07:36:00,95872.78,95882.26,95859.68,95860.88,180,78,0
2026.02.24 07:33:00,95861.98,95872.72,95861.98,95872.72,180,78,0
2026.02.24 07:30:00,95867.43,95876.49,95860.30,95861.92,180,78,0
2026.02.24 07:27:00,95888.70,95889.90,95858.19,95867.37,180,78,0
2026.02.24 07:24:00,95877.90,95888.64,95877.90,95888.64,180,78,0
2026.02.24 07:21:00,95867.10,95877.84,95867.10,95877.84,180,78,0
2026.02.24 07:18:00,95856.30,95867.04,95856.30,95867.04,180,78,0
2026.02.24 07:15:00,95845.50,95856.24,95845.50,95856.24,180,78,0
2026.02.24 07:12:00,95860.92,95866.38,95840.22,95845.44,180,78,0
2026.02.24 07:09:00,95850.12,95860.86,95850.12,95860.86,180,78,0
2026.02.24 07:06:00,95906.68,95911.24,95849.40,95850.06,180,78,0
2026.02.24 07:03:00,95895.88,95906.62,95895.88,95906.62,180,78,0
2026.02.24 07:00:00,95885.08,95895.82,95885.08,95895.82,180,78,0
2026.02.24 06:57:00,95874.28,95885.02,95874.28,95885.02,180,78,0
2026.02.24 06:54:00,95863.48,95874.22,95863.48,95874.22,180,78,0
2026.02.24 06:51:00,95852.68,95863.42,95852.68,95863.42,180,78,0
2026.02.24 06:48:00,95858.68,95866.78,95850.04,95852.62,180,78,0
2026.02.24 06:45:00,95878.85,95879.51,95848.60,95858.62,180,78,0
2026.02.24 06:42:00,95889.66,95891.58,95870.03,95878.79,180,78,0
2026.02.24 06:39:00,95878.86,95889.60,95878.86,95889.60,180,78,0
2026.02.24 06:36:00,95868.06,95878.80,95868.06,95878.80,180,78,0
2026.02.24 06:33:00,95857.26,95868.00,95857.26,95868.00,180,78,0
2026.02.24 06:30:00,95894.53,95904.25,95856.36,95857.20,180,78,0
2026.02.24 06:27:00,95883.73,95894.47,95883.73,95894.47,180,78,0
2026.02.24 06:24:00,95890.40,95894.12,95876.71,95883.67,180,78,0
2026.02.24 06:21:00,95879.60,95890.34,95879.60,95890.34,180,78,0
2026.02.24 06:18:00,95868.80,95879.54,95868.80,95879.54,180,78,0
2026.02.24 06:15:00,95879.76,95882.94,95861.24,95868.74,180,78,0
2026.02.24 06:12:00,95895.31,95895.61,95869.32,95879.70,180,78,0
2026.02.24 06:09:00,95884.51,95895.25,95884.51,95895.25,180,78,0
2026.02.24 06:06:00,95873.71,95884.45,95873.71,95884.45,180,78,0
2026.02.24 06:03:00,95878.33,95878.63,95863.27,95873.65,180,78,0
2026.02.24 06:00:00,95867.53,95878.27,95867.53,95878.27,180,78,0
2026.02.24 05:57:00,95856.73,95867.47,95856.73,95867.47,180,78,0
2026.02.24 05:54:00,95845.93,95856.67,95845.93,95856.67,180,78,0
2026.02.24 05:51:00,95835.13,95845.87,95835.13,95845.87,180,78,0
2026.02.24 05:48:00,95824.33,95835.07,95824.33,95835.07,180,78,0
2026.02.24 05:45:00,95843.91,95846.79,95816.47,95824.27,180,78,0
2026.02.24 05:42:00,95833.11,95843.85,95833.11,95843.85,180,78,0
2026.02.24 05:39:00,95845.92,95848.02,95824.47,95833.05,180,78,0
2026.02.24 05:36:00,95835.12,95845.86,95835.12,95845.86,180,78,0
2026.02.24 05:33:00,95840.57,95842.79,95826.60,95835.06,180,78,0
2026.02.24 05:30:00,95829.77,95840.51,95829.77,95840.51,180,78,0
2026.02.24 05:27:00,95818.97,95829.71,95818.97,95829.71,180,78,0
2026.02.24 05:24:00,95808.17,95818.91,95808.17,95818.91,180,78,0
2026.02.24 05:21:00,95797.37,95808.11,95797.37,95808.11,180,78,0
2026.02.24 05:18:00,95824.22,95834.54,95796.95,95797.31,180,78,0
2026.02.24 05:15:00,95813.42,95824.16,95813.42,95824.16,180,78,0
2026.02.24 05:12:00,95802.62,95813.36,95802.62,95813.36,180,78,0
2026.02.24 05:09:00,95791.82,95802.56,95791.82,95802.56,180,78,0
2026.02.24 05:06:00,95781.02,95791.76,95781.02,95791.76,180,78,0
2026.02.24 05:03:00,95770.22,95780.96,95770.22,95780.96,180,78,0
2026.02.24 05:00:00,95790.93,95797.53,95766.08,95770.16,180,78,0
2026.02.24 04:57:00,95780.13,95790.87,95780.13,95790.87,180,78,0
2026.02.24 04:54:00,95769.33,95780.07,95769.33,95780.07,180,78,0
2026.02.24 04:51:00,95758.53,95769.27,95758.53,95769.27,180,78,0
2026.02.24 04:48:00,95747.73,95758.47,95747.73,95758.47,180,78,0
2026.02.24 04:45:00,95736.93,95747.67,95736.93,95747.67,180,78,0
2026.02.24 04:42:00,95757.51,95760.93,95729.61,95736.87,180,78,0
2026.02.24 04:39:00,95771.16,95781.48,95757.09,95757.45,180,78,0
2026.02.24 04:36:00,95760.36,95771.10,95760.36,95771.10,180,78,0
2026.02.24 04:33:00,95764.41,95774.61,95759.82,95760.30,180,78,0
2026.02.24 04:30:00,95753.61,95764.35,95753.61,95764.35,180,78,0
2026.02.24 04:27:00,95742.81,95753.55,95742.81,95753.55,180,78,0
2026.02.24 04:24:00,95732.01,95742.75,95732.01,95742.75,180,78,0
2026.02.24 04:21:00,95721.21,95731.95,95721.21,95731.95,180,78,0
2026.02.24 04:18:00,95710.41,95721.15,95710.41,95721.15,180,78,0
2026.02.24 04:15:00,95699.61,95710.35,95699.61,95710.35,180,78,0
2026.02.24 04:12:00,95704.09,95714.47,95699.25,95699.55,180,78,0
2026.02.24 04:09:00,95693.29,95704.03,95693.29,95704.03,180,78,0
2026.02.24 04:06:00,95705.58,95710.26,95687.23,95693.23,180,78,0
2026.02.24 04:03:00,95694.78,95705.52,95694.78,95705.52,180,78,0
2026.02.24 04:00:00,95683.98,95694.72,95683.98,95694.72,180,78,0
2026.02.24 03:57:00,95695.58,95697.50,95675.16,95683.92,180,78,0
2026.02.24 03:54:00,95684.78,95695.52,95684.78,95695.52,180,78,0
2026.02.24 03:51:00,95673.98,95684.72,95673.98,95684.72,180,78,0
2026.02.24 03:48:00,95663.18,95673.92,95663.18,95673.92,180,78,0
2026.02.24 03:45:00,95652.38,95663.12,95652.38,95663.12,180,78,0
2026.02.24 03:42:00,95641.58,95652.32,95641.58,95652.32,180,78,0
2026.02.24 03:39:00,95630.78,95641.52,95630.78,95641.52,180,78,0
2026.02.24 03:36:00,95647.18,95649.94,95624.36,95630.72,180,78,0
2026.02.24 03:33:00,95658.48,95664.84,95642.80,95647.12,180,78,0
2026.02.24 03:30:00,95647.68,95658.42,95647.68,95658.42,180,78,0
2026.02.24 03:27:00,95636.88,95647.62,95636.88,95647.62,180,78,0
2026.02.24 03:24:00,95644.36,95653.36,95635.14,95636.82,180,78,0
2026.02.24 03:21:00,95661.86,95666.42,95638.18,95644.30,180,78,0
2026.02.24 03:18:00,95651.06,95661.80,95651.06,95661.80,180,78,0
2026.02.24 03:15:00,95640.26,95651.00,95640.26,95651.00,180,78,0
2026.02.24 03:12:00,95642.99,95649.89,95636.42,95640.20,180,78,0
2026.02.24 03:09:00,95632.19,95642.93,95632.19,95642.93,180,78,0
2026.02.24 03:06:00,95621.39,95632.13,95621.39,95632.13,180,78,0
2026.02.24 03:03:00,95623.70,95629.70,95616.65,95621.33,180,78,0
2026.02.24 03:00:00,95612.90,95623.64,95612.90,95623.64,180,78,0
2026.02.24 02:57:00,95621.21,95629.01,95609.96,95612.84,180,78,0
2026.02.24 02:54:00,95610.41,95621.15,95610.41,95621.15,180,78,0
2026.02.24 02:51:00,95599.61,95610.35,95599.61,95610.35,180,78,0
2026.02.24 02:48:00,95588.81,95599.55,95588.81,95599.55,180,78,0
2026.02.24 02:45:00,95602.12,95608.84,95584.79,95588.75,180,78,0
2026.02.24 02:42:00,95591.32,95602.06,95591.32,95602.06,180,78,0
2026.02.24 02:39:00,95580.52,95591.26,95580.52,95591.26,180,78,0
2026.02.24 02:36:00,95569.72,95580.46,95569.72,95580.46,180,78,0
2026.02.24 02:33:00,95558.92,95569.66,95558.92,95569.66,180,78,0
2026.02.24 02:30:00,95548.12,95558.86,95548.12,95558.86,180,78,0
2026.02.24 02:27:00,95537.32,95548.06,95537.32,95548.06,180,78,0
2026.02.24 02:24:00,95526.52,95537.26,95526.52,95537.26,180,78,0
2026.02.24 02:21:00,95515.72,95526.46,95515.72,95526.46,180,78,0
2026.02.24 02:18:00,95531.73,95536.89,95510.14,95515.66,180,78,0
2026.02.24 02:15:00,95520.93,95531.67,95520.93,95531.67,180,78,0
2026.02.24 02:12:00,95510.13,95520.87,95510.13,95520.87,180,78,0
2026.02.24 02:09:00,95526.60,95533.26,95506.05,95510.07,180,78,0
2026.02.24 02:06:00,95528.38,95530.90,95518.38,95526.54,180,78,0
2026.02.24 02:03:00,95543.35,95544.07,95518.36,95528.32,180,78,0
2026.02.24 02:00:00,95532.55,95543.29,95532.55,95543.29,180,78,0
2026.02.24 01:57:00,95521.75,95532.49,95521.75,95532.49,180,78,0
2026.02.24 01:54:00,95510.95,95521.69,95510.95,95521.69,180,78,0
2026.02.24 01:51:00,95500.15,95510.89,95500.15,95510.89,180,78,0
2026.02.24 01:48:00,95532.43,95540.89,95497.87,95500.09,180,78,0
2026.02.24 01:45:00,95544.90,95552.28,95529.07,95532.37,180,78,0
2026.02.24 01:42:00,95563.41,95564.91,95535.66,95544.84,180,78,0
2026.02.24 01:39:00,95552.61,95563.35,95552.61,95563.35,180,78,0
2026.02.24 01:36:00,95541.81,95552.55,95541.81,95552.55,180,78,0
2026.02.24 01:33:00,95552.34,95552.64,95531.37,95541.75,180,78,0
2026.02.24 01:30:00,95541.54,95552.28,95541.54,95552.28,180,78,0
2026.02.24 01:27:00,95530.74,95541.48,95530.74,95541.48,180,78,0
2026.02.24 01:24:00,95519.94,95530.68,95519.94,95530.68,180,78,0
2026.02.24 01:21:00,95534.37,95535.81,95510.64,95519.88,180,78,0
2026.02.24 01:18:00,95547.94,95555.38,95531.07,95534.31,180,78,0
2026.02.24 01:15:00,95537.14,95547.88,95537.14,95547.88,180,78,0
2026.02.24 01:12:00,95526.34,95537.08,95526.34,95537.08,180,78,0
2026.02.24 01:09:00,95515.54,95526.28,95515.54,95526.28,180,78,0
2026.02.24 01:06:00,95504.74,95515.48,95504.74,95515.48,180,78,0
2026.02.24 01:03:00,95493.94,95504.68,95493.94,95504.68,180,78,0
2026.02.24 01:00:00,95483.14,95493.88,95483.14,95493.88,180,78,0
2026.02.24 00:57:00,95472.34,95483.08,95472.34,95483.08,180,78,0
2026.02.24 00:54:00,95461.54,95472.28,95461.54,95472.28,180,78,0
2026.02.24 00:51:00,95462.87,95472.65,95460.58,95461.48,180,78,0
2026.02.24 00:48:00,95452.07,95462.81,95452.07,95462.81,180,78,0
2026.02.24 00:45:00,95441.27,95452.01,95441.27,95452.01,180,78,0
2026.02.24 00:42:00,95430.47,95441.21,95430.47,95441.21,180,78,0
2026.02.24 00:39:00,95439.06,95444.40,95425.07,95430.41,180,78,0
2026.02.24 00:36:00,95456.89,95463.85,95435.28,95439.00,180,78,0
2026.02.24 00:33:00,95446.09,95456.83,95446.09,95456.83,180,78,0
2026.02.24 00:30:00,95435.29,95446.03,95435.29,95446.03,180,78,0
2026.02.24 00:27:00,95441.34,95451.18,95434.39,95435.23,180,78,0
2026.02.24 00:24:00,95430.54,95441.28,95430.54,95441.28,180,78,0
2026.02.24 00:21:00,95419.74,95430.48,95419.74,95430.48,180,78,0
2026.02.24 00:18:00,95408.94,95419.68,95408.94,95419.68,180,78,0
2026.02.24 00:15:00,95435.45,95438.99,95402.40,95408.88,180,78,0
2026.02.24 00:12:00,95436.71,95440.73,95428.73,95435.39,180,78,0
2026.02.24 00:09:00,95425.91,95436.65,95425.91,95436.65,180,78,0
2026.02.24 00:06:00,95415.11,95425.85,95415.11,95425.85,180,78,0
2026.02.24 00:03:00,95404.31,95415.05,95404.31,95415.05,180,78,0
2026.02.24 00:00:00,95393.51,95404.25,95393.51,95404.25,180,78,0
2026.02.23 23:57:00,95382.71,95393.45,95382.71,95393.45,180,78,0
2026.02.23 23:54:00,95386.76,95388.02,95373.23,95382.65,180,78,0
2026.02.23 23:51:00,95375.96,95386.70,95375.96,95386.70,180,78,0
2026.02.23 23:48:00,95365.16,95375.90,95365.16,95375.90,180,78,0
2026.02.23 23:45:00,95354.36,95365.10,95354.36,95365.10,180,78,0
2026.02.23 23:42:00,95356.27,95356.63,95343.98,95354.30,180,78,0
2026.02.23 23:39:00,95345.47,95356.21,95345.47,95356.21,180,78,0
2026.02.23 23:36:00,95334.67,95345.41,95334.67,95345.41,180,78,0
2026.02.23 23:33:00,95323.87,95334.61,95323.87,95334.61,180,78,0
2026.02.23 23:30:00,95313.07,95323.81,95313.07,95323.81,180,78,0
2026.02.23 23:27:00,95302.27,95313.01,95302.27,95313.01,180,78,0
2026.02.23 23:24:00,95291.47,95302.21,95291.47,95302.21,180,78,0
2026.02.23 23:21:00,95300.56,95310.70,95290.87,95291.41,180,78,0
2026.02.23 23:18:00,95289.76,95300.50,95289.76,95300.50,180,78,0
2026.02.23 23:15:00,95278.96,95289.70,95278.96,95289.70,180,78,0
2026.02.23 23:12:00,95268.16,95278.90,95268.16,95278.90,180,78,0
2026.02.23 23:09:00,95257.36,95268.10,95257.36,95268.10,180,78,0
2026.02.23 23:06:00,95246.56,95257.30,95246.56,95257.30,180,78,0
2026.02.23 23:03:00,95264.22,95269.14,95240.74,95246.50,180,78,0
2026.02.23 23:00:00,95280.05,95288.15,95261.58,95264.16,180,78,0
2026.02.23 22:57:00,95269.25,95279.99,95269.25,95279.99,180,78,0
2026.02.23 22:54:00,95258.45,95269.19,95258.45,95269.19,180,78,0
2026.02.23 22:51:00,95247.65,95258.39,95247.65,95258.39,180,78,0
2026.02.23 22:48:00,95236.85,95247.59,95236.85,95247.59,180,78,0
2026.02.23 22:45:00,95226.05,95236.79,95226.05,95236.79,180,78,0
2026.02.23 22:42:00,95215.25,95225.99,95215.25,95225.99,180,78,0
2026.02.23 22:39:00,95204.45,95215.19,95204.45,95215.19,180,78,0
2026.02.23 22:36:00,95212.10,95214.80,95196.41,95204.39,180,78,0
2026.02.23 22:33:00,95221.40,95225.96,95205.92,95212.04,180,78,0
2026.02.23 22:30:00,95210.60,95221.34,95210.60,95221.34,180,78,0
2026.02.23 22:27:00,95234.15,95244.17,95209.88,95210.54,180,78,0
2026.02.23 22:24:00,95236.97,95242.13,95228.57,95234.09,180,78,0
2026.02.23 22:21:00,95226.17,95236.91,95226.17,95236.91,180,78,0
2026.02.23 22:18:00,95215.37,95226.11,95215.37,95226.11,180,78,0
2026.02.23 22:15:00,95204.51,95215.31,95204.51,95215.31,181,78,0
2026.02.23 22:12:00,95219.24,95228.78,95203.37,95204.45,179,78,0
2026.02.23 22:09:00,95235.50,95240.66,95213.66,95219.18,180,78,0
2026.02.23 22:06:00,95224.70,95235.44,95224.70,95235.44,180,78,0
2026.02.23 22:03:00,95213.90,95224.64,95213.90,95224.64,180,78,0
2026.02.23 22:00:00,95221.57,95222.71,95204.30,95213.84,180,78,0
2026.02.23 21:57:00,95237.82,95239.92,95212.87,95221.51,181,78,0
2026.02.23 21:54:00,95264.25,95270.61,95233.50,95237.76,179,78,0
2026.02.23 21:51:00,95280.36,95281.44,95259.27,95264.19,180,78,0
2026.02.23 21:48:00,95328.42,95330.70,95279.76,95280.30,180,78,0
2026.02.23 21:45:00,95352.60,95354.40,95319.42,95328.36,181,78,0
2026.02.23 21:42:00,95358.79,95366.41,95349.54,95352.54,179,78,0
2026.02.23 21:39:00,95347.99,95358.73,95347.99,95358.73,180,78,0
2026.02.23 21:36:00,95350.95,95353.65,95339.89,95347.93,181,78,0
2026.02.23 21:33:00,95340.21,95350.89,95340.21,95350.89,179,78,0
2026.02.23 21:30:00,95329.41,95340.15,95329.41,95340.15,180,78,0
2026.02.23 21:27:00,95338.70,95347.88,95327.79,95329.35,181,78,0
2026.02.23 21:24:00,95377.58,95377.58,95332.82,95338.64,179,78,0
2026.02.23 21:21:00,95366.78,95377.52,95366.78,95377.52,180,78,0
2026.02.23 21:18:00,95355.92,95366.72,95355.92,95366.72,181,78,0
2026.02.23 21:15:00,95345.12,95355.86,95345.12,95355.86,180,78,0
2026.02.23 21:12:00,95334.38,95345.06,95334.38,95345.06,179,78,0
2026.02.23 21:09:00,95343.88,95349.82,95329.52,95334.32,181,78,0
2026.02.23 21:06:00,95346.02,95346.08,95333.20,95343.82,180,78,0
2026.02.23 21:03:00,95335.28,95345.96,95335.28,95345.96,179,78,0
2026.02.23 21:00:00,95324.42,95335.22,95324.42,95335.22,181,78,0
2026.02.23 20:57:00,95313.62,95324.36,95313.62,95324.36,180,78,0
2026.02.23 20:54:00,95302.88,95313.56,95302.88,95313.56,179,78,0
2026.02.23 20:51:00,95292.02,95302.82,95292.02,95302.82,181,78,0
2026.02.23 20:48:00,95281.22,95291.96,95281.22,95291.96,180,78,0
2026.02.23 20:45:00,95293.37,95298.89,95276.00,95281.16,180,78,0
2026.02.23 20:42:00,95282.57,95293.31,95282.57,95293.31,180,78,0
2026.02.23 20:39:00,95271.77,95282.51,95271.77,95282.51,180,78,0
2026.02.23 20:36:00,95260.97,95271.71,95260.97,95271.71,180,78,0
2026.02.23 20:33:00,95268.60,95271.00,95252.63,95260.91,180,78,0
2026.02.23 20:30:00,95257.80,95268.54,95257.80,95268.54,180,78,0
2026.02.23 20:27:00,95286.28,95286.70,95251.20,95257.74,180,78,0
2026.02.23 20:24:00,95275.48,95286.22,95275.48,95286.22,180,78,0
2026.02.23 20:21:00,95277.36,95278.74,95266.12,95275.42,180,78,0
2026.02.23 20:18:00,95266.56,95277.30,95266.56,95277.30,180,78,0
2026.02.23 20:15:00,95255.76,95266.50,95255.76,95266.50,180,78,0
2026.02.23 20:12:00,95265.21,95274.75,95254.56,95255.70,180,78,0
2026.02.23 20:09:00,95254.41,95265.15,95254.41,95265.15,180,78,0
2026.02.23 20:06:00,95243.61,95254.35,95243.61,95254.35,180,78,0
2026.02.23 20:03:00,95232.81,95243.55,95232.81,95243.55,180,78,0
2026.02.23 20:00:00,95245.78,95246.44,95222.73,95232.75,180,78,0
2026.02.23 19:57:00,95257.75,95262.67,95239.96,95245.72,180,78,0
2026.02.23 19:54:00,95246.95,95257.69,95246.95,95257.69,180,78,0
2026.02.23 19:51:00,95236.15,95246.89,95236.15,95246.89,180,78,0
2026.02.23 19:48:00,95225.35,95236.09,95225.35,95236.09,180,78,0
2026.02.23 19:45:00,95214.55,95225.29,95214.55,95225.29,180,78,0
2026.02.23 19:42:00,95229.99,95238.15,95211.97,95214.49,180,78,0
2026.02.23 19:39:00,95219.19,95229.93,95219.19,95229.93,180,78,0
2026.02.23 19:36:00,95208.39,95219.13,95208.39,95219.13,180,78,0
2026.02.23 19:33:00,95211.42,95220.54,95206.77,95208.33,180,78,0
2026.02.23 19:30:00,95200.62,95211.36,95200.62,95211.36,180,78,0
2026.02.23 19:27:00,95189.82,95200.56,95189.82,95200.56,180,78,0
2026.02.23 19:24:00,95179.02,95189.76,95179.02,95189.76,180,78,0
2026.02.23 19:21:00,95168.22,95178.96,95168.22,95178.96,180,78,0
2026.02.23 19:18:00,95157.42,95168.16,95157.42,95168.16,180,78,0
2026.02.23 19:15:00,95146.62,95157.36,95146.62,95157.36,180,78,0
2026.02.23 19:12:00,95135.82,95146.56,95135.82,95146.56,180,78,0
2026.02.23 19:09:00,95125.02,95135.76,95125.02,95135.76,180,78,0
2026.02.23 19:06:00,95114.22,95124.96,95114.22,95124.96,180,78,0
2026.02.23 19:03:00,95126.84,95129.36,95106.00,95114.16,180,78,0
2026.02.23 19:00:00,95116.04,95126.78,95116.04,95126.78,180,78,0
2026.02.23 18:57:00,95105.24,95115.98,95105.24,95115.98,180,78,0
2026.02.23 18:54:00,95094.44,95105.18,95094.44,95105.18,180,78,0
2026.02.23 18:51:00,95083.64,95094.38,95083.64,95094.38,180,78,0
2026.02.23 18:48:00,95133.11,95133.41,95078.54,95083.58,180,78,0
2026.02.23 18:45:00,95143.99,95149.33,95127.71,95133.05,180,78,0
2026.02.23 18:42:00,95160.25,95161.99,95134.99,95143.93,180,78,0
2026.02.23 18:39:00,95149.45,95160.19,95149.45,95160.19,180,78,0
2026.02.23 18:36:00,95168.26,95173.18,95143.63,95149.39,180,78,0
2026.02.23 18:33:00,95157.46,95168.20,95157.46,95168.20,180,78,0
2026.02.23 18:30:00,95175.70,95175.70,95146.72,95157.40,180,78,0
2026.02.23 18:27:00,95185.60,95195.68,95175.04,95175.64,180,78,0
2026.02.23 18:24:00,95192.49,95194.17,95176.54,95185.54,180,78,0
2026.02.23 18:21:00,95199.51,95207.07,95189.31,95192.43,180,78,0
2026.02.23 18:18:00,95188.71,95199.45,95188.71,95199.45,180,78,0
2026.02.23 18:15:00,95177.91,95188.65,95177.91,95188.65,180,78,0
2026.02.23 18:12:00,95167.11,95177.85,95167.11,95177.85,180,78,0
2026.02.23 18:09:00,95156.31,95167.05,95156.31,95167.05,180,78,0
2026.02.23 18:06:00,95145.51,95156.25,95145.51,95156.25,180,78,0
2026.02.23 18:03:00,95134.71,95145.45,95134.71,95145.45,180,78,0
2026.02.23 18:00:00,95137.62,95143.20,95129.55,95134.65,180,78,0
2026.02.23 17:57:00,95126.82,95137.56,95126.82,95137.56,180,78,0
2026.02.23 17:54:00,95116.02,95126.76,95116.02,95126.76,180,78,0
2026.02.23 17:51:00,95105.22,95115.96,95105.22,95115.96,180,78,0
2026.02.23 17:48:00,95108.24,95115.50,95101.74,95105.16,180,78,0
2026.02.23 17:45:00,95097.44,95108.18,95097.44,95108.18,180,78,0
2026.02.23 17:42:00,95120.97,95124.33,95090.06,95097.38,180,78,0
2026.02.23 17:39:00,95144.04,95148.96,95115.15,95120.91,180,78,0
2026.02.23 17:36:00,95162.18,95171.00,95142.12,95143.98,180,78,0
2026.02.23 17:33:00,95173.89,95180.73,95158.28,95162.12,180,78,0
2026.02.23 17:30:00,95163.09,95173.83,95163.09,95173.83,180,78,0
2026.02.23 17:27:00,95165.46,95165.88,95152.77,95163.03,180,78,0
2026.02.23 17:24:00,95154.66,95165.40,95154.66,95165.40,180,78,0
2026.02.23 17:21:00,95143.86,95154.60,95143.86,95154.60,180,78,0
2026.02.23 17:18:00,95133.06,95143.80,95133.06,95143.80,180,78,0
2026.02.23 17:15:00,95122.26,95133.00,95122.26,95133.00,180,78,0
2026.02.23 17:12:00,95111.46,95122.20,95111.46,95122.20,180,78,0
2026.02.23 17:09:00,95100.66,95111.40,95100.66,95111.40,180,78,0
2026.02.23 17:06:00,95110.26,95117.52,95097.18,95100.60,180,78,0
2026.02.23 17:03:00,95099.46,95110.20,95099.46,95110.20,180,78,0
2026.02.23 17:00:00,95088.66,95099.40,95088.66,95099.40,180,78,0
2026.02.23 16:57:00,95104.03,95104.33,95078.22,95088.60,180,78,0
2026.02.23 16:54:00,95093.23,95103.97,95093.23,95103.97,180,78,0
2026.02.23 16:51:00,95082.43,95093.17,95082.43,95093.17,180,78,0
2026.02.23 16:48:00,95086.75,95090.71,95075.65,95082.37,180,78,0
2026.02.23 16:45:00,95075.95,95086.69,95075.95,95086.69,180,78,0
2026.02.23 16:42:00,95065.15,95075.89,95065.15,95075.89,180,78,0
2026.02.23 16:39:00,95054.35,95065.09,95054.35,95065.09,180,78,0
2026.02.23 16:36:00,95043.55,95054.29,95043.55,95054.29,180,78,0
2026.02.23 16:33:00,95082.28,95082.34,95041.03,95043.49,180,78,0
2026.02.23 16:30:00,95071.48,95082.22,95071.48,95082.22,180,78,0
2026.02.23 16:27:00,95060.68,95071.42,95060.68,95071.42,180,78,0
2026.02.23 16:24:00,95098.10,95104.58,95057.62,95060.62,180,78,0
2026.02.23 16:21:00,95087.30,95098.04,95087.30,95098.04,180,78,0
2026.02.23 16:18:00,95076.50,95087.24,95076.50,95087.24,180,78,0
2026.02.23 16:15:00,95065.70,95076.44,95065.70,95076.44,180,78,0
2026.02.23 16:12:00,95090.61,95096.07,95061.26,95065.64,180,78,0
2026.02.23 16:09:00,95079.81,95090.55,95079.81,95090.55,180,78,0
2026.02.23 16:06:00,95088.39,95093.37,95074.05,95079.75,180,78,0
2026.02.23 16:03:00,95077.59,95088.33,95077.59,95088.33,180,78,0
2026.02.23 16:00:00,95066.79,95077.53,95066.79,95077.53,180,78,0
2026.02.23 15:57:00,95055.99,95066.73,95055.99,95066.73,180,78,0
2026.02.23 15:54:00,95063.23,95065.51,95047.53,95055.93,180,78,0
2026.02.23 15:51:00,95052.43,95063.17,95052.43,95063.17,180,78,0
2026.02.23 15:48:00,95041.63,95052.37,95041.63,95052.37,180,78,0
2026.02.23 15:45:00,95030.83,95041.57,95030.83,95041.57,180,78,0
2026.02.23 15:42:00,95020.03,95030.77,95020.03,95030.77,180,78,0
2026.02.23 15:39:00,95009.23,95019.97,95009.23,95019.97,180,78,0
2026.02.23 15:36:00,94998.43,95009.17,94998.43,95009.17,180,78,0
2026.02.23 15:33:00,94987.63,94998.37,94987.63,94998.37,180,78,0
2026.02.23 15:30:00,94976.83,94987.57,94976.83,94987.57,180,78,0
2026.02.23 15:27:00,94966.03,94976.77,94966.03,94976.77,180,78,0
2026.02.23 15:24:00,94955.23,94965.97,94955.23,94965.97,180,78,0
2026.02.23 15:21:00,94944.43,94955.17,94944.43,94955.17,180,78,0
2026.02.23 15:18:00,94960.92,94967.16,94939.93,94944.37,180,78,0
2026.02.23 15:15:00,94974.17,94977.05,94953.06,94960.86,180,78,0
2026.02.23 15:12:00,94963.37,94974.11,94963.37,94974.11,180,78,0
2026.02.23 15:09:00,94969.54,94978.96,94962.05,94963.31,180,78,0
2026.02.23 15:06:00,94958.74,94969.48,94958.74,94969.48,180,78,0
2026.02.23 15:03:00,94969.42,94969.48,94948.06,94958.68,180,78,0
2026.02.23 15:00:00,94958.62,94969.36,94958.62,94969.36,180,78,0
2026.02.23 14:57:00,94947.82,94958.56,94947.82,94958.56,180,78,0
2026.02.23 14:54:00,94975.24,94985.86,94947.70,94947.76,180,78,0
2026.02.23 14:51:00,94964.44,94975.18,94964.44,94975.18,180,78,0
2026.02.23 14:48:00,94953.64,94964.38,94953.64,94964.38,180,78,0
2026.02.23 14:45:00,94942.84,94953.58,94942.84,94953.58,180,78,0
2026.02.23 14:42:00,94932.04,94942.78,94932.04,94942.78,180,78,0
2026.02.23 14:39:00,94921.24,94931.98,94921.24,94931.98,180,78,0
2026.02.23 14:36:00,94910.44,94921.18,94910.44,94921.18,180,78,0
2026.02.23 14:33:00,94899.64,94910.38,94899.64,94910.38,180,78,0
2026.02.23 14:30:00,94888.84,94899.58,94888.84,94899.58,180,78,0
2026.02.23 14:27:00,94878.04,94888.78,94878.04,94888.78,180,78,0
2026.02.23 14:24:00,94867.24,94877.98,94867.24,94877.98,180,78,0
2026.02.23 14:21:00,94883.59,94884.49,94857.40,94867.18,180,78,0
2026.02.23 14:18:00,94872.79,94883.53,94872.79,94883.53,180,78,0
2026.02.23 14:15:00,94861.99,94872.73,94861.99,94872.73,180,78,0
2026.02.23 14:12:00,94863.99,94867.23,94854.49,94861.93,180,78,0
2026.02.23 14:09:00,94879.39,94880.65,94854.51,94863.93,180,78,0
2026.02.23 14:06:00,94868.59,94879.33,94868.59,94879.33,180,78,0
2026.02.23 14:03:00,94857.79,94868.53,94857.79,94868.53,180,78,0
2026.02.23 14:00:00,94887.81,94891.47,94854.97,94857.73,180,78,0
2026.02.23 13:57:00,94877.01,94887.75,94877.01,94887.75,180,78,0
2026.02.23 13:54:00,94866.21,94876.95,94866.21,94876.95,180,78,0
2026.02.23 13:51:00,94855.41,94866.15,94855.41,94866.15,180,78,0
2026.02.23 13:48:00,94844.61,94855.35,94844.61,94855.35,180,78,0
2026.02.23 13:45:00,94860.28,94862.92,94836.51,94844.55,180,78,0
2026.02.23 13:42:00,94864.61,94869.35,94854.28,94860.22,180,78,0
2026.02.23 13:39:00,94853.81,94864.55,94853.81,94864.55,180,78,0
2026.02.23 13:36:00,94843.01,94853.75,94843.01,94853.75,180,78,0
2026.02.23 13:33:00,94856.15,94863.41,94839.53,94842.95,180,78,0
2026.02.23 13:30:00,94845.35,94856.09,94845.35,94856.09,180,78,0
2026.02.23 13:27:00,94834.55,94845.29,94834.55,94845.29,180,78,0
2026.02.23 13:24:00,94853.52,94860.72,94831.01,94834.49,180,78,0
2026.02.23 13:21:00,94842.72,94853.46,94842.72,94853.46,180,78,0
2026.02.23 13:18:00,94831.92,94842.66,94831.92,94842.66,180,78,0
2026.02.23 13:15:00,94821.12,94831.86,94821.12,94831.86,180,78,0
2026.02.23 13:12:00,94810.32,94821.06,94810.32,94821.06,180,78,0
2026.02.23 13:09:00,94799.52,94810.26,94799.52,94810.26,180,78,0
2026.02.23 13:06:00,94788.72,94799.46,94788.72,94799.46,180,78,0
2026.02.23 13:03:00,94777.92,94788.66,94777.92,94788.66,180,78,0
2026.02.23 13:00:00,94767.12,94777.86,94767.12,94777.86,180,78,0
2026.02.23 12:57:00,94756.32,94767.06,94756.32,94767.06,180,78,0
2026.02.23 12:54:00,94765.17,94771.77,94752.18,94756.26,180,78,0
2026.02.23 12:51:00,94787.35,94789.51,94756.59,94765.11,180,78,0
2026.02.23 12:48:00,94776.55,94787.29,94776.55,94787.29,180,78,0
2026.02.23 12:45:00,94765.75,94776.49,94765.75,94776.49,180,78,0
2026.02.23 12:42:00,94835.44,94841.74,94763.65,94765.69,180,78,0
2026.02.23 12:39:00,94824.64,94835.38,94824.64,94835.38,180,78,0
2026.02.23 12:36:00,94813.84,94824.58,94813.84,94824.58,180,78,0
2026.02.23 12:33:00,94803.04,94813.78,94803.04,94813.78,180,78,0
2026.02.23 12:30:00,94792.24,94802.98,94792.24,94802.98,180,78,0
2026.02.23 12:27:00,94781.44,94792.18,94781.44,94792.18,180,78,0
2026.02.23 12:24:00,94770.64,94781.38,94770.64,94781.38,180,78,0
2026.02.23 12:21:00,94759.84,94770.58,94759.84,94770.58,180,78,0
2026.02.23 12:18:00,94749.04,94759.78,94749.04,94759.78,180,78,0
2026.02.23 12:15:00,94738.24,94748.98,94738.24,94748.98,180,78,0
2026.02.23 12:12:00,94727.44,94738.18,94727.44,94738.18,180,78,0
2026.02.23 12:09:00,94716.64,94727.38,94716.64,94727.38,180,78,0
2026.02.23 12:06:00,94736.94,94738.92,94707.88,94716.58,180,78,0
2026.02.23 12:03:00,94726.14,94736.88,94726.14,94736.88,180,78,0
2026.02.23 12:00:00,94715.34,94726.08,94715.34,94726.08,180,78,0
2026.02.23 11:57:00,94721.83,94724.05,94706.82,94715.28,180,78,0
2026.02.23 11:54:00,94711.03,94721.77,94711.03,94721.77,180,78,0
2026.02.23 11:51:00,94714.89,94719.45,94704.85,94710.97,180,78,0
2026.02.23 11:48:00,94738.29,94740.03,94705.89,94714.83,180,78,0
2026.02.23 11:45:00,94727.49,94738.23,94727.49,94738.23,180,78,0
2026.02.23 11:42:00,94716.69,94727.43,94716.69,94727.43,180,78,0
2026.02.23 11:39:00,94774.29,94776.87,94716.33,94716.63,180,78,0
2026.02.23 11:36:00,94763.49,94774.23,94763.49,94774.23,180,78,0
2026.02.23 11:33:00,94752.69,94763.43,94752.69,94763.43,180,78,0
2026.02.23 11:30:00,94741.89,94752.63,94741.89,94752.63,180,78,0
2026.02.23 11:27:00,94731.09,94741.83,94731.09,94741.83,179,78,0
2026.02.23 11:24:00,94720.29,94731.03,94720.29,94731.03,180,78,0
2026.02.23 11:21:00,94740.97,94741.21,94709.79,94720.23,180,78,0
2026.02.23 11:18:00,94765.64,94765.70,94730.29,94740.91,180,78,0
2026.02.23 11:15:00,94754.84,94765.58,94754.84,94765.58,180,78,0
2026.02.23 11:12:00,94802.10,94806.18,94754.36,94754.78,180,78,0
2026.02.23 11:09:00,94808.77,94812.61,94799.28,94802.04,112,78,0
2026.02.23 11:06:00,94799.05,94808.77,94799.05,94808.77,163,78,0
2026.02.23 11:03:00,94788.25,94798.99,94788.25,94798.99,180,78,0
2026.02.23 11:00:00,94821.34,94822.00,94783.39,94788.19,180,78,0
2026.02.23 10:57:00,94810.54,94821.28,94810.54,94821.28,180,78,0
2026.02.23 10:54:00,94799.74,94810.48,94799.74,94810.48,180,78,0
2026.02.23 10:51:00,94788.94,94799.68,94788.94,94799.68,180,78,0
2026.02.23 10:48:00,94778.14,94788.88,94778.14,94788.88,180,78,0
2026.02.23 10:45:00,94767.34,94778.08,94767.34,94778.08,180,78,0
2026.02.23 10:42:00,94774.70,94784.72,94766.62,94767.28,180,78,0
2026.02.23 10:39:00,94811.77,94813.93,94774.46,94774.64,180,78,0
2026.02.23 10:36:00,94800.97,94811.71,94800.97,94811.71,180,78,0
2026.02.23 10:33:00,94790.17,94800.91,94790.17,94800.91,180,78,0
2026.02.23 10:30:00,94779.37,94790.11,94779.37,94790.11,180,78,0
2026.02.23 10:27:00,94768.57,94779.31,94768.57,94779.31,180,78,0
2026.02.23 10:24:00,94757.77,94768.51,94757.77,94768.51,180,78,0
2026.02.23 10:21:00,94772.04,94776.48,94751.47,94757.71,180,78,0
2026.02.23 10:18:00,94761.24,94771.98,94761.24,94771.98,180,78,0
2026.02.23 10:15:00,94784.64,94793.64,94759.50,94761.18,180,78,0
2026.02.23 10:12:00,94792.88,94798.10,94779.12,94784.58,180,78,0
2026.02.23 10:09:00,94782.08,94792.82,94782.08,94792.82,180,78,0
2026.02.23 10:06:00,94771.28,94782.02,94771.28,94782.02,180,78,0
2026.02.23 10:03:00,94807.39,94816.99,94770.14,94771.22,180,78,0
2026.02.23 10:00:00,94796.59,94807.33,94796.59,94807.33,180,78,0
2026.02.23 09:57:00,94785.79,94796.53,94785.79,94796.53,180,78,0
2026.02.23 09:54:00,94794.11,94799.87,94780.81,94785.73,180,78,0
2026.02.23 09:51:00,94806.55,94810.57,94787.39,94794.05,180,78,0
2026.02.23 09:48:00,94795.75,94806.49,94795.75,94806.49,180,78,0
2026.02.23 09:45:00,94784.95,94795.69,94784.95,94795.69,180,78,0
2026.02.23 09:42:00,94799.69,94800.65,94775.17,94784.89,180,78,0
2026.02.23 09:39:00,94788.89,94799.63,94788.89,94799.63,180,78,0
2026.02.23 09:36:00,94814.11,94818.49,94782.53,94788.83,180,78,0
2026.02.23 09:33:00,94804.33,94814.05,94804.33,94814.05,163,78,0
2026.02.23 09:30:00,94822.20,94828.62,94800.01,94804.27,180,78,0
2026.02.23 09:27:00,94811.40,94822.14,94811.40,94822.14,180,78,0
2026.02.23 09:24:00,94800.60,94811.34,94800.60,94811.34,180,78,0
2026.02.23 09:21:00,94822.03,94828.99,94796.82,94800.54,180,78,0
2026.02.23 09:18:00,94839.00,94844.22,94816.51,94821.97,180,78,0
2026.02.23 09:15:00,94828.20,94838.94,94828.20,94838.94,180,78,0
2026.02.23 09:12:00,94817.40,94828.14,94817.40,94828.14,180,78,0
2026.02.23 09:09:00,94806.60,94817.34,94806.60,94817.34,180,78,0
2026.02.23 09:06:00,94795.80,94806.54,94795.80,94806.54,180,78,0
2026.02.23 09:03:00,94785.00,94795.74,94785.00,94795.74,180,78,0
2026.02.23 09:00:00,94774.20,94784.94,94774.20,94784.94,180,78,0
2026.02.23 08:57:00,94763.40,94774.14,94763.40,94774.14,180,78,0
2026.02.23 08:54:00,94752.60,94763.34,94752.60,94763.34,180,78,0
2026.02.23 08:51:00,94771.90,94778.32,94748.28,94752.54,180,78,0
2026.02.23 08:48:00,94782.28,94784.62,94763.50,94771.84,180,78,0
2026.02.23 08:45:00,94771.48,94782.22,94771.48,94782.22,180,78,0
2026.02.23 08:42:00,94808.07,94808.85,94769.86,94771.42,180,78,0
2026.02.23 08:39:00,94819.55,94823.33,94801.11,94808.01,180,78,0
2026.02.23 08:36:00,94808.75,94819.49,94808.75,94819.49,180,78,0
2026.02.23 08:33:00,94797.95,94808.69,94797.95,94808.69,180,78,0
2026.02.23 08:30:00,94805.60,94808.24,94789.85,94797.89,180,78,0
2026.02.23 08:27:00,94794.80,94805.54,94794.80,94805.54,180,78,0
2026.02.23 08:24:00,94862.61,94869.93,94792.10,94794.74,180,78,0
2026.02.23 08:21:00,94851.81,94862.55,94851.81,94862.55,180,78,0
2026.02.23 08:18:00,94870.49,94873.37,94843.95,94851.75,180,78,0
2026.02.23 08:15:00,94859.69,94870.43,94859.69,94870.43,180,78,0
2026.02.23 08:12:00,94886.09,94892.51,94855.37,94859.63,180,78,0
2026.02.23 08:09:00,94875.29,94886.03,94875.29,94886.03,180,78,0
2026.02.23 08:06:00,94921.83,94923.51,94874.87,94875.23,180,78,0
2026.02.23 08:03:00,94943.69,94949.21,94916.61,94921.77,180,78,0
2026.02.23 08:00:00,94932.89,94943.63,94932.89,94943.63,180,78,0
2026.02.23 07:57:00,94922.09,94932.83,94922.09,94932.83,180,78,0
2026.02.23 07:54:00,94911.29,94922.03,94911.29,94922.03,180,78,0
2026.02.23 07:51:00,94949.01,94951.65,94907.39,94911.23,180,78,0
2026.02.23 07:48:00,94938.21,94948.95,94938.21,94948.95,180,78,0
2026.02.23 07:45:00,94927.41,94938.15,94927.41,94938.15,180,78,0
2026.02.23 07:42:00,94941.75,94945.89,94920.81,94927.35,180,78,0
2026.02.23 07:39:00,94978.09,94987.21,94940.13,94941.69,180,78,0
2026.02.23 07:36:00,94981.58,94991.24,94977.01,94978.03,180,78,0
2026.02.23 07:33:00,94970.78,94981.52,94970.78,94981.52,180,78,0
2026.02.23 07:30:00,94959.98,94970.72,94959.98,94970.72,180,78,0
2026.02.23 07:27:00,94949.18,94959.92,94949.18,94959.92,180,78,0
2026.02.23 07:24:00,94938.38,94949.12,94938.38,94949.12,180,78,0
2026.02.23 07:21:00,94927.58,94938.32,94927.58,94938.32,180,78,0
2026.02.23 07:18:00,94916.78,94927.52,94916.78,94927.52,180,78,0
2026.02.23 07:15:00,94905.98,94916.72,94905.98,94916.72,180,78,0
2026.02.23 07:12:00,94895.18,94905.92,94895.18,94905.92,180,78,0
2026.02.23 07:09:00,94899.30,94900.80,94885.94,94895.12,180,78,0
2026.02.23 07:06:00,94927.74,94936.44,94897.26,94899.24,180,78,0
2026.02.23 07:03:00,94934.46,94938.96,94921.50,94927.68,180,78,0
2026.02.23 07:00:00,94989.65,94996.19,94934.40,94934.40,180,78,0
2026.02.23 06:57:00,94978.85,94989.59,94978.85,94989.59,180,78,0
2026.02.23 06:54:00,94968.05,94978.79,94968.05,94978.79,180,78,0
2026.02.23 06:51:00,95008.14,95014.38,94964.57,94967.99,180,78,0
2026.02.23 06:48:00,94997.34,95008.08,94997.34,95008.08,180,78,0
2026.02.23 06:45:00,95029.48,95033.56,94990.68,94997.28,180,78,0
2026.02.23 06:42:00,95042.53,95042.53,95018.74,95029.42,180,78,0
2026.02.23 06:39:00,95031.73,95042.47,95031.73,95042.47,180,78,0
2026.02.23 06:36:00,95020.93,95031.67,95020.93,95031.67,180,78,0
2026.02.23 06:33:00,95027.97,95033.91,95016.13,95020.87,180,78,0
2026.02.23 06:30:00,95017.17,95027.91,95017.17,95027.91,180,78,0
2026.02.23 06:27:00,95032.56,95034.42,95008.29,95017.11,180,78,0
2026.02.23 06:24:00,95046.14,95051.84,95027.52,95032.50,180,78,0
2026.02.23 06:21:00,95035.34,95046.08,95035.34,95046.08,180,78,0
2026.02.23 06:18:00,95024.54,95035.28,95024.54,95035.28,180,78,0
2026.02.23 06:15:00,95013.74,95024.48,95013.74,95024.48,180,78,0
2026.02.23 06:12:00,95019.55,95027.65,95011.10,95013.68,180,78,0
2026.02.23 06:09:00,95038.55,95047.01,95017.27,95019.49,180,78,0
2026.02.23 06:06:00,95081.28,95083.56,95034.29,95038.49,180,78,0
2026.02.23 06:03:00,95070.48,95081.22,95070.48,95081.22,180,78,0
2026.02.23 06:00:00,95059.68,95070.42,95059.68,95070.42,180,78,0
2026.02.23 05:57:00,95048.88,95059.62,95048.88,95059.62,180,78,0
2026.02.23 05:54:00,95038.08,95048.82,95038.08,95048.82,180,78,0
2026.02.23 05:51:00,95078.85,95081.43,95032.02,95038.02,180,78,0
2026.02.23 05:48:00,95068.05,95078.79,95068.05,95078.79,180,78,0
2026.02.23 05:45:00,95057.25,95067.99,95057.25,95067.99,180,78,0
2026.02.23 05:42:00,95046.45,95057.19,95046.45,95057.19,180,78,0
2026.02.23 05:39:00,95035.65,95046.39,95035.65,95046.39,180,78,0
2026.02.23 05:36:00,95052.41,95060.03,95032.53,95035.59,180,78,0
2026.02.23 05:33:00,95041.61,95052.35,95041.61,95052.35,180,78,0
2026.02.23 05:30:00,95075.86,95083.66,95041.55,95041.55,180,78,0
2026.02.23 05:27:00,95065.00,95075.80,95065.00,95075.80,181,78,0
2026.02.23 05:24:00,95054.20,95064.94,95054.20,95064.94,180,78,0
2026.02.23 05:21:00,95043.40,95054.14,95043.40,95054.14,180,78,0
2026.02.23 05:18:00,95032.60,95043.34,95032.60,95043.34,180,78,0
2026.02.23 05:15:00,95043.34,95043.52,95022.04,95032.54,180,78,0
2026.02.23 05:12:00,95032.54,95043.28,95032.54,95043.28,180,78,0
2026.02.23 05:09:00,95021.74,95032.48,95021.74,95032.48,180,78,0
2026.02.23 05:06:00,95031.88,95041.48,95020.60,95021.68,180,78,0
2026.02.23 05:03:00,95021.08,95031.82,95021.08,95031.82,180,78,0
2026.02.23 05:00:00,95027.79,95030.73,95013.28,95021.02,180,78,0
2026.02.23 04:57:00,95016.99,95027.73,95016.99,95027.73,180,78,0
2026.02.23 04:54:00,95006.19,95016.93,95006.19,95016.93,180,78,0
2026.02.23 04:51:00,94995.39,95006.13,94995.39,95006.13,180,78,0
2026.02.23 04:48:00,94998.23,95003.33,94989.75,94995.33,180,78,0
2026.02.23 04:45:00,94987.43,94998.17,94987.43,94998.17,180,78,0
2026.02.23 04:42:00,94989.10,94991.68,94979.27,94987.37,180,78,0
2026.02.23 04:39:00,95033.20,95038.78,94987.90,94989.04,180,78,0
2026.02.23 04:36:00,95022.40,95033.14,95022.40,95033.14,180,78,0
2026.02.23 04:33:00,95011.60,95022.34,95011.60,95022.34,180,78,0
2026.02.23 04:30:00,95013.24,95015.70,95003.32,95011.54,180,78,0
2026.02.23 04:27:00,95002.44,95013.18,95002.44,95013.18,180,78,0
2026.02.23 04:24:00,94991.64,95002.38,94991.64,95002.38,180,78,0
2026.02.23 04:21:00,94980.84,94991.58,94980.84,94991.58,180,78,0
2026.02.23 04:18:00,94983.70,94985.98,94972.38,94980.78,180,78,0
2026.02.23 04:15:00,94996.46,94998.44,94974.94,94983.64,180,78,0
2026.02.23 04:12:00,95006.50,95016.22,94995.44,94996.40,180,78,0
2026.02.23 04:09:00,94995.70,95006.44,94995.70,95006.44,180,78,0
2026.02.23 04:06:00,94984.90,94995.64,94984.90,94995.64,180,78,0
2026.02.23 04:03:00,94974.10,94984.84,94974.10,94984.84,180,78,0
2026.02.23 04:00:00,94963.30,94974.04,94963.30,94974.04,180,78,0
2026.02.23 03:57:00,94952.50,94963.24,94952.50,94963.24,180,78,0
2026.02.23 03:54:00,94965.79,94975.57,94951.54,94952.44,180,78,0
2026.02.23 03:51:00,94975.70,94980.50,94959.85,94965.73,180,78,0
2026.02.23 03:48:00,94994.48,94996.88,94967.36,94975.64,180,78,0
2026.02.23 03:45:00,94983.68,94994.42,94983.68,94994.42,180,78,0
2026.02.23 03:42:00,94972.88,94983.62,94972.88,94983.62,180,78,0
2026.02.23 03:39:00,94962.08,94972.82,94962.08,94972.82,180,78,0
2026.02.23 03:36:00,94951.28,94962.02,94951.28,94962.02,180,78,0
2026.02.23 03:33:00,94940.48,94951.22,94940.48,94951.22,180,78,0
2026.02.23 03:30:00,94929.68,94940.42,94929.68,94940.42,180,78,0
2026.02.23 03:27:00,94962.76,94971.28,94927.46,94929.62,180,78,0
2026.02.23 03:24:00,94951.96,94962.70,94951.96,94962.70,180,78,0
2026.02.23 03:21:00,94941.16,94951.90,94941.16,94951.90,180,78,0
2026.02.23 03:18:00,94930.36,94941.10,94930.36,94941.10,180,78,0
2026.02.23 03:15:00,94919.56,94930.30,94919.56,94930.30,180,78,0
2026.02.23 03:12:00,94908.76,94919.50,94908.76,94919.50,180,78,0
2026.02.23 03:09:00,94897.96,94908.70,94897.96,94908.70,180,78,0
2026.02.23 03:06:00,94887.16,94897.90,94887.16,94897.90,180,78,0
2026.02.23 03:03:00,94876.36,94887.10,94876.36,94887.10,180,78,0
2026.02.23 03:00:00,94884.24,94894.56,94875.94,94876.30,180,78,0
2026.02.23 02:57:00,94897.36,94906.84,94882.98,94884.18,180,78,0
2026.02.23 02:54:00,94886.56,94897.30,94886.56,94897.30,180,78,0
2026.02.23 02:51:00,94875.76,94886.50,94875.76,94886.50,180,78,0
2026.02.23 02:48:00,94904.20,94904.38,94865.20,94875.70,180,78,0
2026.02.23 02:45:00,94909.25,94917.23,94901.44,94904.14,180,78,0
2026.02.23 02:42:00,94925.95,94936.03,94908.59,94909.19,180,78,0
2026.02.23 02:39:00,94915.15,94925.89,94915.15,94925.89,180,78,0
2026.02.23 02:36:00,94904.35,94915.09,94904.35,94915.09,180,78,0
2026.02.23 02:33:00,94893.55,94904.29,94893.55,94904.29,180,78,0
2026.02.23 02:30:00,94897.26,94906.92,94892.47,94893.49,180,78,0
2026.02.23 02:27:00,94918.64,94928.30,94896.18,94897.20,180,78,0
2026.02.23 02:24:00,94907.84,94918.58,94907.84,94918.58,180,78,0
2026.02.23 02:21:00,94920.51,94928.97,94905.56,94907.78,180,78,0
2026.02.23 02:18:00,94929.65,94934.33,94914.45,94920.45,180,78,0
2026.02.23 02:15:00,94918.85,94929.59,94918.85,94929.59,180,78,0
2026.02.23 02:12:00,94934.64,94941.06,94914.53,94918.79,180,78,0
2026.02.23 02:09:00,94923.84,94934.58,94923.84,94934.58,180,78,0
2026.02.23 02:06:00,94913.04,94923.78,94913.04,94923.78,180,78,0
2026.02.23 02:03:00,94902.24,94912.98,94902.24,94912.98,180,78,0
2026.02.23 02:00:00,94891.44,94902.18,94891.44,94902.18,180,78,0
2026.02.23 01:57:00,94880.64,94891.38,94880.64,94891.38,180,78,0
2026.02.23 01:54:00,94869.84,94880.58,94869.84,94880.58,180,78,0
2026.02.23 01:51:00,94859.04,94869.78,94859.04,94869.78,180,78,0
2026.02.23 01:48:00,94848.24,94858.98,94848.24,94858.98,180,78,0
2026.02.23 01:45:00,94891.55,94892.27,94846.68,94848.18,180,78,0
2026.02.23 01:42:00,94902.19,94911.25,94889.87,94891.49,180,78,0
2026.02.23 01:39:00,94891.39,94902.13,94891.39,94902.13,180,78,0
2026.02.23 01:36:00,94880.59,94891.33,94880.59,94891.33,180,78,0
2026.02.23 01:33:00,94869.79,94880.53,94869.79,94880.53,180,78,0
2026.02.23 01:30:00,94873.57,94873.93,94859.41,94869.73,180,78,0
2026.02.23 01:27:00,94862.77,94873.51,94862.77,94873.51,180,78,0
2026.02.23 01:24:00,94867.81,94873.03,94857.25,94862.71,180,78,0
2026.02.23 01:21:00,94905.77,94908.65,94863.61,94867.75,180,78,0
2026.02.23 01:18:00,94894.97,94905.71,94894.97,94905.71,180,78,0
2026.02.23 01:15:00,94902.99,94908.87,94890.11,94894.91,180,78,0
2026.02.23 01:12:00,94892.19,94902.93,94892.19,94902.93,180,78,0
2026.02.23 01:09:00,94881.39,94892.13,94881.39,94892.13,180,78,0
2026.02.23 01:06:00,94889.41,94889.77,94871.01,94881.33,180,78,0
2026.02.23 01:03:00,94878.61,94889.35,94878.61,94889.35,180,78,0
2026.02.23 01:00:00,94867.81,94878.55,94867.81,94878.55,180,78,0
2026.02.23 00:57:00,94857.01,94867.75,94857.01,94867.75,180,78,0
2026.02.23 00:54:00,94846.21,94856.95,94846.21,94856.95,180,78,0
2026.02.23 00:51:00,94865.29,94866.01,94836.19,94846.15,180,78,0
2026.02.23 00:48:00,94854.49,94865.23,94854.49,94865.23,180,78,0
2026.02.23 00:45:00,94843.69,94854.43,94843.69,94854.43,180,78,0
2026.02.23 00:42:00,94849.14,94853.70,94837.51,94843.63,180,78,0
2026.02.23 00:39:00,94851.78,94854.84,94841.46,94849.08,180,78,0
2026.02.23 00:36:00,94840.98,94851.72,94840.98,94851.72,180,78,0
2026.02.23 00:33:00,94842.71,94850.99,94838.52,94840.92,180,78,0
2026.02.23 00:30:00,94831.91,94842.65,94831.91,94842.65,180,78,0
2026.02.23 00:27:00,94840.43,94847.21,94827.95,94831.85,180,78,0
2026.02.23 00:24:00,94829.63,94840.37,94829.63,94840.37,180,78,0
2026.02.23 00:21:00,94818.83,94829.57,94818.83,94829.57,180,78,0
2026.02.23 00:18:00,94808.03,94818.77,94808.03,94818.77,180,78,0
2026.02.23 00:15:00,94814.61,94816.29,94798.97,94807.97,180,78,0
2026.02.23 00:12:00,94819.71,94821.33,94805.49,94814.55,180,78,0
2026.02.23 00:09:00,94827.88,94830.40,94811.49,94819.65,180,78,0
2026.02.23 00:06:00,94817.08,94827.82,94817.08,94827.82,180,78,0
2026.02.23 00:03:00,94806.28,94817.02,94806.28,94817.02,180,78,0
2026.02.23 00:00:00,94795.48,94806.22,94795.48,94806.22,180,78,0
2026.02.22 23:57:00,94784.68,94795.42,94784.68,94795.42,180,78,0
2026.02.22 23:54:00,94773.88,94784.62,94773.88,94784.62,180,78,0
2026.02.22 23:51:00,94763.08,94773.82,94763.08,94773.82,180,78,0
2026.02.22 23:48:00,94765.17,94765.71,94752.88,94763.02,180,78,0
2026.02.22 23:45:00,94754.37,94765.11,94754.37,94765.11,180,78,0
2026.02.22 23:42:00,94760.90,94771.52,94754.25,94754.31,180,78,0
2026.02.22 23:39:00,94750.10,94760.84,94750.10,94760.84,180,78,0
2026.02.22 23:36:00,94739.30,94750.04,94739.30,94750.04,180,78,0
2026.02.22 23:33:00,94728.50,94739.24,94728.50,94739.24,180,78,0
2026.02.22 23:30:00,94717.70,94728.44,94717.70,94728.44,180,78,0
2026.02.22 23:27:00,94740.12,94742.34,94714.04,94717.64,180,78,0
2026.02.22 23:24:00,94729.32,94740.06,94729.32,94740.06,180,78,0
2026.02.22 23:21:00,94718.52,94729.26,94718.52,94729.26,180,78,0
2026.02.22 23:18:00,94707.72,94718.46,94707.72,94718.46,180,78,0
2026.02.22 23:15:00,94696.92,94707.66,94696.92,94707.66,180,78,0
2026.02.22 23:12:00,94686.12,94696.86,94686.12,94696.86,180,78,0
2026.02.22 23:09:00,94675.32,94686.06,94675.32,94686.06,180,78,0
2026.02.22 23:06:00,94664.52,94675.26,94664.52,94675.26,180,78,0
2026.02.22 23:03:00,94653.72,94664.46,94653.72,94664.46,180,78,0
2026.02.22 23:00:00,94642.92,94653.66,94642.92,94653.66,180,78,0
2026.02.22 22:57:00,94632.12,94642.86,94632.12,94642.86,180,78,0
2026.02.22 22:54:00,94643.13,94644.75,94623.00,94632.06,180,78,0
2026.02.22 22:51:00,94632.33,94643.07,94632.33,94643.07,180,78,0
2026.02.22 22:48:00,94621.53,94632.27,94621.53,94632.27,180,78,0
2026.02.22 22:45:00,94637.14,94644.40,94618.05,94621.47,180,78,0
2026.02.22 22:42:00,94626.34,94637.08,94626.34,94637.08,180,78,0
2026.02.22 22:39:00,94636.91,94642.07,94620.76,94626.28,180,78,0
2026.02.22 22:36:00,94626.11,94636.85,94626.11,94636.85,180,78,0
2026.02.22 22:33:00,94648.15,94655.17,94622.39,94626.05,180,78,0
2026.02.22 22:30:00,94637.35,94648.09,94637.35,94648.09,180,78,0
2026.02.22 22:27:00,94626.55,94637.29,94626.55,94637.29,180,78,0
2026.02.22 22:24:00,94615.75,94626.49,94615.75,94626.49,180,78,0
2026.02.22 22:21:00,94604.95,94615.69,94604.95,94615.69,180,78,0
2026.02.22 22:18:00,94614.51,94614.51,94594.21,94604.89,180,78,0
2026.02.22 22:15:00,94603.71,94614.45,94603.71,94614.45,180,78,0
2026.02.22 22:12:00,94592.91,94603.65,94592.91,94603.65,180,78,0
2026.02.22 22:09:00,94582.11,94592.85,94582.11,94592.85,180,78,0
2026.02.22 22:06:00,94571.31,94582.05,94571.31,94582.05,180,78,0
2026.02.22 22:03:00,94560.51,94571.25,94560.51,94571.25,180,78,0
2026.02.22 22:00:00,94549.71,94560.45,94549.71,94560.45,180,78,0
2026.02.22 21:57:00,94538.91,94549.65,94538.91,94549.65,180,78,0
2026.02.22 21:54:00,94573.12,94579.00,94538.01,94538.85,180,78,0
2026.02.22 21:51:00,94562.32,94573.06,94562.32,94573.06,180,78,0
2026.02.22 21:48:00,94551.52,94562.26,94551.52,94562.26,180,78,0
2026.02.22 21:45:00,94540.72,94551.46,94540.72,94551.46,180,78,0
2026.02.22 21:42:00,94553.17,94557.91,94534.72,94540.66,180,78,0
2026.02.22 21:39:00,94542.37,94553.11,94542.37,94553.11,180,78,0
2026.02.22 21:36:00,94548.84,94555.44,94538.23,94542.31,180,78,0
2026.02.22 21:33:00,94538.04,94548.78,94538.04,94548.78,180,78,0
2026.02.22 21:30:00,94527.24,94537.98,94527.24,94537.98,180,78,0
2026.02.22 21:27:00,94573.88,94574.18,94518.96,94527.18,180,78,0
2026.02.22 21:24:00,94563.08,94573.82,94563.08,94573.82,180,78,0
2026.02.22 21:21:00,94552.28,94563.02,94552.28,94563.02,180,78,0
2026.02.22 21:18:00,94583.62,94591.54,94549.46,94552.22,180,78,0
2026.02.22 21:15:00,94572.82,94583.56,94572.82,94583.56,180,78,0
2026.02.22 21:12:00,94599.57,94605.93,94571.98,94572.76,180,78,0
2026.02.22 21:09:00,94588.77,94599.51,94588.77,94599.51,180,78,0
2026.02.22 21:06:00,94577.97,94588.71,94577.97,94588.71,180,78,0
2026.02.22 21:03:00,94567.17,94577.91,94567.17,94577.91,180,78,0
2026.02.22 21:00:00,94556.37,94567.11,94556.37,94567.11,180,78,0
2026.02.22 20:57:00,94545.57,94556.31,94545.57,94556.31,180,78,0
2026.02.22 20:54:00,94569.99,94570.17,94538.49,94545.51,180,78,0
2026.02.22 20:51:00,94559.19,94569.93,94559.19,94569.93,180,78,0
2026.02.22 20:48:00,94548.39,94559.13,94548.39,94559.13,180,78,0
2026.02.22 20:45:00,94537.59,94548.33,94537.59,94548.33,180,78,0
2026.02.22 20:42:00,94526.79,94537.53,94526.79,94537.53,180,78,0
2026.02.22 20:39:00,94515.99,94526.73,94515.99,94526.73,180,78,0
2026.02.22 20:36:00,94540.89,94550.37,94514.73,94515.93,180,78,0
2026.02.22 20:33:00,94542.43,94548.73,94536.45,94540.83,180,78,0
2026.02.22 20:30:00,94531.63,94542.37,94531.63,94542.37,180,78,0
2026.02.22 20:27:00,94546.48,94554.04,94528.45,94531.57,180,78,0
2026.02.22 20:24:00,94564.82,94570.76,94541.62,94546.42,181,78,0
2026.02.22 20:21:00,94595.25,94603.05,94564.76,94564.76,180,78,0
2026.02.22 20:18:00,94584.45,94595.19,94584.45,94595.19,180,78,0
2026.02.22 20:15:00,94598.14,94601.86,94577.43,94584.39,180,78,0
2026.02.22 20:12:00,94587.34,94598.08,94587.34,94598.08,180,78,0
2026.02.22 20:09:00,94576.54,94587.28,94576.54,94587.28,180,78,0
2026.02.22 20:06:00,94565.74,94576.48,94565.74,94576.48,180,78,0
2026.02.22 20:03:00,94554.94,94565.68,94554.94,94565.68,180,78,0
2026.02.22 20:00:00,94544.14,94554.88,94544.14,94554.88,180,78,0
2026.02.22 19:57:00,94533.34,94544.08,94533.34,94544.08,180,78,0
2026.02.22 19:54:00,94522.54,94533.28,94522.54,94533.28,180,78,0
2026.02.22 19:51:00,94511.74,94522.48,94511.74,94522.48,180,78,0
2026.02.22 19:48:00,94500.94,94511.68,94500.94,94511.68,180,78,0
2026.02.22 19:45:00,94527.35,94532.57,94495.42,94500.88,180,78,0
2026.02.22 19:42:00,94531.61,94537.55,94522.55,94527.29,180,78,0
2026.02.22 19:39:00,94521.95,94531.55,94521.95,94531.55,161,78,0
2026.02.22 19:36:00,94518.29,94521.95,94518.29,94521.95,62,78,0
2026.02.22 19:33:00,94507.49,94518.23,94507.49,94518.23,180,78,0
2026.02.22 19:30:00,94525.08,94527.66,94499.33,94507.43,180,78,0
2026.02.22 19:27:00,94514.28,94525.02,94514.28,94525.02,180,78,0
2026.02.22 19:24:00,94537.25,94541.39,94507.68,94514.22,180,78,0
2026.02.22 19:21:00,94526.45,94537.19,94526.45,94537.19,180,78,0
2026.02.22 19:18:00,94515.65,94526.39,94515.65,94526.39,180,78,0
2026.02.22 19:15:00,94504.85,94515.59,94504.85,94515.59,180,78,0
2026.02.22 19:12:00,94511.46,94520.76,94503.41,94504.79,180,78,0
2026.02.22 19:09:00,94532.61,94533.87,94501.98,94511.40,180,78,0
2026.02.22 19:06:00,94521.81,94532.55,94521.81,94532.55,179,78,0
2026.02.22 19:03:00,94511.01,94521.75,94511.01,94521.75,180,78,0
2026.02.22 19:00:00,94520.42,94528.28,94508.13,94510.95,180,78,0
2026.02.22 18:57:00,94509.62,94520.36,94509.62,94520.36,180,78,0
2026.02.22 18:54:00,94498.82,94509.56,94498.82,94509.56,180,78,0
2026.02.22 18:51:00,94509.40,94515.70,94494.38,94498.76,180,78,0
2026.02.22 18:48:00,94498.60,94509.34,94498.60,94509.34,180,78,0
2026.02.22 18:45:00,94501.54,94504.42,94490.74,94498.54,180,78,0
2026.02.22 18:42:00,94490.74,94501.48,94490.74,94501.48,180,78,0
2026.02.22 18:39:00,94479.94,94490.68,94479.94,94490.68,180,78,0
2026.02.22 18:36:00,94500.44,94508.90,94477.66,94479.88,180,78,0
2026.02.22 18:33:00,94545.35,94548.11,94498.04,94500.38,176,78,0
2026.02.22 18:27:00,94539.11,94545.35,94539.11,94545.35,105,78,0
2026.02.22 18:24:00,94542.70,94549.84,94535.51,94539.05,180,78,0
2026.02.22 18:21:00,94531.90,94542.64,94531.90,94542.64,180,78,0
2026.02.22 18:18:00,94521.10,94531.84,94521.10,94531.84,180,78,0
2026.02.22 18:15:00,94510.30,94521.04,94510.30,94521.04,180,78,0
2026.02.22 18:12:00,94518.77,94528.61,94509.40,94510.24,180,78,0
2026.02.22 18:09:00,94507.97,94518.71,94507.97,94518.71,180,78,0
2026.02.22 18:06:00,94522.86,94528.68,94503.05,94507.91,180,78,0
2026.02.22 18:03:00,94526.78,94526.90,94512.24,94522.80,180,78,0
2026.02.22 18:00:00,94515.98,94526.72,94515.98,94526.72,180,78,0
2026.02.22 17:57:00,94505.18,94515.92,94505.18,94515.92,180,78,0
2026.02.22 17:54:00,94528.89,94537.41,94502.96,94505.12,180,78,0
2026.02.22 17:51:00,94539.57,94547.61,94526.19,94528.83,180,78,0
2026.02.22 17:48:00,94546.78,94555.54,94537.59,94539.51,180,78,0
2026.02.22 17:45:00,94535.98,94546.72,94535.98,94546.72,180,78,0
2026.02.22 17:42:00,94525.18,94535.92,94525.18,94535.92,180,78,0
2026.02.22 17:39:00,94514.38,94525.12,94514.38,94525.12,180,78,0
2026.02.22 17:36:00,94503.58,94514.32,94503.58,94514.32,180,78,0
2026.02.22 17:33:00,94492.78,94503.52,94492.78,94503.52,180,78,0
2026.02.22 17:30:00,94481.98,94492.72,94481.98,94492.72,180,78,0
2026.02.22 17:27:00,94506.78,94516.98,94481.44,94481.92,180,78,0
2026.02.22 17:24:00,94495.98,94506.72,94495.98,94506.72,180,78,0
2026.02.22 17:21:00,94485.18,94495.92,94485.18,94495.92,180,78,0
2026.02.22 17:18:00,94504.10,94509.68,94480.02,94485.12,180,78,0
2026.02.22 17:15:00,94493.30,94504.04,94493.30,94504.04,180,78,0
2026.02.22 17:12:00,94505.27,94514.99,94492.28,94493.24,180,78,0
2026.02.22 17:09:00,94494.47,94505.21,94494.47,94505.21,180,78,0
2026.02.22 17:06:00,94483.67,94494.41,94483.67,94494.41,180,78,0
2026.02.22 17:03:00,94472.87,94483.61,94472.87,94483.61,180,78,0
2026.02.22 17:00:00,94462.07,94472.81,94462.07,94472.81,180,78,0
2026.02.22 16:57:00,94483.42,94489.60,94457.51,94462.01,180,78,0
2026.02.22 16:54:00,94509.64,94515.34,94478.56,94483.36,180,78,0
2026.02.22 16:51:00,94514.63,94523.21,94507.42,94509.58,181,78,0
2026.02.22 16:48:00,94503.89,94514.57,94503.89,94514.57,179,78,0
2026.02.22 16:45:00,94493.09,94503.83,94493.09,94503.83,180,78,0
2026.02.22 16:42:00,94482.29,94493.03,94482.29,94493.03,180,78,0
2026.02.22 16:39:00,94483.72,94485.22,94473.05,94482.23,180,78,0
2026.02.22 16:36:00,94472.92,94483.66,94472.92,94483.66,180,78,0
2026.02.22 16:33:00,94462.12,94472.86,94462.12,94472.86,180,78,0
2026.02.22 16:30:00,94451.32,94462.06,94451.32,94462.06,180,78,0
2026.02.22 16:27:00,94440.52,94451.26,94440.52,94451.26,180,78,0
2026.02.22 16:24:00,94454.95,94455.55,94430.38,94440.46,180,78,0
2026.02.22 16:21:00,94477.11,94481.49,94448.59,94454.89,180,78,0
2026.02.22 16:18:00,94492.91,94499.03,94472.49,94477.05,180,78,0
2026.02.22 16:15:00,94531.57,94537.33,94488.71,94492.85,181,78,0
2026.02.22 16:12:00,94545.95,94546.01,94520.89,94531.51,180,78,0
2026.02.22 16:09:00,94535.15,94545.89,94535.15,94545.89,180,78,0
2026.02.22 16:06:00,94524.35,94535.09,94524.35,94535.09,180,78,0
2026.02.22 16:03:00,94513.55,94524.29,94513.55,94524.29,180,78,0
2026.02.22 16:00:00,94502.75,94513.49,94502.75,94513.49,180,78,0
2026.02.22 15:57:00,94504.76,94507.88,94495.13,94502.69,180,78,0
2026.02.22 15:54:00,94525.86,94533.72,94501.88,94504.70,180,78,0
2026.02.22 15:51:00,94555.10,94559.60,94519.62,94525.80,180,78,0
2026.02.22 15:48:00,94544.30,94555.04,94544.30,94555.04,180,78,0
2026.02.22 15:45:00,94593.55,94596.49,94536.62,94544.24,180,78,0
2026.02.22 15:42:00,94582.75,94593.49,94582.75,94593.49,180,78,0
2026.02.22 15:39:00,94599.78,94606.38,94578.61,94582.69,180,78,0
2026.02.22 15:36:00,94588.98,94599.72,94588.98,94599.72,180,78,0
2026.02.22 15:33:00,94600.65,94606.53,94584.12,94588.92,180,78,0
2026.02.22 15:30:00,94589.85,94600.59,94589.85,94600.59,180,78,0
2026.02.22 15:27:00,94600.08,94610.82,94600.08,94610.82,180,78,0
2026.02.22 15:24:00,94616.21,94618.55,94591.68,94600.02,180,78,0
2026.02.22 15:21:00,94605.41,94616.15,94605.41,94616.15,180,78,0
2026.02.22 15:18:00,94613.98,94620.88,94601.57,94605.35,180,78,0
2026.02.22 15:15:00,94621.80,94625.40,94606.84,94613.92,180,78,0
2026.02.22 15:12:00,94644.69,94655.01,94621.38,94621.74,180,78,0
2026.02.22 15:09:00,94663.17,94665.03,94635.81,94644.63,180,78,0
2026.02.22 15:06:00,94652.37,94663.11,94652.37,94663.11,180,78,0
2026.02.22 15:03:00,94641.57,94652.31,94641.57,94652.31,180,78,0
2026.02.22 15:00:00,94630.77,94641.51,94630.77,94641.51,180,78,0
2026.02.22 14:57:00,94647.39,94648.65,94621.29,94630.71,180,78,0
2026.02.22 14:54:00,94636.59,94647.33,94636.59,94647.33,180,78,0
2026.02.22 14:51:00,94625.79,94636.53,94625.79,94636.53,180,78,0
2026.02.22 14:48:00,94614.99,94625.73,94614.99,94625.73,180,78,0
2026.02.22 14:45:00,94604.19,94614.93,94604.19,94614.93,180,78,0
2026.02.22 14:42:00,94593.39,94604.13,94593.39,94604.13,180,78,0
2026.02.22 14:39:00,94582.59,94593.33,94582.59,94593.33,180,78,0
2026.02.22 14:36:00,94612.42,94617.64,94577.07,94582.53,180,78,0
2026.02.22 14:33:00,94601.62,94612.36,94601.62,94612.36,180,78,0
2026.02.22 14:30:00,94590.82,94601.56,94590.82,94601.56,180,78,0
2026.02.22 14:27:00,94580.02,94590.76,94580.02,94590.76,180,78,0
2026.02.22 14:24:00,94569.22,94579.96,94569.22,94579.96,180,78,0
2026.02.22 14:21:00,94558.42,94569.16,94558.42,94569.16,180,78,0
2026.02.22 14:18:00,94547.62,94558.36,94547.62,94558.36,180,78,0
2026.02.22 14:15:00,94536.82,94547.56,94536.82,94547.56,180,78,0
2026.02.22 14:12:00,94526.02,94536.76,94526.02,94536.76,180,78,0
2026.02.22 14:09:00,94515.22,94525.96,94515.22,94525.96,180,78,0
2026.02.22 14:06:00,94556.04,94564.26,94512.94,94515.16,180,78,0
2026.02.22 14:03:00,94567.58,94571.00,94548.72,94555.98,180,78,0
2026.02.22 14:00:00,94579.51,94588.69,94566.02,94567.52,180,78,0
2026.02.22 13:57:00,94568.71,94579.45,94568.71,94579.45,180,78,0
2026.02.22 13:54:00,94595.75,94600.55,94562.77,94568.65,180,78,0
2026.02.22 13:51:00,94610.99,94616.03,94590.05,94595.69,180,78,0
2026.02.22 13:48:00,94618.82,94628.60,94610.03,94610.93,180,78,0
2026.02.22 13:45:00,94628.05,94637.11,94617.14,94618.76,180,78,0
2026.02.22 13:42:00,94643.99,94650.35,94623.67,94627.99,180,78,0
2026.02.22 13:39:00,94633.19,94643.93,94633.19,94643.93,180,78,0
2026.02.22 13:36:00,94622.39,94633.13,94622.39,94633.13,180,78,0
2026.02.22 13:33:00,94611.59,94622.33,94611.59,94622.33,180,78,0
2026.02.22 13:30:00,94637.38,94640.38,94603.85,94611.53,180,78,0
2026.02.22 13:27:00,94626.58,94637.32,94626.58,94637.32,180,78,0
2026.02.22 13:24:00,94615.78,94626.52,94615.78,94626.52,180,78,0
2026.02.22 13:21:00,94622.55,94626.99,94609.48,94615.72,180,78,0
2026.02.22 13:18:00,94611.75,94622.49,94611.75,94622.49,180,78,0
2026.02.22 13:15:00,94600.95,94611.69,94600.95,94611.69,180,78,0
2026.02.22 13:12:00,94610.95,94610.95,94590.21,94600.89,180,78,0
2026.02.22 13:09:00,94630.25,94639.07,94609.03,94610.89,180,78,0
2026.02.22 13:06:00,94659.57,94665.03,94625.63,94630.19,180,78,0
2026.02.22 13:03:00,94648.77,94659.51,94648.77,94659.51,180,78,0
2026.02.22 13:00:00,94662.89,94668.05,94643.19,94648.71,180,78,0
2026.02.22 12:57:00,94652.09,94662.83,94652.09,94662.83,180,78,0
2026.02.22 12:54:00,94669.45,94679.59,94651.49,94652.03,180,78,0
2026.02.22 12:51:00,94679.60,94690.34,94679.60,94690.34,180,78,0
2026.02.22 12:48:00,94696.55,94704.71,94677.02,94679.54,180,78,0
2026.02.22 12:45:00,94685.75,94696.49,94685.75,94696.49,180,78,0
2026.02.22 12:42:00,94674.95,94685.69,94674.95,94685.69,180,78,0
2026.02.22 12:39:00,94664.15,94674.89,94664.15,94674.89,180,78,0
2026.02.22 12:36:00,94653.35,94664.09,94653.35,94664.09,180,78,0
2026.02.22 12:33:00,94642.55,94653.29,94642.55,94653.29,180,78,0
2026.02.22 12:30:00,94670.83,94672.81,94633.79,94642.49,180,78,0
2026.02.22 12:27:00,94660.03,94670.77,94660.03,94670.77,180,78,0
2026.02.22 12:24:00,94689.72,94690.86,94659.91,94659.97,180,78,0
2026.02.22 12:21:00,94717.76,94727.06,94688.28,94689.66,180,78,0
2026.02.22 12:18:00,94706.96,94717.70,94706.96,94717.70,180,78,0
2026.02.22 12:15:00,94696.16,94706.90,94696.16,94706.90,180,78,0
2026.02.22 12:12:00,94685.36,94696.10,94685.36,94696.10,180,78,0
2026.02.22 12:09:00,94674.56,94685.30,94674.56,94685.30,180,78,0
2026.02.22 12:06:00,94663.76,94674.50,94663.76,94674.50,180,78,0
2026.02.22 12:03:00,94670.41,94680.43,94663.04,94663.70,180,78,0
2026.02.22 12:00:00,94720.04,94721.54,94669.45,94670.35,180,78,0
2026.02.22 11:57:00,94709.24,94719.98,94709.24,94719.98,180,78,0
2026.02.22 11:54:00,94720.80,94722.54,94700.24,94709.18,180,78,0
2026.02.22 11:51:00,94710.00,94720.74,94710.00,94720.74,180,78,0
2026.02.22 11:48:00,94699.20,94709.94,94699.20,94709.94,180,78,0
2026.02.22 11:45:00,94688.40,94699.14,94688.40,94699.14,180,78,0
2026.02.22 11:42:00,94677.60,94688.34,94677.60,94688.34,180,78,0
2026.02.22 11:39:00,94666.80,94677.54,94666.80,94677.54,180,78,0
2026.02.22 11:36:00,94656.00,94666.74,94656.00,94666.74,180,78,0
2026.02.22 11:33:00,94645.20,94655.94,94645.20,94655.94,180,78,0
2026.02.22 11:30:00,94634.40,94645.14,94634.40,94645.14,180,78,0
2026.02.22 11:27:00,94657.61,94659.41,94633.38,94634.34,180,78,0
2026.02.22 11:24:00,94646.81,94657.55,94646.81,94657.55,180,78,0
2026.02.22 11:21:00,94636.01,94646.75,94636.01,94646.75,180,78,0
2026.02.22 11:18:00,94625.21,94635.95,94625.21,94635.95,180,78,0
2026.02.22 11:15:00,94614.41,94625.15,94614.41,94625.15,180,78,0
2026.02.22 11:12:00,94620.51,94621.65,94604.81,94614.35,180,78,0
2026.02.22 11:09:00,94609.71,94620.45,94609.71,94620.45,180,78,0
2026.02.22 11:06:00,94655.53,94659.13,94603.41,94609.65,180,78,0
2026.02.22 11:03:00,94644.73,94655.47,94644.73,94655.47,180,78,0
2026.02.22 11:00:00,94633.93,94644.67,94633.93,94644.67,180,78,0
2026.02.22 10:57:00,94623.13,94633.87,94623.13,94633.87,180,78,0
2026.02.22 10:54:00,94612.33,94623.07,94612.33,94623.07,180,78,0
2026.02.22 10:51:00,94659.88,94665.76,94607.95,94612.27,180,78,0
2026.02.22 10:48:00,94679.89,94681.03,94657.18,94659.82,180,78,0
2026.02.22 10:45:00,94699.86,94700.10,94669.39,94679.83,180,78,0
2026.02.22 10:42:00,94750.08,94752.30,94693.26,94699.80,180,78,0
2026.02.22 10:39:00,94739.28,94750.02,94739.28,94750.02,180,78,0
2026.02.22 10:36:00,94728.48,94739.22,94728.48,94739.22,180,78,0
2026.02.22 10:33:00,94748.58,94749.12,94718.28,94728.42,180,78,0
2026.02.22 10:30:00,94760.42,94765.64,94743.06,94748.52,180,78,0
2026.02.22 10:27:00,94749.62,94760.36,94749.62,94760.36,180,78,0
2026.02.22 10:24:00,94752.48,94758.48,94744.88,94749.56,180,78,0
2026.02.22 10:21:00,94741.68,94752.42,94741.68,94752.42,180,78,0
2026.02.22 10:18:00,94745.14,94753.96,94739.76,94741.62,180,78,0
2026.02.22 10:15:00,94734.34,94745.08,94734.34,94745.08,180,78,0
2026.02.22 10:12:00,94723.54,94734.28,94723.54,94734.28,180,78,0
2026.02.22 10:09:00,94712.74,94723.48,94712.74,94723.48,180,78,0
2026.02.22 10:06:00,94701.94,94712.68,94701.94,94712.68,180,78,0
2026.02.22 10:03:00,94706.39,94710.77,94695.58,94701.88,180,78,0
2026.02.22 10:00:00,94695.59,94706.33,94695.59,94706.33,180,78,0
2026.02.22 09:57:00,94740.40,94742.86,94687.67,94695.53,180,78,0
2026.02.22 09:54:00,94763.86,94766.26,94732.06,94740.34,180,78,0
2026.02.22 09:51:00,94753.06,94763.80,94753.06,94763.80,180,78,0
2026.02.22 09:48:00,94742.26,94753.00,94742.26,94753.00,180,78,0
2026.02.22 09:45:00,94749.90,94756.74,94738.36,94742.20,180,78,0
2026.02.22 09:42:00,94782.22,94787.26,94748.82,94749.84,180,78,0
2026.02.22 09:39:00,94771.42,94782.16,94771.42,94782.16,180,78,0
2026.02.22 09:36:00,94784.51,94784.69,94760.86,94771.36,180,78,0
2026.02.22 09:33:00,94773.71,94784.45,94773.71,94784.45,180,78,0
2026.02.22 09:30:00,94762.91,94773.65,94762.91,94773.65,180,78,0
2026.02.22 09:27:00,94789.51,94797.43,94760.99,94762.85,180,78,0
2026.02.22 09:24:00,94815.19,94817.17,94783.63,94789.45,180,78,0
2026.02.22 09:21:00,94804.39,94815.13,94804.39,94815.13,180,78,0
2026.02.22 09:18:00,94793.59,94804.33,94793.59,94804.33,180,78,0
2026.02.22 09:15:00,94812.64,94813.12,94783.33,94793.53,180,78,0
2026.02.22 09:12:00,94801.84,94812.58,94801.84,94812.58,180,78,0
2026.02.22 09:09:00,94791.04,94801.78,94791.04,94801.78,180,78,0
2026.02.22 09:06:00,94812.46,94817.98,94785.82,94790.98,180,78,0
2026.02.22 09:03:00,94816.66,94818.58,94803.64,94812.40,180,78,0
2026.02.22 09:00:00,94821.84,94829.58,94813.66,94816.60,180,78,0
2026.02.22 08:57:00,94849.18,94851.88,94813.80,94821.78,180,78,0
2026.02.22 08:54:00,94872.30,94882.50,94848.64,94849.12,180,78,0
2026.02.22 08:51:00,94899.90,94908.36,94870.02,94872.24,180,78,0
2026.02.22 08:48:00,94889.10,94899.84,94889.10,94899.84,180,78,0
2026.02.22 08:45:00,94878.30,94889.04,94878.30,94889.04,180,78,0
2026.02.22 08:42:00,94867.50,94878.24,94867.50,94878.24,180,78,0
2026.02.22 08:39:00,94856.70,94867.44,94856.70,94867.44,180,78,0
2026.02.22 08:36:00,94845.90,94856.64,94845.90,94856.64,180,78,0
2026.02.22 08:33:00,94835.10,94845.84,94835.10,94845.84,180,78,0
2026.02.22 08:30:00,94824.30,94835.04,94824.30,94835.04,180,78,0
2026.02.22 08:27:00,94813.50,94824.24,94813.50,94824.24,180,78,0
2026.02.22 08:24:00,94802.70,94813.44,94802.70,94813.44,180,78,0
2026.02.22 08:21:00,94807.69,94808.59,94792.86,94802.64,180,78,0
2026.02.22 08:18:00,94796.89,94807.63,94796.89,94807.63,180,78,0
2026.02.22 08:15:00,94786.09,94796.83,94786.09,94796.83,180,78,0
2026.02.22 08:12:00,94788.41,94792.07,94779.01,94786.03,180,78,0
2026.02.22 08:09:00,94777.61,94788.35,94777.61,94788.35,180,78,0
2026.02.22 08:06:00,94790.81,94801.07,94777.13,94777.55,180,78,0
2026.02.22 08:03:00,94780.01,94790.75,94780.01,94790.75,180,78,0
2026.02.22 08:00:00,94769.21,94779.95,94769.21,94779.95,180,78,0
2026.02.22 07:57:00,94758.41,94769.15,94758.41,94769.15,180,78,0
2026.02.22 07:54:00,94747.61,94758.35,94747.61,94758.35,180,78,0
2026.02.22 07:51:00,94736.81,94747.55,94736.81,94747.55,180,78,0
2026.02.22 07:48:00,94726.01,94736.75,94726.01,94736.75,180,78,0
2026.02.22 07:45:00,94715.21,94725.95,94715.21,94725.95,180,78,0
2026.02.22 07:42:00,94704.41,94715.15,94704.41,94715.15,180,78,0
2026.02.22 07:39:00,94693.61,94704.35,94693.61,94704.35,180,78,0
2026.02.22 07:36:00,94717.85,94723.25,94688.27,94693.55,180,78,0
2026.02.22 07:33:00,94707.05,94717.79,94707.05,94717.79,180,78,0
2026.02.22 07:30:00,94696.25,94706.99,94696.25,94706.99,180,78,0
2026.02.22 07:27:00,94685.45,94696.19,94685.45,94696.19,180,78,0
2026.02.22 07:24:00,94674.65,94685.39,94674.65,94685.39,180,78,0
2026.02.22 07:21:00,94695.43,94701.97,94670.45,94674.59,180,78,0
2026.02.22 07:18:00,94684.63,94695.37,94684.63,94695.37,180,78,0
2026.02.22 07:15:00,94673.77,94684.57,94673.77,94684.57,181,78,0
2026.02.22 07:12:00,94662.97,94673.71,94662.97,94673.71,180,78,0
2026.02.22 07:09:00,94723.69,94726.15,94661.65,94662.91,180,78,0
2026.02.22 07:06:00,94712.89,94723.63,94712.89,94723.63,180,78,0
2026.02.22 07:03:00,94702.09,94712.83,94702.09,94712.83,180,78,0
2026.02.22 07:00:00,94691.29,94702.03,94691.29,94702.03,180,78,0
2026.02.22 06:57:00,94690.51,94691.23,94690.51,94691.23,13,78,0
2026.02.22 06:48:00,94684.09,94690.45,94684.09,94690.45,107,78,0
2026.02.22 06:45:00,94673.29,94684.03,94673.29,94684.03,180,78,0
2026.02.22 06:42:00,94684.82,94694.42,94672.15,94673.23,180,78,0
2026.02.22 06:39:00,94674.02,94684.76,94674.02,94684.76,180,78,0
2026.02.22 06:36:00,94690.03,94698.73,94671.98,94673.96,180,78,0
2026.02.22 06:33:00,94730.47,94734.67,94688.17,94689.97,180,78,0
2026.02.22 06:30:00,94719.67,94730.41,94719.67,94730.41,180,78,0
2026.02.22 06:27:00,94735.43,94743.23,94716.73,94719.61,180,78,0
2026.02.22 06:24:00,94749.36,94757.88,94733.21,94735.37,180,78,0
2026.02.22 06:21:00,94738.56,94749.30,94738.56,94749.30,180,78,0
2026.02.22 06:18:00,94746.89,94748.21,94729.14,94738.50,180,78,0
2026.02.22 06:15:00,94736.09,94746.83,94736.09,94746.83,180,78,0
2026.02.22 06:12:00,94725.29,94736.03,94725.29,94736.03,180,78,0
2026.02.22 06:09:00,94714.49,94725.23,94714.49,94725.23,180,78,0
2026.02.22 06:06:00,94703.69,94714.43,94703.69,94714.43,180,78,0
2026.02.22 06:03:00,94692.89,94703.63,94692.89,94703.63,180,78,0
2026.02.22 06:00:00,94682.09,94692.83,94682.09,94692.83,180,78,0
2026.02.22 05:57:00,94671.29,94682.03,94671.29,94682.03,180,78,0
2026.02.22 05:54:00,94660.49,94671.23,94660.49,94671.23,180,78,0
2026.02.22 05:51:00,94649.69,94660.43,94649.69,94660.43,180,78,0
2026.02.22 05:48:00,94638.89,94649.63,94638.89,94649.63,180,78,0
2026.02.22 05:45:00,94628.09,94638.83,94628.09,94638.83,180,78,0
2026.02.22 05:42:00,94617.29,94628.03,94617.29,94628.03,180,78,0
2026.02.22 05:39:00,94606.49,94617.23,94606.49,94617.23,180,78,0
2026.02.22 05:36:00,94625.64,94630.92,94601.03,94606.43,180,78,0
2026.02.22 05:33:00,94614.84,94625.58,94614.84,94625.58,180,78,0
2026.02.22 05:30:00,94604.04,94614.78,94604.04,94614.78,180,78,0
2026.02.22 05:27:00,94593.24,94603.98,94593.24,94603.98,180,78,0
2026.02.22 05:24:00,94582.44,94593.18,94582.44,94593.18,180,78,0
2026.02.22 05:21:00,94588.72,94589.92,94572.90,94582.38,180,78,0
2026.02.22 05:18:00,94577.92,94588.66,94577.92,94588.66,180,78,0
2026.02.22 05:15:00,94587.53,94594.37,94574.02,94577.86,180,78,0
2026.02.22 05:12:00,94592.06,94596.80,94581.53,94587.47,180,78,0
2026.02.22 05:09:00,94581.26,94592.00,94581.26,94592.00,180,78,0
2026.02.22 05:06:00,94570.46,94581.20,94570.46,94581.20,180,78,0
2026.02.22 05:03:00,94612.64,94613.78,94566.98,94570.40,180,78,0
2026.02.22 05:00:00,94601.84,94612.58,94601.84,94612.58,180,78,0
2026.02.22 04:57:00,94591.04,94601.78,94591.04,94601.78,180,78,0
2026.02.22 04:54:00,94580.24,94590.98,94580.24,94590.98,180,78,0
2026.02.22 04:51:00,94569.44,94580.18,94569.44,94580.18,180,78,0
2026.02.22 04:48:00,94587.80,94596.02,94566.92,94569.38,180,78,0
2026.02.22 04:45:00,94577.00,94587.74,94577.00,94587.74,180,78,0
2026.02.22 04:42:00,94578.32,94585.10,94573.04,94576.94,180,78,0
2026.02.22 04:39:00,94596.73,94604.89,94575.74,94578.26,180,78,0
2026.02.22 04:36:00,94585.93,94596.67,94585.93,94596.67,180,78,0
2026.02.22 04:33:00,94589.17,94593.55,94579.57,94585.87,180,78,0
2026.02.22 04:30:00,94606.46,94606.58,94578.55,94589.11,180,78,0
2026.02.22 04:27:00,94611.70,94616.08,94600.10,94606.40,180,78,0
2026.02.22 04:24:00,94600.90,94611.64,94600.90,94611.64,180,78,0
2026.02.22 04:21:00,94590.10,94600.84,94590.10,94600.84,180,78,0
2026.02.22 04:18:00,94593.35,94595.51,94581.52,94590.04,180,78,0
2026.02.22 04:15:00,94582.55,94593.29,94582.55,94593.29,180,78,0
2026.02.22 04:12:00,94571.75,94582.49,94571.75,94582.49,180,78,0
2026.02.22 04:09:00,94580.81,94588.85,94569.05,94571.69,180,78,0
2026.02.22 04:06:00,94605.11,94605.47,94570.43,94580.75,180,78,0
2026.02.22 04:03:00,94645.88,94648.10,94603.85,94605.05,180,78,0
2026.02.22 04:00:00,94635.08,94645.82,94635.08,94645.82,180,78,0
2026.02.22 03:57:00,94646.94,94653.60,94631.00,94635.02,180,78,0
2026.02.22 03:54:00,94693.67,94695.53,94639.08,94646.88,180,78,0
2026.02.22 03:51:00,94699.28,94704.86,94688.51,94693.61,180,78,0
2026.02.22 03:48:00,94688.48,94699.22,94688.48,94699.22,180,78,0
2026.02.22 03:45:00,94677.68,94688.42,94677.68,94688.42,180,78,0
2026.02.22 03:42:00,94666.88,94677.62,94666.88,94677.62,180,78,0
2026.02.22 03:39:00,94698.93,94705.35,94662.56,94666.82,180,78,0
2026.02.22 03:36:00,94730.30,94733.54,94691.43,94698.87,180,78,0
2026.02.22 03:33:00,94719.50,94730.24,94719.50,94730.24,180,78,0
2026.02.22 03:30:00,94708.70,94719.44,94708.70,94719.44,180,78,0
2026.02.22 03:27:00,94697.90,94708.64,94697.90,94708.64,180,78,0
2026.02.22 03:24:00,94723.12,94724.56,94691.06,94697.84,180,78,0
2026.02.22 03:21:00,94712.32,94723.06,94712.32,94723.06,180,78,0
2026.02.22 03:18:00,94701.52,94712.26,94701.52,94712.26,180,78,0
2026.02.22 03:15:00,94714.81,94724.23,94700.20,94701.46,180,78,0
2026.02.22 03:12:00,94704.01,94714.75,94704.01,94714.75,180,78,0
2026.02.22 03:09:00,94707.81,94713.75,94699.21,94703.95,180,78,0
2026.02.22 03:06:00,94723.83,94725.45,94698.69,94707.75,180,78,0
2026.02.22 03:03:00,94747.47,94758.15,94723.77,94723.77,180,78,0
2026.02.22 03:00:00,94809.17,94813.91,94746.93,94747.41,180,78,0
2026.02.22 02:57:00,94798.37,94809.11,94798.37,94809.11,180,78,0
2026.02.22 02:54:00,94787.57,94798.31,94787.57,94798.31,180,78,0
2026.02.22 02:51:00,94776.77,94787.51,94776.77,94787.51,180,78,0
2026.02.22 02:48:00,94765.97,94776.71,94765.97,94776.71,180,78,0
2026.02.22 02:45:00,94755.17,94765.91,94755.17,94765.91,180,78,0
2026.02.22 02:42:00,94744.37,94755.11,94744.37,94755.11,180,78,0
2026.02.22 02:39:00,94733.57,94744.31,94733.57,94744.31,180,78,0
2026.02.22 02:36:00,94722.77,94733.51,94722.77,94733.51,180,78,0
2026.02.22 02:33:00,94711.97,94722.71,94711.97,94722.71,180,78,0
2026.02.22 02:30:00,94701.17,94711.91,94701.17,94711.91,180,78,0
2026.02.22 02:27:00,94690.37,94701.11,94690.37,94701.11,180,78,0
2026.02.22 02:24:00,94679.57,94690.31,94679.57,94690.31,180,78,0
2026.02.22 02:21:00,94668.77,94679.51,94668.77,94679.51,180,78,0
2026.02.22 02:18:00,94675.10,94680.86,94663.79,94668.71,180,78,0
2026.02.22 02:15:00,94664.30,94675.04,94664.30,94675.04,180,78,0
2026.02.22 02:12:00,94653.50,94664.24,94653.50,94664.24,180,78,0
2026.02.22 02:09:00,94642.70,94653.44,94642.70,94653.44,180,78,0
2026.02.22 02:06:00,94675.91,94686.05,94642.10,94642.64,180,78,0
2026.02.22 02:03:00,94687.91,94688.09,94665.35,94675.85,180,78,0
2026.02.22 02:00:00,94690.46,94695.98,94682.69,94687.85,180,78,0
2026.02.22 01:57:00,94679.66,94690.40,94679.66,94690.40,180,78,0
2026.02.22 01:54:00,94719.03,94719.45,94675.88,94679.60,180,78,0
2026.02.22 01:51:00,94708.23,94718.97,94708.23,94718.97,180,78,0
2026.02.22 01:48:00,94697.43,94708.17,94697.43,94708.17,180,78,0
2026.02.22 01:45:00,94746.02,94751.42,94695.21,94697.37,180,78,0
2026.02.22 01:42:00,94735.22,94745.96,94735.22,94745.96,180,78,0
2026.02.22 01:39:00,94744.57,94751.71,94731.62,94735.16,180,78,0
2026.02.22 01:36:00,94733.77,94744.51,94733.77,94744.51,180,78,0
2026.02.22 01:33:00,94748.13,94750.77,94725.67,94733.71,180,78,0
2026.02.22 01:30:00,94737.33,94748.07,94737.33,94748.07,180,78,0
2026.02.22 01:27:00,94726.53,94737.27,94726.53,94737.27,180,78,0
2026.02.22 01:24:00,94751.58,94757.52,94721.73,94726.47,180,78,0
2026.02.22 01:21:00,94740.78,94751.52,94740.78,94751.52,180,78,0
2026.02.22 01:18:00,94729.98,94740.72,94729.98,94740.72,180,78,0
2026.02.22 01:15:00,94719.18,94729.92,94719.18,94729.92,180,78,0
2026.02.22 01:12:00,94731.92,94736.78,94713.30,94719.12,180,78,0
2026.02.22 01:09:00,94736.17,94743.91,94728.92,94731.86,180,78,0
2026.02.22 01:06:00,94750.91,94752.41,94726.93,94736.11,180,78,0
2026.02.22 01:03:00,94740.11,94750.85,94740.11,94750.85,180,78,0
2026.02.22 01:00:00,94729.31,94740.05,94729.31,94740.05,180,78,0
2026.02.22 00:57:00,94749.20,94750.88,94728.65,94729.25,180,78,0
2026.02.22 00:54:00,94776.63,94780.89,94745.66,94749.14,180,78,0
2026.02.22 00:51:00,94765.83,94776.57,94765.83,94776.57,180,78,0
2026.02.22 00:48:00,94755.03,94765.77,94755.03,94765.77,180,78,0
2026.02.22 00:45:00,94744.23,94754.97,94744.23,94754.97,180,78,0
2026.02.22 00:42:00,94733.43,94744.17,94733.43,94744.17,180,78,0
2026.02.22 00:39:00,94722.63,94733.37,94722.63,94733.37,180,78,0
2026.02.22 00:36:00,94711.83,94722.57,94711.83,94722.57,180,78,0
2026.02.22 00:33:00,94701.03,94711.77,94701.03,94711.77,180,78,0
2026.02.22 00:30:00,94724.48,94732.46,94698.27,94700.97,180,78,0
2026.02.22 00:27:00,94751.18,94754.12,94716.68,94724.42,180,78,0
2026.02.22 00:24:00,94740.38,94751.12,94740.38,94751.12,180,78,0
2026.02.22 00:21:00,94729.58,94740.32,94729.58,94740.32,180,78,0
2026.02.22 00:18:00,94718.78,94729.52,94718.78,94729.52,180,78,0
2026.02.22 00:15:00,94707.98,94718.72,94707.98,94718.72,180,78,0
2026.02.22 00:12:00,94697.18,94707.92,94697.18,94707.92,180,78,0
2026.02.22 00:09:00,94686.38,94697.12,94686.38,94697.12,180,78,0
2026.02.22 00:06:00,94675.58,94686.32,94675.58,94686.32,180,78,0
2026.02.22 00:03:00,94688.15,94698.47,94675.16,94675.52,180,78,0
2026.02.22 00:00:00,94677.35,94688.09,94677.35,94688.09,180,78,0
2026.02.21 23:57:00,94666.55,94677.29,94666.55,94677.29,180,78,0
2026.02.21 23:54:00,94677.02,94677.74,94656.53,94666.49,180,78,0
2026.02.21 23:51:00,94694.66,94697.96,94669.58,94676.96,180,78,0
2026.02.21 23:48:00,94683.86,94694.60,94683.86,94694.60,180,78,0
2026.02.21 23:45:00,94673.06,94683.80,94673.06,94683.80,180,78,0
2026.02.21 23:42:00,94662.26,94673.00,94662.26,94673.00,180,78,0
2026.02.21 23:39:00,94651.46,94662.20,94651.46,94662.20,180,78,0
2026.02.21 23:36:00,94659.98,94668.56,94649.30,94651.40,180,78,0
2026.02.21 23:33:00,94664.66,94666.70,94651.28,94659.92,180,78,0
2026.02.21 23:30:00,94653.86,94664.60,94653.86,94664.60,180,78,0
2026.02.21 23:27:00,94643.06,94653.80,94643.06,94653.80,180,78,0
2026.02.21 23:24:00,94632.26,94643.00,94632.26,94643.00,180,78,0
2026.02.21 23:21:00,94621.46,94632.20,94621.46,94632.20,180,78,0
2026.02.21 23:18:00,94610.66,94621.40,94610.66,94621.40,180,78,0
2026.02.21 23:15:00,94599.86,94610.60,94599.86,94610.60,180,78,0
2026.02.21 23:12:00,94589.06,94599.80,94589.06,94599.80,180,78,0
2026.02.21 23:09:00,94658.12,94668.02,94588.64,94589.00,180,78,0
2026.02.21 23:06:00,94647.32,94658.06,94647.32,94658.06,180,78,0
2026.02.21 23:03:00,94648.75,94658.35,94646.18,94647.26,180,78,0
2026.02.21 23:00:00,94674.39,94679.01,94642.63,94648.69,180,78,0
2026.02.21 22:57:00,94694.08,94701.04,94670.61,94674.33,180,78,0
2026.02.21 22:54:00,94683.28,94694.02,94683.28,94694.02,180,78,0
2026.02.21 22:51:00,94672.48,94683.22,94672.48,94683.22,180,78,0
2026.02.21 22:48:00,94661.68,94672.42,94661.68,94672.42,180,78,0
2026.02.21 22:45:00,94650.88,94661.62,94650.88,94661.62,180,78,0
2026.02.21 22:42:00,94663.56,94664.94,94641.52,94650.82,180,78,0
2026.02.21 22:39:00,94673.79,94677.39,94656.42,94663.50,180,78,0
2026.02.21 22:36:00,94708.25,94713.53,94671.33,94673.73,180,78,0
2026.02.21 22:33:00,94697.45,94708.19,94697.45,94708.19,180,78,0
2026.02.21 22:30:00,94726.89,94727.91,94690.91,94697.39,180,78,0
2026.02.21 22:27:00,94734.63,94741.95,94723.47,94726.83,180,78,0
2026.02.21 22:24:00,94723.83,94734.57,94723.83,94734.57,180,78,0
2026.02.21 22:21:00,94753.12,94753.24,94722.27,94723.77,180,78,0
2026.02.21 22:18:00,94763.00,94764.62,94744.00,94753.06,180,78,0
2026.02.21 22:15:00,94752.14,94762.94,94752.14,94762.94,181,78,0
2026.02.21 22:12:00,94741.34,94752.08,94741.34,94752.08,180,78,0
2026.02.21 22:09:00,94748.64,94753.92,94735.88,94741.28,180,78,0
2026.02.21 22:06:00,94737.84,94748.58,94737.84,94748.58,180,78,0
2026.02.21 22:03:00,94747.29,94750.11,94729.92,94737.78,180,78,0
2026.02.21 22:00:00,94736.49,94747.23,94736.49,94747.23,180,78,0
2026.02.21 21:57:00,94725.69,94736.43,94725.69,94736.43,180,78,0
2026.02.21 21:54:00,94742.97,94749.09,94721.07,94725.63,180,78,0
2026.02.21 21:51:00,94749.91,94755.31,94737.63,94742.91,180,78,0
2026.02.21 21:48:00,94739.11,94749.85,94739.11,94749.85,180,78,0
2026.02.21 21:45:00,94728.31,94739.05,94728.31,94739.05,180,78,0
2026.02.21 21:42:00,94735.40,94738.88,94721.05,94728.25,180,78,0
2026.02.21 21:39:00,94724.60,94735.34,94724.60,94735.34,180,78,0
2026.02.21 21:36:00,94781.59,94787.95,94722.68,94724.54,180,78,0
2026.02.21 21:33:00,94770.79,94781.53,94770.79,94781.53,180,78,0
2026.02.21 21:30:00,94759.99,94770.73,94759.99,94770.73,180,78,0
2026.02.21 21:27:00,94772.70,94777.74,94754.29,94759.93,180,78,0
2026.02.21 21:24:00,94778.57,94788.65,94772.04,94772.64,180,78,0
2026.02.21 21:21:00,94790.01,94800.39,94778.21,94778.51,180,78,0
2026.02.21 21:18:00,94781.61,94789.95,94781.61,94789.95,140,78,0
2026.02.21 21:06:00,94780.11,94781.61,94780.11,94781.61,26,78,0
2026.02.21 21:03:00,94769.31,94780.05,94769.31,94780.05,180,78,0
2026.02.21 21:00:00,94770.78,94771.44,94759.23,94769.25,180,78,0
2026.02.21 20:57:00,94759.98,94770.72,94759.98,94770.72,180,78,0
2026.02.21 20:54:00,94774.56,94780.26,94754.94,94759.92,180,78,0
2026.02.21 20:51:00,94763.76,94774.50,94763.76,94774.50,180,78,0
2026.02.21 20:48:00,94752.96,94763.70,94752.96,94763.70,180,78,0
2026.02.21 20:45:00,94742.16,94752.90,94742.16,94752.90,180,78,0
2026.02.21 20:42:00,94731.36,94742.10,94731.36,94742.10,180,78,0
2026.02.21 20:39:00,94720.56,94731.30,94720.56,94731.30,180,78,0
2026.02.21 20:36:00,94722.33,94727.37,94714.86,94720.50,180,78,0
2026.02.21 20:33:00,94711.53,94722.27,94711.53,94722.27,180,78,0
2026.02.21 20:30:00,94740.73,94750.63,94710.69,94711.47,180,78,0
2026.02.21 20:27:00,94729.93,94740.67,94729.93,94740.67,180,78,0
2026.02.21 20:24:00,94719.13,94729.87,94719.13,94729.87,180,78,0
2026.02.21 20:21:00,94708.33,94719.07,94708.33,94719.07,180,78,0
2026.02.21 20:18:00,94697.53,94708.27,94697.53,94708.27,180,78,0
2026.02.21 20:15:00,94686.73,94697.47,94686.73,94697.47,180,78,0
2026.02.21 20:12:00,94675.93,94686.67,94675.93,94686.67,180,78,0
2026.02.21 20:09:00,94700.25,94703.43,94668.37,94675.87,180,78,0
2026.02.21 20:06:00,94689.45,94700.19,94689.45,94700.19,180,78,0
2026.02.21 20:03:00,94678.65,94689.39,94678.65,94689.39,180,78,0
2026.02.21 20:00:00,94667.85,94678.59,94667.85,94678.59,180,78,0
2026.02.21 19:57:00,94657.05,94667.79,94657.05,94667.79,180,78,0
2026.02.21 19:54:00,94692.78,94693.50,94654.23,94656.99,180,78,0
2026.02.21 19:51:00,94681.98,94692.72,94681.98,94692.72,180,78,0
2026.02.21 19:48:00,94695.98,94698.02,94673.28,94681.92,180,78,0
2026.02.21 19:45:00,94714.39,94717.75,94688.60,94695.92,180,78,0
2026.02.21 19:42:00,94703.59,94714.33,94703.59,94714.33,180,78,0
2026.02.21 19:39:00,94717.51,94723.69,94699.03,94703.53,180,78,0
2026.02.21 19:36:00,94706.71,94717.45,94706.71,94717.45,180,78,0
2026.02.21 19:33:00,94715.34,94719.66,94700.29,94706.65,180,78,0
2026.02.21 19:30:00,94704.54,94715.28,94704.54,94715.28,180,78,0
2026.02.21 19:27:00,94753.41,94757.25,94700.82,94704.48,180,78,0
2026.02.21 19:24:00,94742.55,94753.35,94742.55,94753.35,181,78,0
2026.02.21 19:21:00,94731.75,94742.49,94731.75,94742.49,180,78,0
2026.02.21 19:18:00,94720.95,94731.69,94720.95,94731.69,180,78,0
2026.02.21 19:15:00,94710.15,94720.89,94710.15,94720.89,180,78,0
2026.02.21 19:12:00,94699.35,94710.09,94699.35,94710.09,180,78,0
2026.02.21 19:09:00,94688.55,94699.29,94688.55,94699.29,180,78,0
2026.02.21 19:06:00,94706.65,94714.63,94685.79,94688.49,180,78,0
2026.02.21 19:03:00,94695.85,94706.59,94695.85,94706.59,180,78,0
2026.02.21 19:00:00,94685.05,94695.79,94685.05,94695.79,180,78,0
2026.02.21 18:57:00,94674.25,94684.99,94674.25,94684.99,180,78,0
2026.02.21 18:54:00,94663.45,94674.19,94663.45,94674.19,180,78,0
2026.02.21 18:51:00,94683.80,94690.76,94659.67,94663.39,180,78,0
2026.02.21 18:48:00,94704.39,94704.45,94673.12,94683.74,180,78,0
2026.02.21 18:45:00,94693.59,94704.33,94693.59,94704.33,180,78,0
2026.02.21 18:42:00,94682.79,94693.53,94682.79,94693.53,180,78,0
2026.02.21 18:39:00,94671.99,94682.73,94671.99,94682.73,180,78,0
2026.02.21 18:36:00,94661.19,94671.93,94661.19,94671.93,180,78,0
2026.02.21 18:33:00,94650.39,94661.13,94650.39,94661.13,180,78,0
2026.02.21 18:30:00,94639.59,94650.33,94639.59,94650.33,180,78,0
2026.02.21 18:27:00,94651.26,94661.94,94639.53,94639.53,180,78,0
2026.02.21 18:24:00,94640.46,94651.20,94640.46,94651.20,180,78,0
2026.02.21 18:21:00,94629.66,94640.40,94629.66,94640.40,180,78,0
2026.02.21 18:18:00,94618.86,94629.60,94618.86,94629.60,180,78,0
2026.02.21 18:15:00,94608.06,94618.80,94608.06,94618.80,180,78,0
2026.02.21 18:12:00,94614.79,94620.73,94603.26,94608.00,180,78,0
2026.02.21 18:09:00,94628.24,94631.66,94607.47,94614.73,180,78,0
2026.02.21 18:06:00,94617.44,94628.18,94617.44,94628.18,180,78,0
2026.02.21 18:03:00,94606.64,94617.38,94606.64,94617.38,180,78,0
2026.02.21 18:00:00,94595.84,94606.58,94595.84,94606.58,180,78,0
2026.02.21 17:57:00,94585.04,94595.78,94585.04,94595.78,180,78,0
2026.02.21 17:54:00,94594.17,94599.75,94579.88,94584.98,180,78,0
2026.02.21 17:51:00,94583.37,94594.11,94583.37,94594.11,180,78,0
2026.02.21 17:48:00,94608.75,94615.17,94583.01,94583.31,180,78,0
2026.02.21 17:45:00,94597.95,94608.69,94597.95,94608.69,180,78,0
2026.02.21 17:42:00,94587.15,94597.89,94587.15,94597.89,180,78,0
2026.02.21 17:39:00,94576.35,94587.09,94576.35,94587.09,180,78,0
2026.02.21 17:36:00,94565.55,94576.29,94565.55,94576.29,180,78,0
2026.02.21 17:33:00,94554.75,94565.49,94554.75,94565.49,180,78,0
2026.02.21 17:30:00,94575.06,94575.66,94554.57,94554.69,180,78,0
2026.02.21 17:27:00,94578.06,94585.74,94572.00,94575.00,180,78,0
2026.02.21 17:24:00,94614.42,94615.14,94568.04,94578.00,180,78,0
2026.02.21 17:21:00,94603.62,94614.36,94603.62,94614.36,180,78,0
2026.02.21 17:18:00,94592.82,94603.56,94592.82,94603.56,180,78,0
2026.02.21 17:15:00,94611.27,94616.49,94587.30,94592.76,180,78,0
2026.02.21 17:12:00,94600.47,94611.21,94600.47,94611.21,180,78,0
2026.02.21 17:09:00,94589.67,94600.41,94589.67,94600.41,180,78,0
2026.02.21 17:06:00,94611.23,94620.35,94588.05,94589.61,180,78,0
2026.02.21 17:03:00,94600.43,94611.17,94600.43,94611.17,180,78,0
2026.02.21 17:00:00,94589.63,94600.37,94589.63,94600.37,180,78,0
2026.02.21 16:57:00,94597.98,94603.62,94584.53,94589.57,180,78,0
2026.02.21 16:54:00,94587.18,94597.92,94587.18,94597.92,180,78,0
2026.02.21 16:51:00,94576.38,94587.12,94576.38,94587.12,180,78,0
2026.02.21 16:48:00,94565.58,94576.32,94565.58,94576.32,180,78,0
2026.02.21 16:45:00,94604.72,94604.84,94561.62,94565.52,180,78,0
2026.02.21 16:42:00,94593.92,94604.66,94593.92,94604.66,180,78,0
2026.02.21 16:39:00,94629.29,94632.35,94586.24,94593.86,180,78,0
2026.02.21 16:36:00,94659.85,94660.57,94619.99,94629.23,180,78,0
2026.02.21 16:33:00,94649.05,94659.79,94649.05,94659.79,180,78,0
2026.02.21 16:30:00,94652.31,94654.83,94640.83,94648.99,180,78,0
2026.02.21 16:27:00,94641.51,94652.25,94641.51,94652.25,180,78,0
2026.02.21 16:24:00,94644.39,94651.47,94637.85,94641.45,180,78,0
2026.02.21 16:21:00,94633.59,94644.33,94633.59,94644.33,180,78,0
2026.02.21 16:18:00,94622.79,94633.53,94622.79,94633.53,180,78,0
2026.02.21 16:15:00,94611.99,94622.73,94611.99,94622.73,180,78,0
2026.02.21 16:12:00,94641.44,94642.70,94602.51,94611.93,180,78,0
2026.02.21 16:09:00,94630.64,94641.38,94630.64,94641.38,180,78,0
2026.02.21 16:06:00,94647.15,94648.95,94621.70,94630.58,180,78,0
2026.02.21 16:03:00,94675.22,94680.98,94642.17,94647.09,180,78,0
2026.02.21 16:00:00,94664.42,94675.16,94664.42,94675.16,180,78,0
2026.02.21 15:57:00,94677.91,94678.21,94653.98,94664.36,180,78,0
2026.02.21 15:54:00,94667.11,94677.85,94667.11,94677.85,180,78,0
2026.02.21 15:51:00,94656.31,94667.05,94656.31,94667.05,180,78,0
2026.02.21 15:48:00,94645.51,94656.25,94645.51,94656.25,180,78,0
2026.02.21 15:45:00,94658.81,94661.03,94636.99,94645.45,180,78,0
2026.02.21 15:42:00,94663.57,94671.37,94655.87,94658.75,180,78,0
2026.02.21 15:39:00,94652.77,94663.51,94652.77,94663.51,180,78,0
2026.02.21 15:36:00,94641.97,94652.71,94641.97,94652.71,180,78,0
2026.02.21 15:33:00,94631.17,94641.91,94631.17,94641.91,180,78,0
2026.02.21 15:30:00,94620.37,94631.11,94620.37,94631.11,180,78,0
2026.02.21 15:27:00,94633.50,94634.88,94611.01,94620.31,180,78,0
2026.02.21 15:24:00,94622.70,94633.44,94622.70,94633.44,180,78,0
2026.02.21 15:21:00,94611.90,94622.64,94611.90,94622.64,180,78,0
2026.02.21 15:18:00,94638.23,94642.13,94605.06,94611.84,180,78,0
2026.02.21 15:15:00,94627.43,94638.17,94627.43,94638.17,180,78,0
2026.02.21 15:12:00,94616.63,94627.37,94616.63,94627.37,180,78,0
2026.02.21 15:09:00,94605.83,94616.57,94605.83,94616.57,180,78,0
2026.02.21 15:06:00,94595.03,94605.77,94595.03,94605.77,180,78,0
2026.02.21 15:03:00,94584.23,94594.97,94584.23,94594.97,180,78,0
2026.02.21 15:00:00,94573.43,94584.17,94573.43,94584.17,180,78,0
2026.02.21 14:57:00,94562.63,94573.37,94562.63,94573.37,180,78,0
2026.02.21 14:54:00,94551.83,94562.57,94551.83,94562.57,180,78,0
2026.02.21 14:51:00,94541.03,94551.77,94541.03,94551.77,180,78,0
2026.02.21 14:48:00,94555.86,94563.00,94537.43,94540.97,180,78,0
2026.02.21 14:45:00,94545.06,94555.80,94545.06,94555.80,180,78,0
2026.02.21 14:42:00,94577.83,94579.09,94539.06,94545.00,180,78,0
2026.02.21 14:39:00,94567.03,94577.77,94567.03,94577.77,180,78,0
2026.02.21 14:36:00,94648.14,94652.46,94563.13,94566.97,180,78,0
2026.02.21 14:33:00,94637.34,94648.08,94637.34,94648.08,180,78,0
2026.02.21 14:30:00,94626.54,94637.28,94626.54,94637.28,180,78,0
2026.02.21 14:27:00,94615.74,94626.48,94615.74,94626.48,180,78,0
2026.02.21 14:24:00,94604.94,94615.68,94604.94,94615.68,180,78,0
2026.02.21 14:21:00,94594.14,94604.88,94594.14,94604.88,180,78,0
2026.02.21 14:18:00,94583.34,94594.08,94583.34,94594.08,180,78,0
2026.02.21 14:15:00,94627.72,94628.38,94573.44,94583.28,180,78,0
2026.02.21 14:12:00,94616.92,94627.66,94616.92,94627.66,180,78,0
2026.02.21 14:09:00,94606.12,94616.86,94606.12,94616.86,180,78,0
2026.02.21 14:06:00,94595.32,94606.06,94595.32,94606.06,180,78,0
2026.02.21 14:03:00,94584.52,94595.26,94584.52,94595.26,180,78,0
2026.02.21 14:00:00,94573.72,94584.46,94573.72,94584.46,180,78,0
2026.02.21 13:57:00,94581.14,94587.50,94569.34,94573.66,180,78,0
2026.02.21 13:54:00,94570.34,94581.08,94570.34,94581.08,180,78,0
2026.02.21 13:51:00,94574.29,94583.59,94568.90,94570.28,180,78,0
2026.02.21 13:48:00,94592.64,94602.18,94573.75,94574.23,180,78,0
2026.02.21 13:45:00,94581.84,94592.58,94581.84,94592.58,180,78,0
2026.02.21 13:42:00,94571.04,94581.78,94571.04,94581.78,180,78,0
2026.02.21 13:39:00,94560.24,94570.98,94560.24,94570.98,180,78,0
2026.02.21 13:36:00,94549.44,94560.18,94549.44,94560.18,180,78,0
2026.02.21 13:33:00,94563.86,94572.20,94547.04,94549.38,180,78,0
2026.02.21 13:30:00,94553.06,94563.80,94553.06,94563.80,180,78,0
2026.02.21 13:27:00,94542.26,94553.00,94542.26,94553.00,180,78,0
2026.02.21 13:24:00,94531.46,94542.20,94531.46,94542.20,180,78,0
2026.02.21 13:21:00,94520.66,94531.40,94520.66,94531.40,180,78,0
2026.02.21 13:18:00,94509.86,94520.60,94509.86,94520.60,180,78,0
2026.02.21 13:15:00,94499.06,94509.80,94499.06,94509.80,180,78,0
2026.02.21 13:12:00,94501.46,94502.24,94489.10,94499.00,180,78,0
2026.02.21 13:09:00,94490.66,94501.40,94490.66,94501.40,180,78,0
2026.02.21 13:06:00,94537.38,94543.32,94490.36,94490.60,180,78,0
2026.02.21 13:03:00,94526.58,94537.32,94526.58,94537.32,180,78,0
2026.02.21 13:00:00,94515.78,94526.52,94515.78,94526.52,180,78,0
2026.02.21 12:57:00,94527.98,94532.18,94509.24,94515.72,180,78,0
2026.02.21 12:54:00,94517.18,94527.92,94517.18,94527.92,180,78,0
2026.02.21 12:51:00,94506.38,94517.12,94506.38,94517.12,180,78,0
2026.02.21 12:48:00,94495.58,94506.32,94495.58,94506.32,180,78,0
2026.02.21 12:45:00,94484.78,94495.52,94484.78,94495.52,180,78,0
2026.02.21 12:42:00,94473.98,94484.72,94473.98,94484.72,180,78,0
2026.02.21 12:39:00,94463.18,94473.92,94463.18,94473.92,180,78,0
2026.02.21 12:36:00,94452.38,94463.12,94452.38,94463.12,180,78,0
2026.02.21 12:33:00,94457.61,94458.45,94442.48,94452.32,180,78,0
2026.02.21 12:30:00,94476.73,94483.33,94453.47,94457.55,180,78,0
2026.02.21 12:27:00,94490.37,94490.97,94466.59,94476.67,180,78,0
2026.02.21 12:24:00,94479.57,94490.31,94479.57,94490.31,180,78,0
2026.02.21 12:21:00,94518.22,94527.88,94479.15,94479.51,180,78,0
2026.02.21 12:18:00,94507.42,94518.16,94507.42,94518.16,180,78,0
2026.02.21 12:15:00,94535.49,94538.85,94500.04,94507.36,180,78,0
2026.02.21 12:12:00,94524.69,94535.43,94524.69,94535.43,180,78,0
2026.02.21 12:09:00,94513.89,94524.63,94513.89,94524.63,180,78,0
2026.02.21 12:06:00,94521.96,94529.58,94510.77,94513.83,180,78,0
2026.02.21 12:03:00,94511.16,94521.90,94511.16,94521.90,180,78,0
2026.02.21 12:00:00,94528.43,94531.01,94503.00,94511.10,180,78,0
2026.02.21 11:57:00,94517.63,94528.37,94517.63,94528.37,180,78,0
2026.02.21 11:54:00,94526.84,94536.44,94516.49,94517.57,180,78,0
2026.02.21 11:51:00,94516.04,94526.78,94516.04,94526.78,180,78,0
2026.02.21 11:48:00,94505.24,94515.98,94505.24,94515.98,180,78,0
2026.02.21 11:45:00,94494.44,94505.18,94494.44,94505.18,180,78,0
2026.02.21 11:42:00,94539.63,94542.33,94488.74,94494.38,180,78,0
2026.02.21 11:39:00,94528.83,94539.57,94528.83,94539.57,180,78,0
2026.02.21 11:36:00,94518.03,94528.77,94518.03,94528.77,180,78,0
2026.02.21 11:33:00,94507.23,94517.97,94507.23,94517.97,180,78,0
2026.02.21 11:30:00,94496.43,94507.17,94496.43,94507.17,180,78,0
2026.02.21 11:27:00,94506.35,94508.69,94488.03,94496.37,180,78,0
2026.02.21 11:24:00,94515.74,94519.10,94498.97,94506.29,180,78,0
2026.02.21 11:21:00,94528.20,94528.80,94505.60,94515.68,180,78,0
2026.02.21 11:18:00,94517.40,94528.14,94517.40,94528.14,180,78,0
2026.02.21 11:15:00,94506.60,94517.34,94506.60,94517.34,180,78,0
2026.02.21 11:12:00,94495.80,94506.54,94495.80,94506.54,180,78,0
2026.02.21 11:09:00,94485.00,94495.74,94485.00,94495.74,180,78,0
2026.02.21 11:06:00,94474.20,94484.94,94474.20,94484.94,180,78,0
2026.02.21 11:03:00,94478.57,94480.31,94465.20,94474.14,180,78,0
2026.02.21 11:00:00,94467.77,94478.51,94467.77,94478.51,180,78,0
2026.02.21 10:57:00,94476.10,94484.44,94465.37,94467.71,180,78,0
2026.02.21 10:54:00,94465.30,94476.04,94465.30,94476.04,180,78,0
2026.02.21 10:51:00,94472.59,94473.19,94455.16,94465.24,180,78,0
2026.02.21 10:48:00,94461.79,94472.53,94461.79,94472.53,180,78,0
2026.02.21 10:45:00,94475.08,94476.76,94452.73,94461.73,180,78,0
2026.02.21 10:42:00,94464.28,94475.02,94464.28,94475.02,180,78,0
2026.02.21 10:39:00,94453.48,94464.22,94453.48,94464.22,180,78,0
2026.02.21 10:36:00,94458.70,94467.34,94451.38,94453.42,180,78,0
2026.02.21 10:33:00,94462.96,94472.38,94457.38,94458.64,180,78,0
2026.02.21 10:30:00,94452.16,94462.90,94452.16,94462.90,180,78,0
2026.02.21 10:27:00,94441.36,94452.10,94441.36,94452.10,180,78,0
2026.02.21 10:24:00,94476.44,94485.26,94440.34,94441.30,181,78,0
2026.02.21 10:21:00,94465.64,94476.38,94465.64,94476.38,180,78,0
2026.02.21 10:18:00,94454.84,94465.58,94454.84,94465.58,180,78,0
2026.02.21 10:15:00,94478.55,94485.81,94451.36,94454.78,180,78,0
2026.02.21 10:12:00,94467.75,94478.49,94467.75,94478.49,180,78,0
2026.02.21 10:09:00,94496.96,94503.14,94463.19,94467.69,180,78,0
2026.02.21 10:06:00,94513.43,94519.37,94492.16,94496.90,180,78,0
2026.02.21 10:03:00,94502.63,94513.37,94502.63,94513.37,180,78,0
2026.02.21 10:00:00,94519.81,94529.11,94501.19,94502.57,180,78,0
2026.02.21 09:57:00,94527.49,94532.23,94513.81,94519.75,180,78,0
2026.02.21 09:54:00,94516.69,94527.43,94516.69,94527.43,180,78,0
2026.02.21 09:51:00,94505.89,94516.63,94505.89,94516.63,180,78,0
2026.02.21 09:48:00,94495.09,94505.83,94495.09,94505.83,180,78,0
2026.02.21 09:45:00,94498.49,94502.33,94488.19,94495.03,180,78,0
2026.02.21 09:42:00,94487.69,94498.43,94487.69,94498.43,180,78,0
2026.02.21 09:39:00,94476.89,94487.63,94476.89,94487.63,180,78,0
2026.02.21 09:36:00,94466.09,94476.83,94466.09,94476.83,180,78,0
2026.02.21 09:33:00,94487.18,94494.38,94462.55,94466.03,180,78,0
2026.02.21 09:30:00,94476.38,94487.12,94476.38,94487.12,180,78,0
2026.02.21 09:27:00,94465.58,94476.32,94465.58,94476.32,180,78,0
2026.02.21 09:24:00,94454.78,94465.52,94454.78,94465.52,180,78,0
2026.02.21 09:21:00,94443.98,94454.72,94443.98,94454.72,180,78,0
2026.02.21 09:18:00,94433.18,94443.92,94433.18,94443.92,180,78,0
2026.02.21 09:15:00,94422.38,94433.12,94422.38,94433.12,180,78,0
2026.02.21 09:12:00,94411.58,94422.32,94411.58,94422.32,180,78,0
2026.02.21 09:09:00,94400.78,94411.52,94400.78,94411.52,180,78,0
2026.02.21 09:06:00,94389.98,94400.72,94389.98,94400.72,180,78,0
2026.02.21 09:03:00,94399.78,94406.44,94385.90,94389.92,180,78,0
2026.02.21 09:00:00,94388.98,94399.72,94388.98,94399.72,180,78,0
2026.02.21 08:57:00,94378.18,94388.92,94378.18,94388.92,180,78,0
2026.02.21 08:54:00,94367.38,94378.12,94367.38,94378.12,180,78,0
2026.02.21 08:51:00,94356.58,94367.32,94356.58,94367.32,180,78,0
2026.02.21 08:48:00,94358.90,94360.88,94347.82,94356.52,180,78,0
2026.02.21 08:45:00,94348.10,94358.84,94348.10,94358.84,180,78,0
2026.02.21 08:42:00,94337.30,94348.04,94337.30,94348.04,180,78,0
2026.02.21 08:39:00,94326.50,94337.24,94326.50,94337.24,180,78,0
2026.02.21 08:36:00,94315.70,94326.44,94315.70,94326.44,180,78,0
2026.02.21 08:33:00,94304.90,94315.64,94304.90,94315.64,180,78,0
2026.02.21 08:30:00,94294.10,94304.84,94294.10,94304.84,180,78,0
2026.02.21 08:27:00,94304.30,94313.54,94292.60,94294.04,180,78,0
2026.02.21 08:24:00,94293.50,94304.24,94293.50,94304.24,180,78,0
2026.02.21 08:21:00,94333.07,94334.09,94292.06,94293.44,180,78,0
2026.02.21 08:18:00,94366.70,94367.84,94324.01,94333.01,180,78,0
2026.02.21 08:15:00,94372.52,94380.20,94363.64,94366.64,180,78,0
2026.02.21 08:12:00,94361.72,94372.46,94361.72,94372.46,180,78,0
2026.02.21 08:09:00,94350.92,94361.66,94350.92,94361.66,180,78,0
2026.02.21 08:06:00,94340.12,94350.86,94340.12,94350.86,180,78,0
2026.02.21 08:03:00,94353.57,94356.75,94332.56,94340.06,180,78,0
2026.02.21 08:00:00,94380.01,94384.03,94346.85,94353.51,180,78,0
2026.02.21 07:57:00,94383.92,94393.58,94378.93,94379.95,180,78,0
2026.02.21 07:54:00,94373.12,94383.86,94373.12,94383.86,180,78,0
2026.02.21 07:51:00,94375.71,94382.31,94368.98,94373.06,180,78,0
2026.02.21 07:48:00,94364.91,94375.65,94364.91,94375.65,180,78,0
2026.02.21 07:45:00,94354.11,94364.85,94354.11,94364.85,180,78,0
2026.02.21 07:42:00,94343.31,94354.05,94343.31,94354.05,180,78,0
2026.02.21 07:39:00,94357.93,94365.85,94340.49,94343.25,180,78,0
2026.02.21 07:36:00,94378.27,94381.81,94350.73,94357.87,180,78,0
2026.02.21 07:33:00,94461.18,94463.88,94374.73,94378.21,180,78,0
2026.02.21 07:30:00,94467.02,94471.16,94454.58,94461.12,180,78,0
2026.02.21 07:27:00,94456.22,94466.96,94456.22,94466.96,180,78,0
2026.02.21 07:24:00,94445.42,94456.16,94445.42,94456.16,180,78,0
2026.02.21 07:21:00,94472.70,94478.52,94440.50,94445.36,180,78,0
2026.02.21 07:18:00,94487.63,94494.59,94468.92,94472.64,180,78,0
2026.02.21 07:15:00,94499.34,94506.72,94484.27,94487.57,180,78,0
2026.02.21 07:12:00,94488.54,94499.28,94488.54,94499.28,180,78,0
2026.02.21 07:09:00,94491.69,94492.29,94478.40,94488.48,180,78,0
2026.02.21 07:06:00,94498.69,94506.31,94488.57,94491.63,180,78,0
2026.02.21 07:03:00,94514.09,94524.41,94498.27,94498.63,180,78,0
2026.02.21 07:00:00,94503.29,94514.03,94503.29,94514.03,180,78,0
2026.02.21 06:57:00,94492.49,94503.23,94492.49,94503.23,180,78,0
2026.02.21 06:54:00,94481.69,94492.43,94481.69,94492.43,180,78,0
2026.02.21 06:51:00,94547.99,94549.61,94475.15,94481.63,180,78,0
2026.02.21 06:48:00,94566.90,94570.32,94540.67,94547.93,180,78,0
2026.02.21 06:45:00,94556.10,94566.84,94556.10,94566.84,180,78,0
2026.02.21 06:42:00,94545.30,94556.04,94545.30,94556.04,180,78,0
2026.02.21 06:39:00,94534.50,94545.24,94534.50,94545.24,180,78,0
2026.02.21 06:36:00,94560.39,94561.83,94530.48,94534.44,180,78,0
2026.02.21 06:33:00,94579.70,94584.20,94554.15,94560.33,180,78,0
2026.02.21 06:30:00,94568.90,94579.64,94568.90,94579.64,180,78,0
2026.02.21 06:27:00,94587.78,94594.92,94565.30,94568.84,180,78,0
2026.02.21 06:24:00,94576.98,94587.72,94576.98,94587.72,180,78,0
2026.02.21 06:21:00,94600.93,94601.17,94566.48,94576.92,180,78,0
2026.02.21 06:18:00,94590.13,94600.87,94590.13,94600.87,180,78,0
2026.02.21 06:15:00,94579.33,94590.07,94579.33,94590.07,180,78,0
2026.02.21 06:12:00,94568.53,94579.27,94568.53,94579.27,180,78,0
2026.02.21 06:09:00,94572.99,94580.01,94564.81,94568.47,180,78,0
2026.02.21 06:06:00,94562.19,94572.93,94562.19,94572.93,180,78,0
2026.02.21 06:03:00,94551.39,94562.13,94551.39,94562.13,180,78,0
2026.02.21 06:00:00,94540.59,94551.33,94540.59,94551.33,180,78,0
2026.02.21 05:57:00,94554.74,94562.96,94538.07,94540.53,180,78,0
2026.02.21 05:54:00,94543.94,94554.68,94543.94,94554.68,180,78,0
2026.02.21 05:51:00,94533.14,94543.88,94533.14,94543.88,180,78,0
2026.02.21 05:48:00,94588.50,94595.04,94529.48,94533.08,180,78,0
2026.02.21 05:45:00,94577.70,94588.44,94577.70,94588.44,180,78,0
2026.02.21 05:42:00,94566.90,94577.64,94566.90,94577.64,180,78,0
2026.02.21 05:39:00,94556.10,94566.84,94556.10,94566.84,180,78,0
2026.02.21 05:36:00,94545.30,94556.04,94545.30,94556.04,180,78,0
2026.02.21 05:33:00,94547.90,94553.36,94540.02,94545.24,180,78,0
2026.02.21 05:30:00,94550.85,94554.45,94540.76,94547.84,180,78,0
2026.02.21 05:27:00,94560.24,94568.70,94548.57,94550.79,180,78,0
2026.02.21 05:24:00,94549.44,94560.18,94549.44,94560.18,180,78,0
2026.02.21 05:21:00,94591.11,94600.11,94547.70,94549.38,180,78,0
2026.02.21 05:18:00,94594.91,94605.35,94590.81,94591.05,180,78,0
2026.02.21 05:15:00,94621.13,94626.77,94589.81,94594.85,180,78,0
2026.02.21 05:12:00,94645.16,94655.24,94620.47,94621.07,180,78,0
2026.02.21 05:09:00,94634.36,94645.10,94634.36,94645.10,180,78,0
2026.02.21 05:06:00,94623.56,94634.30,94623.56,94634.30,180,78,0
2026.02.21 05:03:00,94612.76,94623.50,94612.76,94623.50,180,78,0
2026.02.21 05:00:00,94601.96,94612.70,94601.96,94612.70,180,78,0
2026.02.21 04:57:00,94617.27,94623.75,94597.70,94601.90,180,78,0
2026.02.21 04:54:00,94606.47,94617.21,94606.47,94617.21,180,78,0
2026.02.21 04:51:00,94612.08,94612.50,94596.15,94606.41,180,78,0
2026.02.21 04:48:00,94601.28,94612.02,94601.28,94612.02,180,78,0
2026.02.21 04:45:00,94616.04,94617.30,94591.80,94601.22,180,78,0
2026.02.21 04:42:00,94605.24,94615.98,94605.24,94615.98,180,78,0
2026.02.21 04:39:00,94594.44,94605.18,94594.44,94605.18,180,78,0
2026.02.21 04:36:00,94583.64,94594.38,94583.64,94594.38,180,78,0
2026.02.21 04:33:00,94585.46,94587.50,94574.94,94583.58,180,78,0
2026.02.21 04:30:00,94574.66,94585.40,94574.66,94585.40,180,78,0
2026.02.21 04:27:00,94597.32,94598.88,94565.48,94574.60,180,78,0
2026.02.21 04:24:00,94619.22,94624.02,94591.38,94597.26,180,78,0
2026.02.21 04:21:00,94639.49,94646.93,94615.92,94619.16,180,78,0
2026.02.21 04:18:00,94643.05,94647.97,94633.67,94639.43,180,78,0
2026.02.21 04:15:00,94632.25,94642.99,94632.25,94642.99,180,78,0
2026.02.21 04:12:00,94621.45,94632.19,94621.45,94632.19,180,78,0
2026.02.21 04:09:00,94653.28,94658.86,94616.29,94621.39,180,78,0
2026.02.21 04:06:00,94642.48,94653.22,94642.48,94653.22,180,78,0
2026.02.21 04:03:00,94631.68,94642.42,94631.68,94642.42,180,78,0
2026.02.21 04:00:00,94642.93,94650.91,94628.92,94631.62,180,78,0
2026.02.21 03:57:00,94651.08,94651.08,94632.19,94642.87,180,78,0
2026.02.21 03:54:00,94640.28,94651.02,94640.28,94651.02,180,78,0
2026.02.21 03:51:00,94657.41,94662.33,94638.48,94640.22,180,78,0
2026.02.21 03:48:00,94646.61,94657.35,94646.61,94657.35,180,78,0
2026.02.21 03:45:00,94635.81,94646.55,94635.81,94646.55,180,78,0
2026.02.21 03:42:00,94648.60,94652.02,94628.49,94635.75,180,78,0
2026.02.21 03:39:00,94668.54,94670.22,94639.54,94648.54,180,78,0
2026.02.21 03:36:00,94657.74,94668.48,94657.74,94668.48,180,78,0
2026.02.21 03:33:00,94646.94,94657.68,94646.94,94657.68,180,78,0
2026.02.21 03:30:00,94636.14,94646.88,94636.14,94646.88,180,78,0
2026.02.21 03:27:00,94625.34,94636.08,94625.34,94636.08,180,78,0
2026.02.21 03:24:00,94614.54,94625.28,94614.54,94625.28,180,78,0
2026.02.21 03:21:00,94647.91,94649.95,94607.28,94614.48,180,78,0
2026.02.21 03:18:00,94659.31,94664.23,94642.09,94647.85,180,78,0
2026.02.21 03:15:00,94648.51,94659.25,94648.51,94659.25,180,78,0
2026.02.21 03:12:00,94660.95,94665.99,94642.81,94648.45,180,78,0
2026.02.21 03:09:00,94673.81,94677.11,94653.51,94660.89,180,78,0
2026.02.21 03:06:00,94663.01,94673.75,94663.01,94673.75,180,78,0
2026.02.21 03:03:00,94652.21,94662.95,94652.21,94662.95,180,78,0
2026.02.21 03:00:00,94641.41,94652.15,94641.41,94652.15,180,78,0
2026.02.21 02:57:00,94630.61,94641.35,94630.61,94641.35,180,78,0
2026.02.21 02:54:00,94619.81,94630.55,94619.81,94630.55,180,78,0
2026.02.21 02:51:00,94609.01,94619.75,94609.01,94619.75,180,78,0
2026.02.21 02:48:00,94613.56,94618.66,94603.37,94608.95,180,78,0
2026.02.21 02:45:00,94602.76,94613.50,94602.76,94613.50,180,78,0
2026.02.21 02:42:00,94591.96,94602.70,94591.96,94602.70,180,78,0
2026.02.21 02:39:00,94581.16,94591.90,94581.16,94591.90,180,78,0
2026.02.21 02:36:00,94570.36,94581.10,94570.36,94581.10,180,78,0
2026.02.21 02:33:00,94581.76,94592.50,94581.76,94592.50,180,78,0
2026.02.21 02:30:00,94570.96,94581.70,94570.96,94581.70,180,78,0
2026.02.21 02:27:00,94560.16,94570.90,94560.16,94570.90,180,78,0
2026.02.21 02:24:00,94549.36,94560.10,94549.36,94560.10,180,78,0
2026.02.21 02:21:00,94538.56,94549.30,94538.56,94549.30,180,78,0
2026.02.21 02:18:00,94559.41,94561.93,94530.34,94538.50,180,78,0
2026.02.21 02:15:00,94548.61,94559.35,94548.61,94559.35,180,78,0
2026.02.21 02:12:00,94571.42,94577.06,94543.51,94548.55,180,78,0
2026.02.21 02:09:00,94560.62,94571.36,94560.62,94571.36,180,78,0
2026.02.21 02:06:00,94575.86,94583.54,94557.56,94560.56,180,78,0
2026.02.21 02:03:00,94565.06,94575.80,94565.06,94575.80,180,78,0
2026.02.21 02:00:00,94554.26,94565.00,94554.26,94565.00,180,78,0
2026.02.21 01:57:00,94543.46,94554.20,94543.46,94554.20,180,78,0
2026.02.21 01:54:00,94564.43,94570.73,94539.02,94543.40,180,78,0
2026.02.21 01:51:00,94578.47,94581.59,94556.81,94564.37,180,78,0
2026.02.21 01:48:00,94567.67,94578.41,94567.67,94578.41,180,78,0
2026.02.21 01:45:00,94556.87,94567.61,94556.87,94567.61,180,78,0
2026.02.21 01:42:00,94546.07,94556.81,94546.07,94556.81,180,78,0
2026.02.21 01:39:00,94535.27,94546.01,94535.27,94546.01,180,78,0
2026.02.21 01:36:00,94539.83,94547.27,94531.97,94535.21,180,78,0
2026.02.21 01:33:00,94529.03,94539.77,94529.03,94539.77,180,78,0
2026.02.21 01:30:00,94518.23,94528.97,94518.23,94528.97,180,78,0
2026.02.21 01:27:00,94507.43,94518.17,94507.43,94518.17,180,78,0
2026.02.21 01:24:00,94496.57,94507.37,94496.57,94507.37,181,78,0
2026.02.21 01:21:00,94485.77,94496.51,94485.77,94496.51,180,78,0
2026.02.21 01:18:00,94474.97,94485.71,94474.97,94485.71,180,78,0
2026.02.21 01:15:00,94464.17,94474.91,94464.17,94474.91,180,78,0
2026.02.21 01:12:00,94453.37,94464.11,94453.37,94464.11,180,78,0
2026.02.21 01:09:00,94477.52,94488.08,94453.19,94453.31,180,78,0
2026.02.21 01:06:00,94466.72,94477.46,94466.72,94477.46,180,78,0
2026.02.21 01:03:00,94455.92,94466.66,94455.92,94466.66,180,78,0
2026.02.21 01:00:00,94445.12,94455.86,94445.12,94455.86,180,78,0
2026.02.21 00:57:00,94434.32,94445.06,94434.32,94445.06,180,78,0
2026.02.21 00:54:00,94423.52,94434.26,94423.52,94434.26,180,78,0
2026.02.21 00:51:00,94436.96,94438.46,94414.28,94423.46,180,78,0
2026.02.21 00:48:00,94426.16,94436.90,94426.16,94436.90,180,78,0
2026.02.21 00:45:00,94415.36,94426.10,94415.36,94426.10,180,78,0
2026.02.21 00:42:00,94425.85,94436.05,94414.82,94415.30,180,78,0
2026.02.21 00:39:00,94415.05,94425.79,94415.05,94425.79,180,78,0
2026.02.21 00:36:00,94404.25,94414.99,94404.25,94414.99,180,78,0
2026.02.21 00:33:00,94393.45,94404.19,94393.45,94404.19,180,78,0
2026.02.21 00:30:00,94382.65,94393.39,94382.65,94393.39,180,78,0
2026.02.21 00:27:00,94371.85,94382.59,94371.85,94382.59,180,78,0
2026.02.21 00:24:00,94382.33,94382.45,94361.23,94371.79,180,78,0
2026.02.21 00:21:00,94371.53,94382.27,94371.53,94382.27,180,78,0
2026.02.21 00:18:00,94360.73,94371.47,94360.73,94371.47,180,78,0
2026.02.21 00:15:00,94391.90,94401.74,94359.83,94360.67,180,78,0
2026.02.21 00:12:00,94381.10,94391.84,94381.10,94391.84,180,78,0
2026.02.21 00:09:00,94391.65,94396.81,94375.52,94381.04,180,78,0
2026.02.21 00:06:00,94399.27,94406.29,94387.93,94391.59,180,78,0
2026.02.21 00:03:00,94388.47,94399.21,94388.47,94399.21,180,78,0
2026.02.21 00:00:00,94377.67,94388.41,94377.67,94388.41,180,78,0
2026.02.20 23:57:00,94391.47,94399.57,94375.03,94377.61,180,78,0
2026.02.20 23:54:00,94425.84,94427.40,94384.51,94391.41,180,78,0
2026.02.20 23:51:00,94415.04,94425.78,94415.04,94425.78,180,78,0
2026.02.20 23:48:00,94404.24,94414.98,94404.24,94414.98,180,78,0
2026.02.20 23:45:00,94393.44,94404.18,94393.44,94404.18,180,78,0
2026.02.20 23:42:00,94382.64,94393.38,94382.64,94393.38,180,78,0
2026.02.20 23:39:00,94371.84,94382.58,94371.84,94382.58,180,78,0
2026.02.20 23:36:00,94361.04,94371.78,94361.04,94371.78,180,78,0
2026.02.20 23:33:00,94350.24,94360.98,94350.24,94360.98,180,78,0
2026.02.20 23:30:00,94339.44,94350.18,94339.44,94350.18,180,78,0
2026.02.20 23:27:00,94328.64,94339.38,94328.64,94339.38,180,78,0
2026.02.20 23:24:00,94317.84,94328.58,94317.84,94328.58,180,78,0
2026.02.20 23:21:00,94307.04,94317.78,94307.04,94317.78,180,78,0
2026.02.20 23:18:00,94296.24,94306.98,94296.24,94306.98,180,78,0
2026.02.20 23:15:00,94309.58,94315.76,94291.68,94296.18,180,78,0
2026.02.20 23:12:00,94298.78,94309.52,94298.78,94309.52,180,78,0
2026.02.20 23:09:00,94306.05,94314.39,94296.38,94298.72,180,78,0
2026.02.20 23:06:00,94295.25,94305.99,94295.25,94305.99,180,78,0
2026.02.20 23:03:00,94284.45,94295.19,94284.45,94295.19,180,78,0
2026.02.20 23:00:00,94273.65,94284.39,94273.65,94284.39,180,78,0
2026.02.20 22:57:00,94262.85,94273.59,94262.85,94273.59,180,78,0
2026.02.20 22:54:00,94252.05,94262.79,94252.05,94262.79,180,78,0
2026.02.20 22:51:00,94241.25,94251.99,94241.25,94251.99,180,78,0
2026.02.20 22:48:00,94243.16,94248.50,94235.85,94241.19,180,78,0
2026.02.20 22:45:00,94232.36,94243.10,94232.36,94243.10,180,78,0
2026.02.20 22:42:00,94221.56,94232.30,94221.56,94232.30,180,78,0
2026.02.20 22:39:00,94210.76,94221.50,94210.76,94221.50,180,78,0
2026.02.20 22:36:00,94199.96,94210.70,94199.96,94210.70,180,78,0
2026.02.20 22:33:00,94189.16,94199.90,94189.16,94199.90,180,78,0
2026.02.20 22:30:00,94260.31,94263.01,94186.40,94189.10,180,78,0
2026.02.20 22:27:00,94271.34,94278.72,94256.95,94260.25,180,78,0
2026.02.20 22:24:00,94260.54,94271.28,94260.54,94271.28,180,78,0
2026.02.20 22:21:00,94249.74,94260.48,94249.74,94260.48,180,78,0
2026.02.20 22:18:00,94294.96,94301.98,94247.64,94249.68,180,78,0
2026.02.20 22:15:00,94284.16,94294.90,94284.16,94294.90,180,78,0
2026.02.20 22:12:00,94273.36,94284.10,94273.36,94284.10,180,78,0
2026.02.20 22:09:00,94281.14,94283.72,94265.20,94273.30,180,78,0
2026.02.20 22:06:00,94270.34,94281.08,94270.34,94281.08,180,78,0
2026.02.20 22:03:00,94316.42,94321.76,94265.66,94270.28,180,78,0
2026.02.20 22:00:00,94305.62,94316.36,94305.62,94316.36,180,78,0
2026.02.20 21:57:00,94294.82,94305.56,94294.82,94305.56,180,78,0
2026.02.20 21:54:00,94284.02,94294.76,94284.02,94294.76,180,78,0
2026.02.20 21:51:00,94273.22,94283.96,94273.22,94283.96,180,78,0
2026.02.20 21:48:00,94262.42,94273.16,94262.42,94273.16,180,78,0
2026.02.20 21:45:00,94251.62,94262.36,94251.62,94262.36,180,78,0
2026.02.20 21:42:00,94240.82,94251.56,94240.82,94251.56,180,78,0
2026.02.20 21:39:00,94244.68,94249.24,94234.64,94240.76,180,78,0
2026.02.20 21:36:00,94268.49,94270.23,94235.68,94244.62,180,78,0
2026.02.20 21:33:00,94281.03,94287.51,94264.23,94268.43,180,78,0
2026.02.20 21:30:00,94282.43,94290.89,94278.75,94280.97,180,78,0
2026.02.20 21:27:00,94297.51,94301.59,94275.77,94282.37,180,78,0
2026.02.20 21:24:00,94303.16,94306.28,94289.89,94297.45,180,78,0
2026.02.20 21:21:00,94324.44,94332.78,94300.76,94303.10,180,78,0
2026.02.20 21:18:00,94313.64,94324.38,94313.64,94324.38,180,78,0
2026.02.20 21:15:00,94302.84,94313.58,94302.84,94313.58,180,78,0
2026.02.20 21:12:00,94292.04,94302.78,94292.04,94302.78,180,78,0
2026.02.20 21:09:00,94312.52,94313.06,94281.84,94291.98,180,78,0
2026.02.20 21:06:00,94330.75,94341.31,94312.34,94312.46,180,78,0
2026.02.20 21:03:00,94350.39,94350.57,94327.09,94330.69,180,78,0
2026.02.20 21:00:00,94339.59,94350.33,94339.59,94350.33,180,78,0
2026.02.20 20:57:00,94328.79,94339.53,94328.79,94339.53,180,78,0
2026.02.20 20:54:00,94340.22,94341.42,94319.25,94328.73,180,78,0
2026.02.20 20:51:00,94329.42,94340.16,94329.42,94340.16,180,78,0
2026.02.20 20:48:00,94318.62,94329.36,94318.62,94329.36,180,78,0
2026.02.20 20:45:00,94331.41,94332.07,94308.54,94318.56,180,78,0
2026.02.20 20:42:00,94320.61,94331.35,94320.61,94331.35,180,78,0
2026.02.20 20:39:00,94309.81,94320.55,94309.81,94320.55,180,78,0
2026.02.20 20:36:00,94333.38,94339.98,94305.67,94309.75,180,78,0
2026.02.20 20:33:00,94334.88,94344.54,94332.30,94333.32,180,78,0
2026.02.20 20:30:00,94324.08,94334.82,94324.08,94334.82,180,78,0
2026.02.20 20:27:00,94313.28,94324.02,94313.28,94324.02,180,78,0
2026.02.20 20:24:00,94324.06,94332.82,94311.30,94313.22,180,78,0
2026.02.20 20:21:00,94337.11,94337.23,94313.44,94324.00,180,78,0
2026.02.20 20:18:00,94326.31,94337.05,94326.31,94337.05,180,78,0
2026.02.20 20:15:00,94315.51,94326.25,94315.51,94326.25,180,78,0
2026.02.20 20:12:00,94304.71,94315.45,94304.71,94315.45,180,78,0
2026.02.20 20:09:00,94293.91,94304.65,94293.91,94304.65,180,78,0
2026.02.20 20:06:00,94338.55,94344.61,94292.35,94293.85,180,78,0
2026.02.20 20:03:00,94327.75,94338.49,94327.75,94338.49,180,78,0
2026.02.20 20:00:00,94316.95,94327.69,94316.95,94327.69,180,78,0
2026.02.20 19:57:00,94306.15,94316.89,94306.15,94316.89,180,78,0
2026.02.20 19:54:00,94295.35,94306.09,94295.35,94306.09,180,78,0
2026.02.20 19:51:00,94284.55,94295.29,94284.55,94295.29,180,78,0
2026.02.20 19:48:00,94300.08,94310.46,94284.19,94284.49,180,78,0
2026.02.20 19:45:00,94289.28,94300.02,94289.28,94300.02,180,78,0
2026.02.20 19:42:00,94278.48,94289.22,94278.48,94289.22,180,78,0
2026.02.20 19:39:00,94267.68,94278.42,94267.68,94278.42,180,78,0
2026.02.20 19:36:00,94256.88,94267.62,94256.88,94267.62,180,78,0
2026.02.20 19:33:00,94260.12,94264.02,94250.04,94256.82,180,78,0
2026.02.20 19:30:00,94287.38,94287.44,94250.82,94260.06,180,78,0
2026.02.20 19:27:00,94312.64,94319.24,94283.24,94287.32,180,78,0
2026.02.20 19:24:00,94301.84,94312.58,94301.84,94312.58,180,78,0
2026.02.20 19:21:00,94329.80,94331.84,94297.58,94301.78,180,78,0
2026.02.20 19:18:00,94319.00,94329.74,94319.00,94329.74,180,78,0
2026.02.20 19:15:00,94308.20,94318.94,94308.20,94318.94,180,78,0
2026.02.20 19:12:00,94363.72,94370.44,94305.08,94308.14,180,78,0
2026.02.20 19:09:00,94352.92,94363.66,94352.92,94363.66,180,78,0
2026.02.20 19:06:00,94342.12,94352.86,94342.12,94352.86,180,78,0
2026.02.20 19:03:00,94331.32,94342.06,94331.32,94342.06,180,78,0
2026.02.20 19:00:00,94320.52,94331.26,94320.52,94331.26,180,78,0
2026.02.20 18:57:00,94309.72,94320.46,94309.72,94320.46,180,78,0
2026.02.20 18:54:00,94338.00,94345.92,94306.90,94309.66,180,78,0
2026.02.20 18:51:00,94355.42,94356.68,94328.52,94337.94,180,78,0
2026.02.20 18:48:00,94344.62,94355.36,94344.62,94355.36,180,78,0
2026.02.20 18:45:00,94333.82,94344.56,94333.82,94344.56,180,78,0
2026.02.20 18:42:00,94323.02,94333.76,94323.02,94333.76,180,78,0
2026.02.20 18:39:00,94329.91,94333.51,94315.88,94322.96,180,78,0
2026.02.20 18:36:00,94319.11,94329.85,94319.11,94329.85,180,78,0
2026.02.20 18:33:00,94308.31,94319.05,94308.31,94319.05,180,78,0
2026.02.20 18:30:00,94297.51,94308.25,94297.51,94308.25,180,78,0
2026.02.20 18:27:00,94308.16,94311.82,94290.43,94297.45,180,78,0
2026.02.20 18:24:00,94297.36,94308.10,94297.36,94308.10,180,78,0
2026.02.20 18:21:00,94300.21,94305.07,94291.48,94297.30,180,78,0
2026.02.20 18:18:00,94325.60,94331.60,94295.47,94300.15,180,78,0
2026.02.20 18:15:00,94314.80,94325.54,94314.80,94325.54,180,78,0
2026.02.20 18:12:00,94317.01,94317.79,94304.84,94314.74,180,78,0
2026.02.20 18:09:00,94306.21,94316.95,94306.21,94316.95,180,78,0
2026.02.20 18:06:00,94295.41,94306.15,94295.41,94306.15,180,78,0
2026.02.20 18:03:00,94284.61,94295.35,94284.61,94295.35,180,78,0
2026.02.20 18:00:00,94273.81,94284.55,94273.81,94284.55,180,78,0
2026.02.20 17:57:00,94263.01,94273.75,94263.01,94273.75,180,78,0
2026.02.20 17:54:00,94252.21,94262.95,94252.21,94262.95,180,78,0
2026.02.20 17:51:00,94259.47,94269.61,94251.61,94252.15,180,78,0
2026.02.20 17:48:00,94248.67,94259.41,94248.67,94259.41,180,78,0
2026.02.20 17:45:00,94255.50,94264.44,94246.87,94248.61,180,78,0
2026.02.20 17:42:00,94244.70,94255.44,94244.70,94255.44,180,78,0
2026.02.20 17:39:00,94233.90,94244.64,94233.90,94244.64,180,78,0
2026.02.20 17:36:00,94223.10,94233.84,94223.10,94233.84,180,78,0
2026.02.20 17:33:00,94212.30,94223.04,94212.30,94223.04,180,78,0
2026.02.20 17:30:00,94201.50,94212.24,94201.50,94212.24,180,78,0
2026.02.20 17:27:00,94190.70,94201.44,94190.70,94201.44,180,78,0
2026.02.20 17:24:00,94179.90,94190.64,94179.90,94190.64,180,78,0
2026.02.20 17:21:00,94169.10,94179.84,94169.10,94179.84,180,78,0
2026.02.20 17:18:00,94184.25,94189.65,94163.76,94169.04,180,78,0
2026.02.20 17:15:00,94187.90,94189.22,94174.83,94184.19,180,78,0
2026.02.20 17:12:00,94177.10,94187.84,94177.10,94187.84,180,78,0
2026.02.20 17:09:00,94197.31,94201.69,94176.44,94177.04,180,78,0
2026.02.20 17:06:00,94186.51,94197.25,94186.51,94197.25,180,78,0
2026.02.20 17:03:00,94197.40,94207.90,94186.27,94186.45,180,78,0
2026.02.20 17:00:00,94186.60,94197.34,94186.60,94197.34,180,78,0
2026.02.20 16:57:00,94196.69,94201.31,94180.48,94186.54,180,78,0
2026.02.20 16:54:00,94185.89,94196.63,94185.89,94196.63,180,78,0
2026.02.20 16:51:00,94175.09,94185.83,94175.09,94185.83,180,78,0
2026.02.20 16:48:00,94164.29,94175.03,94164.29,94175.03,180,78,0
2026.02.20 16:45:00,94202.93,94207.07,94162.43,94164.23,180,78,0
2026.02.20 16:42:00,94192.13,94202.87,94192.13,94202.87,180,78,0
2026.02.20 16:39:00,94215.26,94215.38,94186.91,94192.07,180,78,0
2026.02.20 16:36:00,94225.73,94226.33,94205.12,94215.20,180,78,0
2026.02.20 16:33:00,94214.93,94225.67,94214.93,94225.67,180,78,0
2026.02.20 16:30:00,94204.13,94214.87,94204.13,94214.87,180,78,0
2026.02.20 16:27:00,94193.33,94204.07,94193.33,94204.07,180,78,0
2026.02.20 16:24:00,94223.73,94225.95,94184.75,94193.27,181,78,0
2026.02.20 16:21:00,94238.82,94239.66,94213.83,94223.67,180,78,0
2026.02.20 16:18:00,94228.02,94238.76,94228.02,94238.76,180,78,0
2026.02.20 16:15:00,94242.38,94245.50,94220.40,94227.96,180,78,0
2026.02.20 16:12:00,94231.58,94242.32,94231.58,94242.32,180,78,0
2026.02.20 16:09:00,94265.85,94271.43,94229.12,94231.52,180,78,0
2026.02.20 16:06:00,94287.12,94297.50,94265.73,94265.79,180,78,0
2026.02.20 16:03:00,94294.73,94302.95,94284.60,94287.06,180,78,0
2026.02.20 16:00:00,94283.93,94294.67,94283.93,94294.67,180,78,0
2026.02.20 15:57:00,94273.13,94283.87,94273.13,94283.87,180,78,0
2026.02.20 15:54:00,94262.33,94273.07,94262.33,94273.07,180,78,0
2026.02.20 15:51:00,94310.31,94316.55,94259.81,94262.27,180,78,0
2026.02.20 15:48:00,94299.51,94310.25,94299.51,94310.25,180,78,0
2026.02.20 15:45:00,94288.71,94299.45,94288.71,94299.45,180,78,0
2026.02.20 15:42:00,94277.91,94288.65,94277.91,94288.65,180,78,0
2026.02.20 15:39:00,94267.11,94277.85,94267.11,94277.85,180,78,0
2026.02.20 15:36:00,94256.31,94267.05,94256.31,94267.05,180,78,0
2026.02.20 15:33:00,94260.19,94266.61,94251.99,94256.25,180,78,0
2026.02.20 15:30:00,94261.76,94269.68,94257.37,94260.13,180,78,0
2026.02.20 15:27:00,94250.96,94261.70,94250.96,94261.70,180,78,0
2026.02.20 15:24:00,94240.16,94250.90,94240.16,94250.90,180,78,0
2026.02.20 15:21:00,94229.36,94240.10,94229.36,94240.10,180,78,0
2026.02.20 15:18:00,94264.29,94267.59,94224.50,94229.30,180,78,0
2026.02.20 15:15:00,94253.49,94264.23,94253.49,94264.23,180,78,0
2026.02.20 15:12:00,94242.69,94253.43,94242.69,94253.43,180,78,0
2026.02.20 15:09:00,94294.40,94297.82,94242.51,94242.63,180,78,0
2026.02.20 15:06:00,94283.60,94294.34,94283.60,94294.34,180,78,0
2026.02.20 15:03:00,94297.64,94301.36,94276.58,94283.54,180,78,0
2026.02.20 15:00:00,94313.00,94321.10,94295.00,94297.58,180,78,0
2026.02.20 14:57:00,94302.20,94312.94,94302.20,94312.94,180,78,0
2026.02.20 14:54:00,94291.40,94302.14,94291.40,94302.14,180,78,0
2026.02.20 14:51:00,94295.72,94300.58,94285.52,94291.34,180,78,0
2026.02.20 14:48:00,94284.92,94295.66,94284.92,94295.66,180,78,0
2026.02.20 14:45:00,94297.92,94306.02,94282.28,94284.86,180,78,0
2026.02.20 14:42:00,94287.12,94297.86,94287.12,94297.86,180,78,0
2026.02.20 14:39:00,94299.70,94306.30,94282.98,94287.06,180,78,0
2026.02.20 14:36:00,94288.90,94299.64,94288.90,94299.64,180,78,0
2026.02.20 14:33:00,94278.10,94288.84,94278.10,94288.84,180,78,0
2026.02.20 14:30:00,94267.30,94278.04,94267.30,94278.04,180,78,0
2026.02.20 14:27:00,94283.02,94283.80,94257.34,94267.24,180,78,0
2026.02.20 14:24:00,94297.49,94304.93,94279.72,94282.96,180,78,0
2026.02.20 14:21:00,94303.21,94312.45,94295.99,94297.43,180,78,0
2026.02.20 14:18:00,94325.59,94330.09,94296.97,94303.15,180,78,0
2026.02.20 14:15:00,94314.79,94325.53,94314.79,94325.53,180,78,0
2026.02.20 14:12:00,94303.99,94314.73,94303.99,94314.73,180,78,0
2026.02.20 14:09:00,94293.19,94303.93,94293.19,94303.93,180,78,0
2026.02.20 14:06:00,94308.54,94314.36,94288.27,94293.13,180,78,0
2026.02.20 14:03:00,94297.74,94308.48,94297.74,94308.48,180,78,0
2026.02.20 14:00:00,94286.94,94297.68,94286.94,94297.68,180,78,0
2026.02.20 13:57:00,94276.14,94286.88,94276.14,94286.88,180,78,0
2026.02.20 13:54:00,94265.34,94276.08,94265.34,94276.08,180,78,0
2026.02.20 13:51:00,94254.54,94265.28,94254.54,94265.28,180,78,0
2026.02.20 13:48:00,94275.04,94278.64,94247.40,94254.48,180,78,0
2026.02.20 13:45:00,94264.24,94274.98,94264.24,94274.98,180,78,0
2026.02.20 13:42:00,94253.44,94264.18,94253.44,94264.18,180,78,0
2026.02.20 13:39:00,94242.64,94253.38,94242.64,94253.38,180,78,0
2026.02.20 13:36:00,94231.84,94242.58,94231.84,94242.58,180,78,0
2026.02.20 13:33:00,94239.11,94244.03,94226.02,94231.78,180,78,0
2026.02.20 13:30:00,94228.31,94239.05,94228.31,94239.05,180,78,0
2026.02.20 13:27:00,94234.08,94242.66,94226.15,94228.25,180,78,0
2026.02.20 13:24:00,94237.66,94246.06,94231.74,94234.02,180,78,0
2026.02.20 13:21:00,94226.86,94237.60,94226.86,94237.60,180,78,0
2026.02.20 13:18:00,94241.77,94242.73,94217.08,94226.80,180,78,0
2026.02.20 13:15:00,94256.71,94263.61,94237.93,94241.71,180,78,0
2026.02.20 13:12:00,94266.13,94266.67,94246.51,94256.65,180,78,0
2026.02.20 13:09:00,94275.39,94278.09,94258.09,94266.07,180,78,0
2026.02.20 13:06:00,94264.59,94275.33,94264.59,94275.33,180,78,0
2026.02.20 13:03:00,94272.28,94278.34,94259.91,94264.53,180,78,0
2026.02.20 13:00:00,94261.48,94272.22,94261.48,94272.22,180,78,0
2026.02.20 12:57:00,94272.19,94276.45,94255.00,94261.42,180,78,0
2026.02.20 12:54:00,94280.10,94287.36,94268.71,94272.13,180,78,0
2026.02.20 12:51:00,94269.30,94280.04,94269.30,94280.04,180,78,0
2026.02.20 12:48:00,94258.50,94269.24,94258.50,94269.24,180,78,0
2026.02.20 12:45:00,94247.70,94258.44,94247.70,94258.44,180,78,0
2026.02.20 12:42:00,94256.93,94256.93,94236.96,94247.64,180,78,0
2026.02.20 12:39:00,94246.13,94256.87,94246.13,94256.87,180,78,0
2026.02.20 12:36:00,94267.19,94267.55,94235.75,94246.07,180,78,0
2026.02.20 12:33:00,94256.39,94267.13,94256.39,94267.13,180,78,0
2026.02.20 12:30:00,94271.48,94274.78,94248.95,94256.33,180,78,0
2026.02.20 12:27:00,94260.68,94271.42,94260.68,94271.42,180,78,0
2026.02.20 12:24:00,94249.88,94260.62,94249.88,94260.62,180,78,0
2026.02.20 12:21:00,94239.08,94249.82,94239.08,94249.82,180,78,0
2026.02.20 12:18:00,94248.04,94254.94,94235.24,94239.02,180,78,0
2026.02.20 12:15:00,94258.27,94265.95,94244.98,94247.98,180,78,0
2026.02.20 12:12:00,94247.47,94258.21,94247.47,94258.21,180,78,0
2026.02.20 12:09:00,94236.67,94247.41,94236.67,94247.41,180,78,0
2026.02.20 12:06:00,94225.87,94236.61,94225.87,94236.61,180,78,0
2026.02.20 12:03:00,94284.39,94284.75,94225.33,94225.81,180,78,0
2026.02.20 12:00:00,94273.59,94284.33,94273.59,94284.33,180,78,0
2026.02.20 11:57:00,94262.79,94273.53,94262.79,94273.53,180,78,0
2026.02.20 11:54:00,94251.99,94262.73,94251.99,94262.73,180,78,0
2026.02.20 11:51:00,94279.14,94281.84,94243.95,94251.93,180,78,0
2026.02.20 11:48:00,94294.00,94303.60,94278.00,94279.08,180,78,0
2026.02.20 11:45:00,94309.44,94315.14,94288.96,94293.94,180,78,0
2026.02.20 11:42:00,94298.64,94309.38,94298.64,94309.38,180,78,0
2026.02.20 11:39:00,94287.84,94298.58,94287.84,94298.58,180,78,0
2026.02.20 11:36:00,94277.04,94287.78,94277.04,94287.78,180,78,0
2026.02.20 11:33:00,94278.74,94284.62,94272.18,94276.98,180,78,0
2026.02.20 11:30:00,94267.94,94278.68,94267.94,94278.68,180,78,0
2026.02.20 11:27:00,94257.14,94267.88,94257.14,94267.88,180,78,0
2026.02.20 11:24:00,94275.80,94282.82,94253.42,94257.08,180,78,0
2026.02.20 11:21:00,94265.00,94275.74,94265.00,94275.74,180,78,0
2026.02.20 11:18:00,94254.20,94264.94,94254.20,94264.94,180,78,0
2026.02.20 11:15:00,94295.23,94302.55,94252.76,94254.14,180,78,0
2026.02.20 11:12:00,94284.43,94295.17,94284.43,94295.17,180,78,0
2026.02.20 11:09:00,94273.63,94284.37,94273.63,94284.37,180,78,0
2026.02.20 11:06:00,94262.83,94273.57,94262.83,94273.57,180,78,0
2026.02.20 11:03:00,94252.03,94262.77,94252.03,94262.77,180,78,0
2026.02.20 11:00:00,94241.23,94251.97,94241.23,94251.97,180,78,0
2026.02.20 10:57:00,94230.43,94241.17,94230.43,94241.17,180,78,0
2026.02.20 10:54:00,94286.25,94286.73,94221.79,94230.37,180,78,0
2026.02.20 10:51:00,94295.36,94301.84,94281.99,94286.19,180,78,0
2026.02.20 10:48:00,94307.10,94317.48,94295.00,94295.30,180,78,0
2026.02.20 10:45:00,94296.30,94307.04,94296.30,94307.04,180,78,0
2026.02.20 10:42:00,94316.50,94326.16,94295.22,94296.24,180,78,0
2026.02.20 10:39:00,94305.70,94316.44,94305.70,94316.44,180,78,0
2026.02.20 10:36:00,94294.90,94305.64,94294.90,94305.64,180,78,0
2026.02.20 10:33:00,94284.10,94294.84,94284.10,94294.84,180,78,0
2026.02.20 10:30:00,94273.30,94284.04,94273.30,94284.04,180,78,0
2026.02.20 10:27:00,94262.50,94273.24,94262.50,94273.24,180,78,0
2026.02.20 10:24:00,94343.17,94346.05,94259.98,94262.44,180,78,0
2026.02.20 10:21:00,94332.37,94343.11,94332.37,94343.11,180,78,0
2026.02.20 10:18:00,94357.71,94359.45,94330.51,94332.31,178,78,0
2026.02.20 10:15:00,94346.91,94357.65,94346.91,94357.65,180,78,0
2026.02.20 10:12:00,94365.18,94366.80,94337.79,94346.85,180,78,0
2026.02.20 10:09:00,94354.38,94365.12,94354.38,94365.12,180,78,0
2026.02.20 10:06:00,94343.58,94354.32,94343.58,94354.32,180,78,0
2026.02.20 10:03:00,94332.78,94343.52,94332.78,94343.52,180,78,0
2026.02.20 10:00:00,94321.98,94332.72,94321.98,94332.72,180,78,0
2026.02.20 09:57:00,94325.97,94334.25,94319.52,94321.92,180,78,0
2026.02.20 09:54:00,94347.64,94348.36,94324.23,94325.91,180,78,0
2026.02.20 09:51:00,94359.01,94359.13,94337.02,94347.58,180,78,0
2026.02.20 09:48:00,94348.21,94358.95,94348.21,94358.95,180,78,0
2026.02.20 09:45:00,94337.41,94348.15,94337.41,94348.15,180,78,0
2026.02.20 09:42:00,94326.61,94337.35,94326.61,94337.35,180,78,0
2026.02.20 09:39:00,94315.81,94326.55,94315.81,94326.55,180,78,0
2026.02.20 09:36:00,94383.48,94386.84,94311.67,94315.75,180,78,0
2026.02.20 09:33:00,94411.78,94417.12,94382.22,94383.42,180,78,0
2026.02.20 09:30:00,94417.87,94427.65,94410.82,94411.72,180,78,0
2026.02.20 09:27:00,94407.07,94417.81,94407.07,94417.81,180,78,0
2026.02.20 09:24:00,94447.80,94450.02,94399.03,94407.01,180,78,0
2026.02.20 09:21:00,94437.00,94447.74,94437.00,94447.74,180,78,0
2026.02.20 09:18:00,94438.66,94440.28,94427.88,94436.94,180,78,0
2026.02.20 09:15:00,94427.86,94438.60,94427.86,94438.60,180,78,0
2026.02.20 09:12:00,94417.06,94427.80,94417.06,94427.80,180,78,0
2026.02.20 09:09:00,94406.26,94417.00,94406.26,94417.00,180,78,0
2026.02.20 09:06:00,94395.46,94406.20,94395.46,94406.20,180,78,0
2026.02.20 09:03:00,94414.67,94419.05,94389.10,94395.40,180,78,0
2026.02.20 09:00:00,94436.71,94439.95,94407.17,94414.61,180,78,0
2026.02.20 08:57:00,94487.77,94492.45,94431.25,94436.65,180,78,0
2026.02.20 08:54:00,94505.32,94514.86,94486.57,94487.71,180,78,0
2026.02.20 08:51:00,94534.10,94538.60,94499.08,94505.26,180,78,0
2026.02.20 08:48:00,94581.25,94583.95,94532.60,94534.04,180,78,0
2026.02.20 08:45:00,94570.45,94581.19,94570.45,94581.19,180,78,0
2026.02.20 08:42:00,94559.59,94570.39,94559.59,94570.39,181,78,0
2026.02.20 08:39:00,94548.79,94559.53,94548.79,94559.53,180,78,0
2026.02.20 08:36:00,94537.99,94548.73,94537.99,94548.73,180,78,0
2026.02.20 08:33:00,94527.19,94537.93,94527.19,94537.93,180,78,0
2026.02.20 08:30:00,94535.00,94542.86,94524.31,94527.13,180,78,0
2026.02.20 08:27:00,94524.20,94534.94,94524.20,94534.94,180,78,0
2026.02.20 08:24:00,94530.46,94538.80,94521.80,94524.14,180,78,0
2026.02.20 08:21:00,94519.66,94530.40,94519.66,94530.40,180,78,0
2026.02.20 08:18:00,94508.86,94519.60,94508.86,94519.60,180,78,0
2026.02.20 08:15:00,94523.00,94525.70,94500.82,94508.80,180,78,0
2026.02.20 08:12:00,94512.20,94522.94,94512.20,94522.94,180,78,0
2026.02.20 08:09:00,94501.40,94512.14,94501.40,94512.14,180,78,0
2026.02.20 08:06:00,94508.07,94511.55,94494.14,94501.34,180,78,0
2026.02.20 08:03:00,94524.99,94535.55,94507.89,94508.01,180,78,0
2026.02.20 08:00:00,94514.19,94524.93,94514.19,94524.93,180,78,0
2026.02.20 07:57:00,94525.72,94527.76,94505.49,94514.13,180,78,0
2026.02.20 07:54:00,94514.92,94525.66,94514.92,94525.66,180,78,0
2026.02.20 07:51:00,94504.12,94514.86,94504.12,94514.86,180,78,0
2026.02.20 07:48:00,94493.32,94504.06,94493.32,94504.06,180,78,0
2026.02.20 07:45:00,94498.89,94499.79,94483.48,94493.26,180,78,0
2026.02.20 07:42:00,94488.09,94498.83,94488.09,94498.83,180,78,0
2026.02.20 07:39:00,94477.29,94488.03,94477.29,94488.03,180,78,0
2026.02.20 07:36:00,94466.49,94477.23,94466.49,94477.23,180,78,0
2026.02.20 07:33:00,94485.98,94488.50,94458.27,94466.43,180,78,0
2026.02.20 07:30:00,94475.18,94485.92,94475.18,94485.92,180,78,0
2026.02.20 07:27:00,94525.35,94526.91,94474.76,94475.12,180,78,0
2026.02.20 07:24:00,94514.55,94525.29,94514.55,94525.29,180,78,0
2026.02.20 07:21:00,94503.75,94514.49,94503.75,94514.49,180,78,0
2026.02.20 07:18:00,94492.95,94503.69,94492.95,94503.69,180,78,0
2026.02.20 07:15:00,94482.15,94492.89,94482.15,94492.89,180,78,0
2026.02.20 07:12:00,94471.35,94482.09,94471.35,94482.09,180,78,0
2026.02.20 07:09:00,94485.02,94491.44,94467.03,94471.29,180,78,0
2026.02.20 07:06:00,94493.04,94500.06,94481.30,94484.96,180,78,0
2026.02.20 07:03:00,94482.24,94492.98,94482.24,94492.98,180,78,0
2026.02.20 07:00:00,94493.04,94500.12,94478.58,94482.18,180,78,0
2026.02.20 06:57:00,94482.24,94492.98,94482.24,94492.98,180,78,0
2026.02.20 06:54:00,94471.44,94482.18,94471.44,94482.18,180,78,0
2026.02.20 06:51:00,94460.64,94471.38,94460.64,94471.38,180,78,0
2026.02.20 06:48:00,94483.22,94485.14,94451.82,94460.58,180,78,0
2026.02.20 06:45:00,94472.42,94483.16,94472.42,94483.16,180,78,0
2026.02.20 06:42:00,94482.40,94492.48,94471.76,94472.36,180,78,0
2026.02.20 06:39:00,94471.60,94482.34,94471.60,94482.34,180,78,0
2026.02.20 06:36:00,94498.79,94500.53,94462.60,94471.54,180,78,0
2026.02.20 06:33:00,94506.44,94511.30,94492.91,94498.73,180,78,0
2026.02.20 06:30:00,94495.64,94506.38,94495.64,94506.38,180,78,0
2026.02.20 06:27:00,94484.84,94495.58,94484.84,94495.58,180,78,0
2026.02.20 06:24:00,94474.04,94484.78,94474.04,94484.78,180,78,0
2026.02.20 06:21:00,94483.66,94484.92,94464.56,94473.98,180,78,0
2026.02.20 06:18:00,94472.86,94483.60,94472.86,94483.60,180,78,0
2026.02.20 06:15:00,94462.06,94472.80,94462.06,94472.80,180,78,0
2026.02.20 06:12:00,94451.26,94462.00,94451.26,94462.00,180,78,0
2026.02.20 06:09:00,94440.46,94451.20,94440.46,94451.20,180,78,0
2026.02.20 06:06:00,94429.66,94440.40,94429.66,94440.40,180,78,0
2026.02.20 06:03:00,94472.64,94477.08,94423.36,94429.60,180,78,0
2026.02.20 06:00:00,94461.84,94472.58,94461.84,94472.58,180,78,0
2026.02.20 05:57:00,94451.04,94461.78,94451.04,94461.78,180,78,0
2026.02.20 05:54:00,94440.24,94450.98,94440.24,94450.98,180,78,0
2026.02.20 05:51:00,94429.44,94440.18,94429.44,94440.18,180,78,0
2026.02.20 05:48:00,94456.60,94463.68,94425.78,94429.38,180,78,0
2026.02.20 05:45:00,94445.80,94456.54,94445.80,94456.54,180,78,0
2026.02.20 05:42:00,94454.13,94455.87,94436.80,94445.74,180,78,0
2026.02.20 05:39:00,94457.00,94466.66,94453.05,94454.07,180,78,0
2026.02.20 05:36:00,94459.68,94464.54,94451.12,94456.94,180,78,0
2026.02.20 05:33:00,94448.88,94459.62,94448.88,94459.62,180,78,0
2026.02.20 05:30:00,94438.08,94448.82,94438.08,94448.82,180,78,0
2026.02.20 05:27:00,94441.94,94449.14,94434.54,94438.02,180,78,0
2026.02.20 05:24:00,94431.14,94441.88,94431.14,94441.88,180,78,0
2026.02.20 05:21:00,94420.34,94431.08,94420.34,94431.08,180,78,0
2026.02.20 05:18:00,94423.97,94430.33,94415.96,94420.28,180,78,0
2026.02.20 05:15:00,94413.17,94423.91,94413.17,94423.91,180,78,0
2026.02.20 05:12:00,94402.37,94413.11,94402.37,94413.11,180,78,0
2026.02.20 05:09:00,94391.57,94402.31,94391.57,94402.31,180,78,0
2026.02.20 05:06:00,94380.77,94391.51,94380.77,94391.51,180,78,0
2026.02.20 05:03:00,94369.97,94380.71,94369.97,94380.71,180,78,0
2026.02.20 05:00:00,94390.18,94392.82,94361.87,94369.91,180,78,0
2026.02.20 04:57:00,94394.97,94399.47,94383.94,94390.12,180,78,0
2026.02.20 04:54:00,94415.54,94421.66,94390.35,94394.91,180,78,0
2026.02.20 04:51:00,94469.50,94475.56,94411.64,94415.48,180,78,0
2026.02.20 04:48:00,94458.70,94469.44,94458.70,94469.44,180,78,0
2026.02.20 04:45:00,94447.90,94458.64,94447.90,94458.64,180,78,0
2026.02.20 04:42:00,94437.10,94447.84,94437.10,94447.84,180,78,0
2026.02.20 04:39:00,94426.30,94437.04,94426.30,94437.04,180,78,0
2026.02.20 04:36:00,94463.46,94470.30,94425.28,94426.24,180,78,0
2026.02.20 04:33:00,94466.16,94472.10,94458.66,94463.40,180,78,0
2026.02.20 04:30:00,94455.36,94466.10,94455.36,94466.10,180,78,0
2026.02.20 04:27:00,94456.89,94459.77,94447.50,94455.30,180,78,0
2026.02.20 04:24:00,94446.09,94456.83,94446.09,94456.83,180,78,0
2026.02.20 04:21:00,94493.47,94495.03,94445.61,94446.03,180,78,0
2026.02.20 04:18:00,94482.67,94493.41,94482.67,94493.41,180,78,0
2026.02.20 04:15:00,94471.87,94482.61,94471.87,94482.61,180,78,0
2026.02.20 04:12:00,94461.07,94471.81,94461.07,94471.81,180,78,0
2026.02.20 04:09:00,94465.51,94471.63,94456.45,94461.01,180,78,0
2026.02.20 04:06:00,94511.44,94519.84,94463.95,94465.45,180,78,0
2026.02.20 04:03:00,94500.64,94511.38,94500.64,94511.38,180,78,0
2026.02.20 04:00:00,94489.84,94500.58,94489.84,94500.58,180,78,0
2026.02.20 03:57:00,94492.07,94497.95,94484.98,94489.78,180,78,0
2026.02.20 03:54:00,94504.66,94511.80,94488.47,94492.01,180,78,0
2026.02.20 03:51:00,94531.92,94541.82,94503.82,94504.60,180,78,0
2026.02.20 03:48:00,94521.12,94531.86,94521.12,94531.86,180,78,0
2026.02.20 03:45:00,94510.32,94521.06,94510.32,94521.06,180,78,0
2026.02.20 03:42:00,94519.48,94525.18,94505.28,94510.26,180,78,0
2026.02.20 03:39:00,94530.51,94537.17,94515.40,94519.42,180,78,0
2026.02.20 03:36:00,94519.71,94530.45,94519.71,94530.45,180,78,0
2026.02.20 03:33:00,94532.25,94539.39,94516.11,94519.65,180,78,0
2026.02.20 03:30:00,94537.84,94543.12,94526.79,94532.19,180,78,0
2026.02.20 03:27:00,94544.72,94549.04,94531.42,94537.78,180,78,0
2026.02.20 03:24:00,94564.56,94572.54,94541.96,94544.66,180,78,0
2026.02.20 03:21:00,94553.76,94564.50,94553.76,94564.50,180,78,0
2026.02.20 03:18:00,94542.96,94553.70,94542.96,94553.70,180,78,0
2026.02.20 03:15:00,94532.16,94542.90,94532.16,94542.90,180,78,0
2026.02.20 03:12:00,94558.04,94562.48,94530.42,94532.10,180,78,0
2026.02.20 03:09:00,94547.24,94557.98,94547.24,94557.98,180,78,0
2026.02.20 03:06:00,94536.44,94547.18,94536.44,94547.18,180,78,0
2026.02.20 03:03:00,94525.64,94536.38,94525.64,94536.38,180,78,0
2026.02.20 03:00:00,94530.59,94537.07,94521.38,94525.58,180,78,0
2026.02.20 02:57:00,94543.34,94545.98,94522.49,94530.53,180,78,0
2026.02.20 02:54:00,94532.54,94543.28,94532.54,94543.28,180,78,0
2026.02.20 02:51:00,94539.77,94545.89,94527.92,94532.48,180,78,0
2026.02.20 02:48:00,94566.24,94569.30,94532.09,94539.71,180,78,0
2026.02.20 02:45:00,94555.44,94566.18,94555.44,94566.18,180,78,0
2026.02.20 02:42:00,94544.64,94555.38,94544.64,94555.38,180,78,0
2026.02.20 02:39:00,94563.17,94573.79,94544.52,94544.58,180,78,0
2026.02.20 02:36:00,94552.37,94563.11,94552.37,94563.11,180,78,0
2026.02.20 02:33:00,94541.57,94552.31,94541.57,94552.31,180,78,0
2026.02.20 02:30:00,94558.87,94567.87,94539.83,94541.51,180,78,0
2026.02.20 02:27:00,94548.07,94558.81,94548.07,94558.81,180,78,0
2026.02.20 02:24:00,94537.27,94548.01,94537.27,94548.01,180,78,0
2026.02.20 02:21:00,94573.60,94578.88,94531.81,94537.21,180,78,0
2026.02.20 02:18:00,94562.80,94573.54,94562.80,94573.54,180,78,0
2026.02.20 02:15:00,94552.00,94562.74,94552.00,94562.74,180,78,0
2026.02.20 02:12:00,94541.20,94551.94,94541.20,94551.94,180,78,0
2026.02.20 02:09:00,94530.40,94541.14,94530.40,94541.14,180,78,0
2026.02.20 02:06:00,94567.85,94568.33,94520.14,94530.34,180,78,0
2026.02.20 02:03:00,94557.05,94567.79,94557.05,94567.79,180,78,0
2026.02.20 02:00:00,94576.44,94577.52,94554.17,94556.99,180,78,0
2026.02.20 01:57:00,94565.64,94576.38,94565.64,94576.38,180,78,0
2026.02.20 01:54:00,94583.09,94591.37,94563.18,94565.58,180,78,0
2026.02.20 01:51:00,94572.29,94583.03,94572.29,94583.03,180,78,0
2026.02.20 01:48:00,94561.49,94572.23,94561.49,94572.23,180,78,0
2026.02.20 01:45:00,94603.73,94606.91,94556.21,94561.43,180,78,0
2026.02.20 01:42:00,94612.00,94621.24,94602.23,94603.67,180,78,0
2026.02.20 01:39:00,94601.20,94611.94,94601.20,94611.94,180,78,0
2026.02.20 01:36:00,94590.40,94601.14,94590.40,94601.14,180,78,0
2026.02.20 01:33:00,94579.60,94590.34,94579.60,94590.34,180,78,0
2026.02.20 01:30:00,94568.80,94579.54,94568.80,94579.54,180,78,0
2026.02.20 01:27:00,94572.04,94575.34,94561.36,94568.74,180,78,0
2026.02.20 01:24:00,94585.67,94594.31,94569.94,94571.98,180,78,0
2026.02.20 01:21:00,94574.87,94585.61,94574.87,94585.61,180,78,0
2026.02.20 01:18:00,94564.07,94574.81,94564.07,94574.81,180,78,0
2026.02.20 01:15:00,94553.27,94564.01,94553.27,94564.01,180,78,0
2026.02.20 01:12:00,94564.14,94564.50,94542.89,94553.21,180,78,0
2026.02.20 01:09:00,94553.34,94564.08,94553.34,94564.08,180,78,0
2026.02.20 01:06:00,94578.66,94583.40,94547.34,94553.28,180,78,0
2026.02.20 01:03:00,94567.86,94578.60,94567.86,94578.60,180,78,0
2026.02.20 01:00:00,94580.55,94590.75,94567.32,94567.80,180,78,0
2026.02.20 00:57:00,94569.75,94580.49,94569.75,94580.49,180,78,0
2026.02.20 00:54:00,94574.33,94578.41,94563.09,94569.69,180,78,0
2026.02.20 00:51:00,94563.53,94574.27,94563.53,94574.27,180,78,0
2026.02.20 00:48:00,94593.45,94599.87,94559.21,94563.47,180,78,0
2026.02.20 00:45:00,94582.65,94593.39,94582.65,94593.39,180,78,0
2026.02.20 00:42:00,94571.85,94582.59,94571.85,94582.59,180,78,0
2026.02.20 00:39:00,94561.05,94571.79,94561.05,94571.79,180,78,0
2026.02.20 00:36:00,94550.25,94560.99,94550.25,94560.99,180,78,0
2026.02.20 00:33:00,94579.45,94580.71,94540.77,94550.19,180,78,0
2026.02.20 00:30:00,94568.65,94579.39,94568.65,94579.39,180,78,0
2026.02.20 00:27:00,94557.85,94568.59,94557.85,94568.59,180,78,0
2026.02.20 00:24:00,94547.05,94557.79,94547.05,94557.79,180,78,0
2026.02.20 00:21:00,94536.25,94546.99,94536.25,94546.99,180,78,0
2026.02.20 00:18:00,94525.45,94536.19,94525.45,94536.19,180,78,0
2026.02.20 00:15:00,94550.31,94557.69,94522.09,94525.39,180,78,0
2026.02.20 00:12:00,94572.88,94573.72,94540.41,94550.25,180,78,0
2026.02.20 00:09:00,94562.08,94572.82,94562.08,94572.82,180,78,0
2026.02.20 00:06:00,94551.28,94562.02,94551.28,94562.02,180,78,0
2026.02.20 00:03:00,94540.48,94551.22,94540.48,94551.22,180,78,0
2026.02.20 00:00:00,94529.68,94540.42,94529.68,94540.42,180,78,0
2026.02.19 23:57:00,94553.10,94555.98,94521.82,94529.62,180,78,0
2026.02.19 23:54:00,94542.30,94553.04,94542.30,94553.04,180,78,0
2026.02.19 23:51:00,94531.50,94542.24,94531.50,94542.24,180,78,0
2026.02.19 23:48:00,94520.70,94531.44,94520.70,94531.44,180,78,0
2026.02.19 23:45:00,94509.90,94520.64,94509.90,94520.64,180,78,0
2026.02.19 23:42:00,94499.10,94509.84,94499.10,94509.84,180,78,0
2026.02.19 23:39:00,94488.30,94499.04,94488.30,94499.04,180,78,0
2026.02.19 23:36:00,94477.50,94488.24,94477.50,94488.24,180,78,0
2026.02.19 23:33:00,94466.64,94477.44,94466.64,94477.44,181,78,0
2026.02.19 23:30:00,94455.84,94466.58,94455.84,94466.58,180,78,0
2026.02.19 23:27:00,94445.04,94455.78,94445.04,94455.78,180,78,0
2026.02.19 23:24:00,94434.24,94444.98,94434.24,94444.98,180,78,0
2026.02.19 23:21:00,94423.44,94434.18,94423.44,94434.18,180,78,0
2026.02.19 23:18:00,94455.34,94457.74,94415.10,94423.38,180,78,0
2026.02.19 23:15:00,94463.92,94467.70,94448.38,94455.28,180,78,0
2026.02.19 23:12:00,94453.12,94463.86,94453.12,94463.86,180,78,0
2026.02.19 23:09:00,94480.45,94480.87,94447.84,94453.06,180,78,0
2026.02.19 23:06:00,94469.65,94480.39,94469.65,94480.39,180,78,0
2026.02.19 23:03:00,94472.85,94474.95,94461.01,94469.59,180,78,0
2026.02.19 23:00:00,94484.35,94493.59,94471.35,94472.79,180,78,0
2026.02.19 22:57:00,94556.72,94563.14,94482.73,94484.29,180,78,0
2026.02.19 22:54:00,94545.92,94556.66,94545.92,94556.66,180,78,0
2026.02.19 22:51:00,94535.12,94545.86,94535.12,94545.86,180,78,0
2026.02.19 22:48:00,94524.32,94535.06,94524.32,94535.06,180,78,0
2026.02.19 22:45:00,94538.29,94548.25,94523.54,94524.26,180,78,0
2026.02.19 22:42:00,94527.49,94538.23,94527.49,94538.23,180,78,0
2026.02.19 22:39:00,94530.50,94534.82,94521.07,94527.43,180,78,0
2026.02.19 22:36:00,94519.70,94530.44,94519.70,94530.44,180,78,0
2026.02.19 22:33:00,94508.90,94519.64,94508.90,94519.64,180,78,0
2026.02.19 22:30:00,94498.10,94508.84,94498.10,94508.84,180,78,0
2026.02.19 22:27:00,94487.30,94498.04,94487.30,94498.04,180,78,0
2026.02.19 22:24:00,94476.50,94487.24,94476.50,94487.24,180,78,0
2026.02.19 22:21:00,94465.70,94476.44,94465.70,94476.44,180,78,0
2026.02.19 22:18:00,94474.41,94482.33,94462.88,94465.64,180,78,0
2026.02.19 22:15:00,94463.61,94474.35,94463.61,94474.35,180,78,0
2026.02.19 22:12:00,94452.81,94463.55,94452.81,94463.55,180,78,0
2026.02.19 22:09:00,94442.01,94452.75,94442.01,94452.75,180,78,0
2026.02.19 22:06:00,94431.21,94441.95,94431.21,94441.95,180,78,0
2026.02.19 22:03:00,94420.41,94431.15,94420.41,94431.15,180,78,0
2026.02.19 22:00:00,94427.78,94432.94,94414.83,94420.35,180,78,0
2026.02.19 21:57:00,94446.76,94451.14,94421.42,94427.72,180,78,0
2026.02.19 21:54:00,94435.96,94446.70,94435.96,94446.70,180,78,0
2026.02.19 21:51:00,94461.82,94463.50,94426.90,94435.90,180,78,0
2026.02.19 21:48:00,94451.02,94461.76,94451.02,94461.76,180,78,0
2026.02.19 21:45:00,94440.22,94450.96,94440.22,94450.96,180,78,0
2026.02.19 21:42:00,94459.66,94469.26,94439.08,94440.16,180,78,0
2026.02.19 21:39:00,94489.61,94495.37,94456.48,94459.60,180,78,0
2026.02.19 21:36:00,94478.81,94489.55,94478.81,94489.55,180,78,0
2026.02.19 21:33:00,94468.01,94478.75,94468.01,94478.75,180,78,0
2026.02.19 21:30:00,94457.21,94467.95,94457.21,94467.95,180,78,0
2026.02.19 21:27:00,94472.58,94473.30,94447.19,94457.15,180,78,0
2026.02.19 21:24:00,94461.78,94472.52,94461.78,94472.52,180,78,0
2026.02.19 21:21:00,94450.98,94461.72,94450.98,94461.72,180,78,0
2026.02.19 21:18:00,94440.18,94450.92,94440.18,94450.92,180,78,0
2026.02.19 21:15:00,94429.38,94440.12,94429.38,94440.12,180,78,0
2026.02.19 21:12:00,94449.09,94450.65,94420.20,94429.32,180,78,0
2026.02.19 21:09:00,94438.29,94449.03,94438.29,94449.03,180,78,0
2026.02.19 21:06:00,94427.49,94438.23,94427.49,94438.23,180,78,0
2026.02.19 21:03:00,94416.69,94427.43,94416.69,94427.43,180,78,0
2026.02.19 21:00:00,94405.89,94416.63,94405.89,94416.63,180,78,0
2026.02.19 20:57:00,94395.09,94405.83,94395.09,94405.83,180,78,0
2026.02.19 20:54:00,94384.29,94395.03,94384.29,94395.03,180,78,0
2026.02.19 20:51:00,94373.49,94384.23,94373.49,94384.23,180,78,0
2026.02.19 20:48:00,94380.07,94380.61,94363.29,94373.43,180,78,0
2026.02.19 20:45:00,94429.86,94433.40,94377.67,94380.01,180,78,0
2026.02.19 20:42:00,94419.06,94429.80,94419.06,94429.80,180,78,0
2026.02.19 20:39:00,94408.26,94419.00,94408.26,94419.00,180,78,0
2026.02.19 20:36:00,94397.46,94408.20,94397.46,94408.20,180,78,0
2026.02.19 20:33:00,94386.66,94397.40,94386.66,94397.40,180,78,0
2026.02.19 20:30:00,94375.86,94386.60,94375.86,94386.60,180,78,0
2026.02.19 20:27:00,94394.13,94403.85,94374.84,94375.80,180,78,0
2026.02.19 20:24:00,94404.24,94409.10,94388.25,94394.07,180,78,0
2026.02.19 20:21:00,94393.44,94404.18,94393.44,94404.18,180,78,0
2026.02.19 20:18:00,94414.13,94421.51,94390.08,94393.38,180,78,0
2026.02.19 20:15:00,94403.33,94414.07,94403.33,94414.07,180,78,0
2026.02.19 20:12:00,94392.53,94403.27,94392.53,94403.27,180,78,0
2026.02.19 20:09:00,94381.73,94392.47,94381.73,94392.47,180,78,0
2026.02.19 20:06:00,94370.93,94381.67,94370.93,94381.67,180,78,0
2026.02.19 20:03:00,94360.13,94370.87,94360.13,94370.87,180,78,0
2026.02.19 20:00:00,94362.35,94367.27,94354.31,94360.07,180,78,0
2026.02.19 19:57:00,94351.55,94362.29,94351.55,94362.29,180,78,0
2026.02.19 19:54:00,94340.75,94351.49,94340.75,94351.49,180,78,0
2026.02.19 19:51:00,94329.95,94340.69,94329.95,94340.69,180,78,0
2026.02.19 19:48:00,94319.15,94329.89,94319.15,94329.89,180,78,0
2026.02.19 19:45:00,94308.35,94319.09,94308.35,94319.09,180,78,0
2026.02.19 19:42:00,94297.55,94308.29,94297.55,94308.29,180,78,0
2026.02.19 19:39:00,94286.75,94297.49,94286.75,94297.49,180,78,0
2026.02.19 19:36:00,94275.95,94286.69,94275.95,94286.69,180,78,0
2026.02.19 19:33:00,94302.29,94304.27,94267.19,94275.89,180,78,0
2026.02.19 19:30:00,94312.01,94314.05,94293.59,94302.23,180,78,0
2026.02.19 19:27:00,94319.62,94330.06,94311.71,94311.95,180,78,0
2026.02.19 19:24:00,94308.82,94319.56,94308.82,94319.56,180,78,0
2026.02.19 19:21:00,94298.02,94308.76,94298.02,94308.76,180,78,0
2026.02.19 19:18:00,94287.22,94297.96,94287.22,94297.96,180,78,0
2026.02.19 19:15:00,94294.46,94296.38,94278.40,94287.16,180,78,0
2026.02.19 19:12:00,94308.81,94310.61,94286.48,94294.40,180,78,0
2026.02.19 19:09:00,94328.32,94336.30,94306.05,94308.75,180,78,0
2026.02.19 19:06:00,94335.35,94340.63,94322.86,94328.26,180,78,0
2026.02.19 19:03:00,94383.90,94385.16,94333.01,94335.29,180,78,0
2026.02.19 19:00:00,94373.10,94383.84,94373.10,94383.84,180,78,0
2026.02.19 18:57:00,94362.30,94373.04,94362.30,94373.04,180,78,0
2026.02.19 18:54:00,94371.00,94371.36,94351.92,94362.24,180,78,0
2026.02.19 18:51:00,94360.20,94370.94,94360.20,94370.94,180,78,0
2026.02.19 18:48:00,94349.40,94360.14,94349.40,94360.14,180,78,0
2026.02.19 18:45:00,94354.48,94354.72,94338.90,94349.34,180,78,0
2026.02.19 18:42:00,94343.68,94354.42,94343.68,94354.42,180,78,0
2026.02.19 18:39:00,94363.57,94373.83,94343.20,94343.62,180,78,0
2026.02.19 18:36:00,94352.77,94363.51,94352.77,94363.51,180,78,0
2026.02.19 18:33:00,94361.83,94368.91,94349.11,94352.71,180,78,0
2026.02.19 18:30:00,94381.48,94390.90,94360.51,94361.77,180,78,0
2026.02.19 18:27:00,94390.65,94399.29,94379.38,94381.42,180,78,0
2026.02.19 18:24:00,94422.14,94423.40,94381.17,94390.59,180,78,0
2026.02.19 18:21:00,94470.14,94478.60,94420.94,94422.08,180,78,0
2026.02.19 18:18:00,94519.70,94521.92,94461.80,94470.08,180,78,0
2026.02.19 18:15:00,94508.90,94519.64,94508.90,94519.64,180,78,0
2026.02.19 18:12:00,94525.69,94531.27,94503.74,94508.84,180,78,0
2026.02.19 18:09:00,94514.89,94525.63,94514.89,94525.63,180,78,0
2026.02.19 18:06:00,94504.09,94514.83,94504.09,94514.83,180,78,0
2026.02.19 18:03:00,94493.29,94504.03,94493.29,94504.03,180,78,0
2026.02.19 18:00:00,94521.58,94530.22,94491.19,94493.23,180,78,0
2026.02.19 17:57:00,94510.78,94521.52,94510.78,94521.52,180,78,0
2026.02.19 17:54:00,94499.98,94510.72,94499.98,94510.72,180,78,0
2026.02.19 17:51:00,94489.18,94499.92,94489.18,94499.92,180,78,0
2026.02.19 17:48:00,94478.38,94489.12,94478.38,94489.12,180,78,0
2026.02.19 17:45:00,94467.58,94478.32,94467.58,94478.32,180,78,0
2026.02.19 17:42:00,94456.78,94467.52,94456.78,94467.52,180,78,0
2026.02.19 17:39:00,94445.98,94456.72,94445.98,94456.72,180,78,0
2026.02.19 17:36:00,94435.18,94445.92,94435.18,94445.92,180,78,0
2026.02.19 17:33:00,94424.38,94435.12,94424.38,94435.12,180,78,0
2026.02.19 17:30:00,94413.58,94424.32,94413.58,94424.32,180,78,0
2026.02.19 17:27:00,94402.78,94413.52,94402.78,94413.52,180,78,0
2026.02.19 17:24:00,94391.98,94402.72,94391.98,94402.72,180,78,0
2026.02.19 17:21:00,94381.18,94391.92,94381.18,94391.92,180,78,0
2026.02.19 17:18:00,94404.25,94405.45,94372.78,94381.12,180,78,0
2026.02.19 17:15:00,94393.45,94404.19,94393.45,94404.19,180,78,0
2026.02.19 17:12:00,94422.44,94425.08,94385.35,94393.39,180,78,0
2026.02.19 17:09:00,94411.64,94422.38,94411.64,94422.38,180,78,0
2026.02.19 17:06:00,94420.28,94426.64,94407.26,94411.58,180,78,0
2026.02.19 17:03:00,94427.78,94432.34,94414.10,94420.22,180,78,0
2026.02.19 17:00:00,94438.52,94447.58,94426.10,94427.72,180,78,0
2026.02.19 16:57:00,94448.77,94452.79,94431.80,94438.46,180,78,0
2026.02.19 16:54:00,94437.97,94448.71,94437.97,94448.71,180,78,0
2026.02.19 16:51:00,94427.17,94437.91,94427.17,94437.91,180,78,0
2026.02.19 16:48:00,94416.37,94427.11,94416.37,94427.11,180,78,0
2026.02.19 16:45:00,94405.57,94416.31,94405.57,94416.31,180,78,0
2026.02.19 16:42:00,94394.77,94405.51,94394.77,94405.51,180,78,0
2026.02.19 16:39:00,94408.60,94411.06,94386.49,94394.71,180,78,0
2026.02.19 16:36:00,94397.80,94408.54,94397.80,94408.54,180,78,0
2026.02.19 16:33:00,94387.00,94397.74,94387.00,94397.74,180,78,0
2026.02.19 16:30:00,94390.24,94394.98,94381.00,94386.94,180,78,0
2026.02.19 16:27:00,94379.44,94390.18,94379.44,94390.18,180,78,0
2026.02.19 16:24:00,94368.64,94379.38,94368.64,94379.38,180,78,0
2026.02.19 16:21:00,94357.84,94368.58,94357.84,94368.58,180,78,0
2026.02.19 16:18:00,94386.05,94392.41,94356.16,94357.78,180,78,0
2026.02.19 16:15:00,94375.25,94385.99,94375.25,94385.99,180,78,0
2026.02.19 16:12:00,94364.45,94375.19,94364.45,94375.19,180,78,0
2026.02.19 16:09:00,94353.65,94364.39,94353.65,94364.39,180,78,0
2026.02.19 16:06:00,94355.07,94358.61,94346.45,94353.59,180,78,0
2026.02.19 16:03:00,94344.27,94355.01,94344.27,94355.01,180,78,0
2026.02.19 16:00:00,94333.47,94344.21,94333.47,94344.21,180,78,0
2026.02.19 15:57:00,94351.93,94352.95,94323.75,94333.41,180,78,0
2026.02.19 15:54:00,94380.86,94383.20,94346.29,94351.87,180,78,0
2026.02.19 15:51:00,94388.71,94389.91,94371.32,94380.80,180,78,0
2026.02.19 15:48:00,94377.91,94388.65,94377.91,94388.65,180,78,0
2026.02.19 15:45:00,94367.11,94377.85,94367.11,94377.85,180,78,0
2026.02.19 15:42:00,94356.31,94367.05,94356.31,94367.05,180,78,0
2026.02.19 15:39:00,94345.51,94356.25,94345.51,94356.25,180,78,0
2026.02.19 15:36:00,94334.71,94345.45,94334.71,94345.45,180,78,0
2026.02.19 15:33:00,94323.91,94334.65,94323.91,94334.65,180,78,0
2026.02.19 15:30:00,94366.60,94370.38,94321.27,94323.85,180,78,0
2026.02.19 15:27:00,94355.80,94366.54,94355.80,94366.54,180,78,0
2026.02.19 15:24:00,94345.00,94355.74,94345.00,94355.74,180,78,0
2026.02.19 15:21:00,94334.20,94344.94,94334.20,94344.94,180,78,0
2026.02.19 15:18:00,94343.80,94348.90,94328.56,94334.14,180,78,0
2026.02.19 15:15:00,94360.14,94364.82,94337.74,94343.74,180,78,0
2026.02.19 15:12:00,94366.76,94370.90,94353.54,94360.08,180,78,0
2026.02.19 15:09:00,94371.53,94374.53,94359.02,94366.70,180,78,0
2026.02.19 15:06:00,94384.15,94384.33,94360.97,94371.47,180,78,0
2026.02.19 15:03:00,94373.35,94384.09,94373.35,94384.09,180,78,0
2026.02.19 15:00:00,94404.36,94405.44,94363.69,94373.29,180,78,0
2026.02.19 14:57:00,94414.49,94415.99,94395.12,94404.30,180,78,0
2026.02.19 14:54:00,94403.69,94414.43,94403.69,94414.43,180,78,0
2026.02.19 14:51:00,94392.89,94403.63,94392.89,94403.63,180,78,0
2026.02.19 14:48:00,94382.09,94392.83,94382.09,94392.83,180,78,0
2026.02.19 14:45:00,94392.74,94398.02,94376.63,94382.03,180,78,0
2026.02.19 14:42:00,94406.55,94408.29,94383.74,94392.68,180,78,0
2026.02.19 14:39:00,94395.75,94406.49,94395.75,94406.49,180,78,0
2026.02.19 14:36:00,94384.95,94395.69,94384.95,94395.69,180,78,0
2026.02.19 14:33:00,94374.15,94384.89,94374.15,94384.89,180,78,0
2026.02.19 14:30:00,94363.35,94374.09,94363.35,94374.09,180,78,0
2026.02.19 14:27:00,94352.49,94363.29,94352.49,94363.29,181,78,0
2026.02.19 14:24:00,94373.73,94382.49,94350.51,94352.43,180,78,0
2026.02.19 14:21:00,94397.82,94403.16,94368.33,94373.67,180,78,0
2026.02.19 14:18:00,94387.02,94397.76,94387.02,94397.76,180,78,0
2026.02.19 14:15:00,94415.74,94425.64,94386.18,94386.96,180,78,0
2026.02.19 14:12:00,94404.94,94415.68,94404.94,94415.68,180,78,0
2026.02.19 14:09:00,94394.14,94404.88,94394.14,94404.88,180,78,0
2026.02.19 14:06:00,94441.65,94448.61,94391.98,94394.08,180,78,0
2026.02.19 14:03:00,94430.85,94441.59,94430.85,94441.59,180,78,0
2026.02.19 14:00:00,94435.04,94436.42,94421.49,94430.79,180,78,0
2026.02.19 13:57:00,94424.24,94434.98,94424.24,94434.98,180,78,0
2026.02.19 13:54:00,94413.44,94424.18,94413.44,94424.18,180,78,0
2026.02.19 13:51:00,94402.64,94413.38,94402.64,94413.38,180,78,0
2026.02.19 13:48:00,94417.60,94425.40,94399.70,94402.58,180,78,0
2026.02.19 13:45:00,94406.80,94417.54,94406.80,94417.54,180,78,0
2026.02.19 13:42:00,94396.00,94406.74,94396.00,94406.74,180,78,0
2026.02.19 13:39:00,94385.20,94395.94,94385.20,94395.94,180,78,0
2026.02.19 13:36:00,94374.40,94385.14,94374.40,94385.14,180,78,0
2026.02.19 13:33:00,94385.14,94388.74,94367.26,94374.34,180,78,0
2026.02.19 13:30:00,94402.33,94403.35,94375.42,94385.08,180,78,0
2026.02.19 13:27:00,94391.53,94402.27,94391.53,94402.27,180,78,0
2026.02.19 13:24:00,94393.47,94398.69,94386.01,94391.47,180,78,0
2026.02.19 13:21:00,94395.32,94400.90,94388.31,94393.41,180,78,0
2026.02.19 13:18:00,94384.52,94395.26,94384.52,94395.26,180,78,0
2026.02.19 13:15:00,94411.70,94416.50,94392.68,94398.56,180,78,0
2026.02.19 13:12:00,94400.90,94411.64,94400.90,94411.64,180,78,0
2026.02.19 13:09:00,94403.36,94403.84,94390.64,94400.84,180,78,0
2026.02.19 13:06:00,94392.56,94403.30,94392.56,94403.30,180,78,0
2026.02.19 13:03:00,94381.76,94392.50,94381.76,94392.50,180,78,0
2026.02.19 13:00:00,94384.38,94390.02,94376.66,94381.70,180,78,0
2026.02.19 12:57:00,94373.58,94384.32,94373.58,94384.32,180,78,0
2026.02.19 12:54:00,94376.66,94383.20,94369.38,94373.52,180,78,0
2026.02.19 12:51:00,94384.29,94391.13,94372.76,94376.60,180,78,0
2026.02.19 12:48:00,94373.49,94384.23,94373.49,94384.23,180,78,0
2026.02.19 12:45:00,94379.20,94379.44,94362.99,94373.43,180,78,0
2026.02.19 12:42:00,94368.40,94379.14,94368.40,94379.14,180,78,0
2026.02.19 12:39:00,94357.60,94368.34,94357.60,94368.34,180,78,0
2026.02.19 12:36:00,94358.99,94365.11,94352.98,94357.54,180,78,0
2026.02.19 12:33:00,94348.19,94358.93,94348.19,94358.93,180,78,0
2026.02.19 12:30:00,94337.39,94348.13,94337.39,94348.13,180,78,0
2026.02.19 12:27:00,94326.59,94337.33,94326.59,94337.33,180,78,0
2026.02.19 12:24:00,94315.79,94326.53,94315.79,94326.53,180,78,0
2026.02.19 12:21:00,94304.99,94315.73,94304.99,94315.73,180,78,0
2026.02.19 12:18:00,94294.19,94304.93,94294.19,94304.93,180,78,0
2026.02.19 12:15:00,94283.39,94294.13,94283.39,94294.13,180,78,0
2026.02.19 12:12:00,94298.00,94300.76,94275.41,94283.33,180,78,0
2026.02.19 12:09:00,94287.20,94297.94,94287.20,94297.94,180,78,0
2026.02.19 12:06:00,94290.04,94291.36,94277.78,94287.14,180,78,0
2026.02.19 12:03:00,94291.74,94294.56,94282.12,94289.98,180,78,0
2026.02.19 12:00:00,94280.94,94291.68,94280.94,94291.68,180,78,0
2026.02.19 11:57:00,94270.14,94280.88,94270.14,94280.88,180,78,0
2026.02.19 11:54:00,94259.34,94270.08,94259.34,94270.08,180,78,0
2026.02.19 11:51:00,94248.54,94259.28,94248.54,94259.28,180,78,0
2026.02.19 11:48:00,94237.74,94248.48,94237.74,94248.48,180,78,0
2026.02.19 11:45:00,94226.94,94237.68,94226.94,94237.68,180,78,0
2026.02.19 11:42:00,94216.14,94226.88,94216.14,94226.88,180,78,0
2026.02.19 11:39:00,94205.34,94216.08,94205.34,94216.08,180,78,0
2026.02.19 11:36:00,94213.64,94215.68,94196.64,94205.28,180,78,0
2026.02.19 11:33:00,94202.84,94213.58,94202.84,94213.58,180,78,0
2026.02.19 11:30:00,94215.09,94216.41,94193.42,94202.78,180,78,0
2026.02.19 11:27:00,94204.29,94215.03,94204.29,94215.03,180,78,0
2026.02.19 11:24:00,94193.49,94204.23,94193.49,94204.23,180,78,0
2026.02.19 11:21:00,94182.69,94193.43,94182.69,94193.43,180,78,0
2026.02.19 11:18:00,94195.28,94201.16,94177.83,94182.63,180,78,0
2026.02.19 11:15:00,94212.59,94218.29,94190.24,94195.22,180,78,0
2026.02.19 11:12:00,94201.79,94212.53,94201.79,94212.53,180,78,0
2026.02.19 11:09:00,94237.07,94241.15,94199.69,94201.73,180,78,0
2026.02.19 11:06:00,94264.41,94265.01,94226.93,94237.01,180,78,0
2026.02.19 11:03:00,94280.28,94289.82,94263.21,94264.35,180,78,0
2026.02.19 11:00:00,94269.48,94280.22,94269.48,94280.22,180,78,0
2026.02.19 10:57:00,94292.59,94297.27,94263.42,94269.42,180,78,0
2026.02.19 10:54:00,94281.79,94292.53,94281.79,94292.53,180,78,0
2026.02.19 10:51:00,94305.89,94308.89,94278.49,94281.73,180,78,0
2026.02.19 10:48:00,94295.09,94305.83,94295.09,94305.83,180,78,0
2026.02.19 10:45:00,94304.18,94313.42,94293.59,94295.03,180,78,0
2026.02.19 10:42:00,94293.38,94304.12,94293.38,94304.12,180,78,0
2026.02.19 10:39:00,94282.58,94293.32,94282.58,94293.32,180,78,0
2026.02.19 10:36:00,94287.08,94287.80,94272.56,94282.52,180,78,0
2026.02.19 10:33:00,94276.28,94287.02,94276.28,94287.02,180,78,0
2026.02.19 10:30:00,94283.20,94287.52,94269.86,94276.22,180,78,0
2026.02.19 10:27:00,94272.40,94283.14,94272.40,94283.14,180,78,0
2026.02.19 10:24:00,94261.60,94272.34,94261.60,94272.34,180,78,0
2026.02.19 10:21:00,94266.46,94274.50,94258.90,94261.54,180,78,0
2026.02.19 10:18:00,94255.66,94266.40,94255.66,94266.40,180,78,0
2026.02.19 10:15:00,94244.86,94255.60,94244.86,94255.60,180,78,0
2026.02.19 10:12:00,94234.06,94244.80,94234.06,94244.80,180,78,0
2026.02.19 10:09:00,94223.26,94234.00,94223.26,94234.00,180,78,0
2026.02.19 10:06:00,94212.46,94223.20,94212.46,94223.20,180,78,0
2026.02.19 10:03:00,94228.81,94233.61,94210.18,94212.40,180,78,0
2026.02.19 10:00:00,94218.01,94228.75,94218.01,94228.75,180,78,0
2026.02.19 09:57:00,94207.21,94217.95,94207.21,94217.95,180,78,0
2026.02.19 09:54:00,94196.41,94207.15,94196.41,94207.15,180,78,0
2026.02.19 09:51:00,94185.61,94196.35,94185.61,94196.35,180,78,0
2026.02.19 09:48:00,94174.81,94185.55,94174.81,94185.55,180,78,0
2026.02.19 09:45:00,94164.01,94174.75,94164.01,94174.75,180,78,0
2026.02.19 09:42:00,94153.21,94163.95,94153.21,94163.95,180,78,0
2026.02.19 09:39:00,94194.86,94202.78,94152.49,94153.15,180,78,0
2026.02.19 09:36:00,94184.06,94194.80,94184.06,94194.80,180,78,0
2026.02.19 09:33:00,94173.26,94184.00,94173.26,94184.00,180,78,0
2026.02.19 09:30:00,94162.46,94173.20,94162.46,94173.20,180,78,0
2026.02.19 09:27:00,94208.59,94217.35,94161.56,94162.40,180,78,0
2026.02.19 09:24:00,94197.79,94208.53,94197.79,94208.53,180,78,0
2026.02.19 09:21:00,94186.99,94197.73,94186.99,94197.73,180,78,0
2026.02.19 09:18:00,94176.19,94186.93,94176.19,94186.93,180,78,0
2026.02.19 09:15:00,94165.39,94176.13,94165.39,94176.13,180,78,0
2026.02.19 09:12:00,94154.59,94165.33,94154.59,94165.33,180,78,0
2026.02.19 09:09:00,94143.79,94154.53,94143.79,94154.53,180,78,0
2026.02.19 09:06:00,94154.22,94160.28,94139.11,94143.73,180,78,0
2026.02.19 09:03:00,94143.42,94154.16,94143.42,94154.16,180,78,0
2026.02.19 09:00:00,94146.95,94156.61,94142.34,94143.36,180,78,0
2026.02.19 08:57:00,94158.83,94159.25,94136.63,94146.89,180,78,0
2026.02.19 08:54:00,94148.03,94158.77,94148.03,94158.77,180,78,0
2026.02.19 08:51:00,94137.23,94147.97,94137.23,94147.97,180,78,0
2026.02.19 08:48:00,94148.37,94148.61,94126.73,94137.17,180,78,0
2026.02.19 08:45:00,94137.57,94148.31,94137.57,94148.31,180,78,0
2026.02.19 08:42:00,94126.77,94137.51,94126.77,94137.51,180,78,0
2026.02.19 08:39:00,94115.97,94126.71,94115.97,94126.71,180,78,0
2026.02.19 08:36:00,94105.17,94115.91,94105.17,94115.91,180,78,0
2026.02.19 08:33:00,94149.51,94158.45,94103.97,94105.11,180,78,0
2026.02.19 08:30:00,94138.71,94149.45,94138.71,94149.45,180,78,0
2026.02.19 08:27:00,94151.40,94161.48,94138.05,94138.65,180,78,0
2026.02.19 08:24:00,94157.57,94159.97,94143.06,94151.34,180,78,0
2026.02.19 08:21:00,94146.77,94157.51,94146.77,94157.51,180,78,0
2026.02.19 08:18:00,94149.76,94154.80,94141.07,94146.71,180,78,0
2026.02.19 08:15:00,94180.16,94184.78,94145.86,94149.70,180,78,0
2026.02.19 08:12:00,94169.36,94180.10,94169.36,94180.10,180,78,0
2026.02.19 08:09:00,94183.18,94185.88,94161.32,94169.30,180,78,0
2026.02.19 08:06:00,94172.38,94183.12,94172.38,94183.12,180,78,0
2026.02.19 08:03:00,94183.36,94191.70,94169.98,94172.32,180,78,0
2026.02.19 08:00:00,94172.56,94183.30,94172.56,94183.30,180,78,0
2026.02.19 07:57:00,94161.76,94172.50,94161.76,94172.50,180,78,0
2026.02.19 07:54:00,94165.48,94167.10,94152.64,94161.70,180,78,0
2026.02.19 07:51:00,94154.68,94165.42,94154.68,94165.42,180,78,0
2026.02.19 07:48:00,94143.88,94154.62,94143.88,94154.62,180,78,0
2026.02.19 07:45:00,94133.08,94143.82,94133.08,94143.82,180,78,0
2026.02.19 07:42:00,94150.46,94151.12,94123.00,94133.02,180,78,0
2026.02.19 07:39:00,94139.66,94150.40,94139.66,94150.40,180,78,0
2026.02.19 07:36:00,94128.86,94139.60,94128.86,94139.60,180,78,0
2026.02.19 07:33:00,94131.70,94133.98,94120.40,94128.80,180,78,0
2026.02.19 07:30:00,94143.10,94151.50,94129.36,94131.64,180,78,0
2026.02.19 07:27:00,94150.92,94154.10,94135.54,94143.04,180,78,0
2026.02.19 07:24:00,94140.12,94150.86,94140.12,94150.86,180,78,0
2026.02.19 07:21:00,94158.33,94168.35,94139.40,94140.06,180,78,0
2026.02.19 07:18:00,94186.74,94190.58,94156.71,94158.27,180,78,0
2026.02.19 07:15:00,94233.50,94235.24,94182.48,94186.68,180,78,0
2026.02.19 07:12:00,94222.70,94233.44,94222.70,94233.44,180,78,0
2026.02.19 07:09:00,94233.14,94239.02,94217.84,94222.64,180,78,0
2026.02.19 07:06:00,94222.34,94233.08,94222.34,94233.08,180,78,0
2026.02.19 07:03:00,94234.82,94237.28,94214.06,94222.28,180,78,0
2026.02.19 07:00:00,94289.72,94290.80,94228.40,94234.76,180,78,0
2026.02.19 06:57:00,94278.92,94289.66,94278.92,94289.66,180,78,0
2026.02.19 06:54:00,94268.12,94278.86,94268.12,94278.86,180,78,0
2026.02.19 06:51:00,94272.65,94281.35,94266.08,94268.06,180,78,0
2026.02.19 06:48:00,94292.78,94299.74,94268.87,94272.59,180,78,0
2026.02.19 06:45:00,94281.98,94292.72,94281.98,94292.72,180,78,0
2026.02.19 06:42:00,94271.18,94281.92,94271.18,94281.92,180,78,0
2026.02.19 06:39:00,94260.38,94271.12,94260.38,94271.12,180,78,0
2026.02.19 06:36:00,94249.58,94260.32,94249.58,94260.32,180,78,0
2026.02.19 06:33:00,94259.26,94269.82,94249.40,94249.52,180,78,0
2026.02.19 06:30:00,94271.93,94277.99,94254.58,94259.20,180,78,0
2026.02.19 06:27:00,94261.13,94271.87,94261.13,94271.87,180,78,0
2026.02.19 06:24:00,94250.33,94261.07,94250.33,94261.07,180,78,0
2026.02.19 06:21:00,94239.53,94250.27,94239.53,94250.27,180,78,0
2026.02.19 06:18:00,94228.73,94239.47,94228.73,94239.47,180,78,0
2026.02.19 06:15:00,94217.93,94228.67,94217.93,94228.67,180,78,0
2026.02.19 06:12:00,94207.13,94217.87,94207.13,94217.87,180,78,0
2026.02.19 06:09:00,94196.33,94207.07,94196.33,94207.07,180,78,0
2026.02.19 06:06:00,94206.99,94215.45,94194.05,94196.27,180,78,0
2026.02.19 06:03:00,94196.19,94206.93,94196.19,94206.93,180,78,0
2026.02.19 06:00:00,94215.33,94216.17,94186.29,94196.13,180,78,0
2026.02.19 05:57:00,94204.53,94215.27,94204.53,94215.27,180,78,0
2026.02.19 05:54:00,94193.73,94204.47,94193.73,94204.47,180,78,0
2026.02.19 05:51:00,94203.87,94213.89,94193.01,94193.67,180,78,0
2026.02.19 05:48:00,94193.07,94203.81,94193.07,94203.81,180,78,0
2026.02.19 05:45:00,94182.27,94193.01,94182.27,94193.01,180,78,0
2026.02.19 05:42:00,94194.11,94199.33,94176.75,94182.21,180,78,0
2026.02.19 05:39:00,94183.31,94194.05,94183.31,94194.05,180,78,0
2026.02.19 05:36:00,94172.51,94183.25,94172.51,94183.25,180,78,0
2026.02.19 05:33:00,94174.02,94175.28,94163.03,94172.45,180,78,0
2026.02.19 05:30:00,94194.18,94204.92,94194.18,94204.92,180,78,0
2026.02.19 05:27:00,94183.38,94194.12,94183.38,94194.12,180,78,0
2026.02.19 05:24:00,94172.58,94183.32,94172.58,94183.32,180,78,0
2026.02.19 05:21:00,94161.72,94172.52,94161.72,94172.52,181,78,0
2026.02.19 05:18:00,94150.92,94161.66,94150.92,94161.66,180,78,0
2026.02.19 05:15:00,94140.12,94150.86,94140.12,94150.86,180,78,0
2026.02.19 05:12:00,94129.32,94140.06,94129.32,94140.06,180,78,0
2026.02.19 05:09:00,94118.52,94129.26,94118.52,94129.26,180,78,0
2026.02.19 05:06:00,94107.72,94118.46,94107.72,94118.46,180,78,0
2026.02.19 05:03:00,94096.92,94107.66,94096.92,94107.66,180,78,0
2026.02.19 05:00:00,94086.12,94096.86,94086.12,94096.86,180,78,0
2026.02.19 04:57:00,94075.32,94086.06,94075.32,94086.06,180,78,0
2026.02.19 04:54:00,94064.52,94075.26,94064.52,94075.26,180,78,0
2026.02.19 04:51:00,94070.03,94076.75,94060.50,94064.46,180,78,0
2026.02.19 04:48:00,94059.23,94069.97,94059.23,94069.97,180,78,0
2026.02.19 04:45:00,94048.43,94059.17,94048.43,94059.17,180,78,0
2026.02.19 04:42:00,94037.63,94048.37,94037.63,94048.37,180,78,0
2026.02.19 04:39:00,94069.36,94071.22,94028.75,94037.57,180,78,0
2026.02.19 04:36:00,94084.79,94092.83,94066.66,94069.30,180,78,0
2026.02.19 04:33:00,94073.99,94084.73,94073.99,94084.73,180,78,0
2026.02.19 04:30:00,94063.19,94073.93,94063.19,94073.93,180,78,0
2026.02.19 04:27:00,94074.49,94080.73,94058.69,94063.13,180,78,0
2026.02.19 04:24:00,94063.69,94074.43,94063.69,94074.43,180,78,0
2026.02.19 04:21:00,94076.44,94079.62,94056.13,94063.63,180,78,0
2026.02.19 04:18:00,94065.64,94076.38,94065.64,94076.38,180,78,0
2026.02.19 04:15:00,94086.65,94088.93,94057.18,94065.58,180,78,0
2026.02.19 04:12:00,94075.85,94086.59,94075.85,94086.59,180,78,0
2026.02.19 04:09:00,94065.05,94075.79,94065.05,94075.79,180,78,0
2026.02.19 04:06:00,94076.45,94086.95,94064.81,94064.99,180,78,0
2026.02.19 04:03:00,94065.65,94076.39,94065.65,94076.39,180,78,0
2026.02.19 04:00:00,94054.85,94065.59,94054.85,94065.59,180,78,0
2026.02.19 03:57:00,94044.05,94054.79,94044.05,94054.79,180,78,0
2026.02.19 03:54:00,94033.25,94043.99,94033.25,94043.99,180,78,0
2026.02.19 03:51:00,94022.45,94033.19,94022.45,94033.19,180,78,0
2026.02.19 03:48:00,94023.96,94033.98,94021.73,94022.39,180,78,0
2026.02.19 03:45:00,94013.16,94023.90,94013.16,94023.90,180,78,0
2026.02.19 03:42:00,94002.36,94013.10,94002.36,94013.10,180,78,0
2026.02.19 03:39:00,93991.56,94002.30,93991.56,94002.30,180,78,0
2026.02.19 03:36:00,93980.76,93991.50,93980.76,93991.50,180,78,0
2026.02.19 03:33:00,93993.51,93996.39,93972.90,93980.70,180,78,0
2026.02.19 03:30:00,93982.71,93993.45,93982.71,93993.45,180,78,0
2026.02.19 03:27:00,93971.91,93982.65,93971.91,93982.65,180,78,0
2026.02.19 03:24:00,93983.27,93984.77,93962.67,93971.85,180,78,0
2026.02.19 03:21:00,94007.80,94011.40,93976.13,93983.21,180,78,0
2026.02.19 03:18:00,93997.00,94007.74,93997.00,94007.74,180,78,0
2026.02.19 03:15:00,93986.20,93996.94,93986.20,93996.94,180,78,0
2026.02.19 03:12:00,93975.40,93986.14,93975.40,93986.14,180,78,0
2026.02.19 03:09:00,93977.00,93977.24,93964.90,93975.34,180,78,0
2026.02.19 03:06:00,93966.20,93976.94,93966.20,93976.94,180,78,0
2026.02.19 03:03:00,93955.40,93966.14,93955.40,93966.14,180,78,0
2026.02.19 03:00:00,93944.60,93955.34,93944.60,93955.34,180,78,0
2026.02.19 02:57:00,93933.80,93944.54,93933.80,93944.54,180,78,0
2026.02.19 02:54:00,93923.00,93933.74,93923.00,93933.74,180,78,0
2026.02.19 02:51:00,93912.20,93922.94,93912.20,93922.94,180,78,0
2026.02.19 02:48:00,93966.99,93967.11,93905.78,93912.14,180,78,0
2026.02.19 02:45:00,93988.67,93994.07,93961.65,93966.93,180,78,0
2026.02.19 02:42:00,94011.78,94012.98,93979.13,93988.61,180,78,0
2026.02.19 02:39:00,94000.98,94011.72,94000.98,94011.72,180,78,0
2026.02.19 02:36:00,93990.18,94000.92,93990.18,94000.92,180,78,0
2026.02.19 02:33:00,93979.38,93990.12,93979.38,93990.12,180,78,0
2026.02.19 02:30:00,93968.58,93979.32,93968.58,93979.32,180,78,0
2026.02.19 02:27:00,93971.33,93976.37,93962.88,93968.52,180,78,0
2026.02.19 02:24:00,93983.78,93992.72,93969.53,93971.27,180,78,0
2026.02.19 02:21:00,94003.05,94012.77,93982.76,93983.72,180,78,0
2026.02.19 02:18:00,94017.47,94018.01,93992.85,94002.99,180,78,0
2026.02.19 02:15:00,94006.67,94017.41,94006.67,94017.41,180,78,0
2026.02.19 02:12:00,93995.87,94006.61,93995.87,94006.61,180,78,0
2026.02.19 02:09:00,93985.07,93995.81,93985.07,93995.81,180,78,0
2026.02.19 02:06:00,93974.27,93985.01,93974.27,93985.01,180,78,0
2026.02.19 02:03:00,93963.47,93974.21,93963.47,93974.21,180,78,0
2026.02.19 02:00:00,94004.13,94009.89,93960.77,93963.41,180,78,0
2026.02.19 01:57:00,94019.14,94024.48,93998.73,94004.07,180,78,0
2026.02.19 01:54:00,94008.34,94019.08,94008.34,94019.08,180,78,0
2026.02.19 01:51:00,93997.54,94008.28,93997.54,94008.28,180,78,0
2026.02.19 01:48:00,93986.74,93997.48,93986.74,93997.48,180,78,0
2026.02.19 01:45:00,93975.94,93986.68,93975.94,93986.68,180,78,0
2026.02.19 01:42:00,93995.52,94000.14,93969.82,93975.88,180,78,0
2026.02.19 01:39:00,94008.15,94009.77,93986.40,93995.46,180,78,0
2026.02.19 01:36:00,93997.35,94008.09,93997.35,94008.09,180,78,0
2026.02.19 01:33:00,94006.74,94016.58,93996.45,93997.29,180,78,0
2026.02.19 01:30:00,94028.20,94031.80,93999.60,94006.68,180,78,0
2026.02.19 01:27:00,94017.40,94028.14,94017.40,94028.14,180,78,0
2026.02.19 01:24:00,94006.60,94017.34,94006.60,94017.34,180,78,0
2026.02.19 01:21:00,93995.80,94006.54,93995.80,94006.54,180,78,0
2026.02.19 01:18:00,94002.97,94008.85,93990.94,93995.74,180,78,0
2026.02.19 01:15:00,94013.23,94013.77,93992.77,94002.91,180,78,0
2026.02.19 01:12:00,94025.13,94026.69,94004.05,94013.17,180,78,0
2026.02.19 01:09:00,94034.80,94039.42,94019.01,94025.07,180,78,0
2026.02.19 01:06:00,94024.00,94034.74,94024.00,94034.74,180,78,0
2026.02.19 01:03:00,94043.10,94048.50,94018.66,94023.94,180,78,0
2026.02.19 01:00:00,94066.75,94071.85,94037.46,94043.04,180,78,0
2026.02.19 00:57:00,94055.95,94066.69,94055.95,94066.69,180,78,0
2026.02.19 00:54:00,94063.83,94071.63,94053.01,94055.89,180,78,0
2026.02.19 00:51:00,94091.18,94092.32,94054.23,94063.77,180,78,0
2026.02.19 00:48:00,94080.38,94091.12,94080.38,94091.12,180,78,0
2026.02.19 00:45:00,94069.58,94080.32,94069.58,94080.32,180,78,0
2026.02.19 00:42:00,94113.10,94115.86,94067.18,94069.52,180,78,0
2026.02.19 00:39:00,94122.85,94125.07,94104.58,94113.04,180,78,0
2026.02.19 00:36:00,94112.05,94122.79,94112.05,94122.79,180,78,0
2026.02.19 00:33:00,94134.54,94145.28,94134.54,94145.28,180,78,0
2026.02.19 00:30:00,94123.74,94134.48,94123.74,94134.48,180,78,0
2026.02.19 00:27:00,94112.94,94123.68,94112.94,94123.68,180,78,0
2026.02.19 00:24:00,94102.14,94112.88,94102.14,94112.88,180,78,0
2026.02.19 00:21:00,94091.34,94102.08,94091.34,94102.08,180,78,0
2026.02.19 00:18:00,94154.55,94164.39,94091.04,94091.28,180,78,0
2026.02.19 00:15:00,94143.75,94154.49,94143.75,94154.49,180,78,0
2026.02.19 00:12:00,94171.99,94178.05,94139.07,94143.69,180,78,0
2026.02.19 00:09:00,94161.19,94171.93,94161.19,94171.93,180,78,0
2026.02.19 00:06:00,94150.39,94161.13,94150.39,94161.13,180,78,0
2026.02.19 00:03:00,94184.93,94185.59,94141.93,94150.33,180,78,0
2026.02.19 00:00:00,94206.00,94206.18,94184.69,94184.87,180,78,0
2026.02.18 23:57:00,94195.20,94205.94,94195.20,94205.94,180,78,0
2026.02.18 23:54:00,94184.40,94195.14,94184.40,94195.14,180,78,0
2026.02.18 23:51:00,94173.60,94184.34,94173.60,94184.34,180,78,0
2026.02.18 23:48:00,94162.80,94173.54,94162.80,94173.54,180,78,0
2026.02.18 23:45:00,94190.84,94196.72,94157.94,94162.74,180,78,0
2026.02.18 23:42:00,94180.04,94190.78,94180.04,94190.78,180,78,0
2026.02.18 23:39:00,94218.22,94220.98,94174.64,94179.98,180,78,0
2026.02.18 23:36:00,94207.42,94218.16,94207.42,94218.16,180,78,0
2026.02.18 23:33:00,94221.73,94225.69,94200.64,94207.36,180,78,0
2026.02.18 23:30:00,94210.93,94221.67,94210.93,94221.67,180,78,0
2026.02.18 23:27:00,94246.98,94254.60,94207.81,94210.87,180,78,0
2026.02.18 23:24:00,94236.18,94246.92,94236.18,94246.92,180,78,0
2026.02.18 23:21:00,94237.62,94242.06,94229.88,94236.12,180,78,0
2026.02.18 23:18:00,94226.82,94237.56,94226.82,94237.56,180,78,0
2026.02.18 23:15:00,94216.02,94226.76,94216.02,94226.76,180,78,0
2026.02.18 23:12:00,94232.95,94237.03,94209.36,94215.96,180,78,0
2026.02.18 23:09:00,94245.66,94252.68,94229.23,94232.89,180,78,0
2026.02.18 23:06:00,94255.23,94258.65,94238.34,94245.60,180,78,0
2026.02.18 23:03:00,94244.43,94255.17,94244.43,94255.17,180,78,0
2026.02.18 23:00:00,94233.63,94244.37,94233.63,94244.37,180,78,0
2026.02.18 22:57:00,94222.83,94233.57,94222.83,94233.57,180,78,0
2026.02.18 22:54:00,94243.17,94244.49,94213.41,94222.77,180,78,0
2026.02.18 22:51:00,94232.37,94243.11,94232.37,94243.11,180,78,0
2026.02.18 22:48:00,94221.57,94232.31,94221.57,94232.31,180,78,0
2026.02.18 22:45:00,94210.77,94221.51,94210.77,94221.51,180,78,0
2026.02.18 22:42:00,94219.02,94229.46,94210.47,94210.71,180,78,0
2026.02.18 22:39:00,94208.22,94218.96,94208.22,94218.96,180,78,0
2026.02.18 22:36:00,94197.42,94208.16,94197.42,94208.16,180,78,0
2026.02.18 22:33:00,94186.62,94197.36,94186.62,94197.36,180,78,0
2026.02.18 22:30:00,94175.82,94186.56,94175.82,94186.56,180,78,0
2026.02.18 22:27:00,94193.07,94193.85,94172.46,94175.76,180,78,0
2026.02.18 22:24:00,94182.27,94193.01,94182.27,94193.01,180,78,0
2026.02.18 22:21:00,94171.47,94182.21,94171.47,94182.21,180,78,0
2026.02.18 22:18:00,94198.99,94207.51,94169.25,94171.41,180,78,0
2026.02.18 22:15:00,94188.19,94198.93,94188.19,94198.93,180,78,0
2026.02.18 22:12:00,94200.67,94206.25,94183.03,94188.13,180,78,0
2026.02.18 22:09:00,94189.87,94200.61,94189.87,94200.61,180,78,0
2026.02.18 22:06:00,94179.07,94189.81,94179.07,94189.81,180,78,0
2026.02.18 22:03:00,94168.27,94179.01,94168.27,94179.01,180,78,0
2026.02.18 22:00:00,94157.47,94168.21,94157.47,94168.21,180,78,0
2026.02.18 21:57:00,94146.67,94157.41,94146.67,94157.41,180,78,0
2026.02.18 21:54:00,94135.87,94146.61,94135.87,94146.61,180,78,0
2026.02.18 21:51:00,94125.07,94135.81,94125.07,94135.81,180,78,0
2026.02.18 21:48:00,94114.27,94125.01,94114.27,94125.01,180,78,0
2026.02.18 21:45:00,94103.47,94114.21,94103.47,94114.21,180,78,0
2026.02.18 21:42:00,94134.30,94137.96,94096.39,94103.41,180,78,0
2026.02.18 21:39:00,94123.50,94134.24,94123.50,94134.24,180,78,0
2026.02.18 21:36:00,94137.79,94137.79,94112.76,94123.44,180,78,0
2026.02.18 21:33:00,94126.99,94137.73,94126.99,94137.73,180,78,0
2026.02.18 21:30:00,94137.45,94140.51,94119.31,94126.93,180,78,0
2026.02.18 21:27:00,94126.65,94137.39,94126.65,94137.39,180,78,0
2026.02.18 21:24:00,94115.85,94126.59,94115.85,94126.59,180,78,0
2026.02.18 21:21:00,94105.05,94115.79,94105.05,94115.79,180,78,0
2026.02.18 21:18:00,94094.25,94104.99,94094.25,94104.99,180,78,0
2026.02.18 21:15:00,94083.45,94094.19,94083.45,94094.19,180,78,0
2026.02.18 21:12:00,94072.65,94083.39,94072.65,94083.39,180,78,0
2026.02.18 21:09:00,94103.49,94110.63,94071.39,94072.59,180,78,0
2026.02.18 21:06:00,94092.69,94103.43,94092.69,94103.43,180,78,0
2026.02.18 21:03:00,94081.89,94092.63,94081.89,94092.63,180,78,0
2026.02.18 21:00:00,94071.09,94081.83,94071.09,94081.83,180,78,0
2026.02.18 20:57:00,94060.29,94071.03,94060.29,94071.03,180,78,0
2026.02.18 20:54:00,94069.70,94073.48,94053.33,94060.23,180,78,0
2026.02.18 20:51:00,94058.90,94069.64,94058.90,94069.64,180,78,0
2026.02.18 20:48:00,94062.56,94064.12,94049.72,94058.84,180,78,0
2026.02.18 20:45:00,94051.76,94062.50,94051.76,94062.50,180,78,0
2026.02.18 20:42:00,94040.96,94051.70,94040.96,94051.70,180,78,0
2026.02.18 20:39:00,94030.16,94040.90,94030.16,94040.90,180,78,0
2026.02.18 20:36:00,94067.31,94070.01,94026.08,94030.10,180,78,0
2026.02.18 20:33:00,94070.26,94075.24,94061.55,94067.25,180,78,0
2026.02.18 20:30:00,94059.46,94070.20,94059.46,94070.20,180,78,0
2026.02.18 20:27:00,94048.66,94059.40,94048.66,94059.40,180,78,0
2026.02.18 20:24:00,94037.86,94048.60,94037.86,94048.60,180,78,0
2026.02.18 20:21:00,94027.06,94037.80,94027.06,94037.80,180,78,0
2026.02.18 20:18:00,94016.26,94027.00,94016.26,94027.00,180,78,0
2026.02.18 20:15:00,94005.46,94016.20,94005.46,94016.20,180,78,0
2026.02.18 20:12:00,93994.60,94005.40,93994.60,94005.40,181,78,0
2026.02.18 20:09:00,94008.36,94016.28,93991.78,93994.54,180,78,0
2026.02.18 20:06:00,94063.64,94067.66,94005.06,94008.30,180,78,0
2026.02.18 20:03:00,94052.84,94063.58,94052.84,94063.58,180,78,0
2026.02.18 20:00:00,94042.04,94052.78,94042.04,94052.78,180,78,0
2026.02.18 19:57:00,94063.15,94070.23,94038.38,94041.98,180,78,0
2026.02.18 19:54:00,94052.35,94063.09,94052.35,94063.09,180,78,0
2026.02.18 19:51:00,94041.55,94052.29,94041.55,94052.29,180,78,0
2026.02.18 19:48:00,94074.08,94083.44,94040.17,94041.49,180,78,0
2026.02.18 19:45:00,94075.68,94084.08,94071.74,94074.02,180,78,0
2026.02.18 19:42:00,94091.89,94095.01,94068.06,94075.62,180,78,0
2026.02.18 19:39:00,94081.09,94091.83,94081.09,94091.83,180,78,0
2026.02.18 19:36:00,94093.40,94097.84,94074.79,94081.03,180,78,0
2026.02.18 19:33:00,94105.85,94106.63,94083.44,94093.34,180,78,0
2026.02.18 19:30:00,94095.05,94105.79,94095.05,94105.79,180,78,0
2026.02.18 19:27:00,94084.25,94094.99,94084.25,94094.99,180,78,0
2026.02.18 19:24:00,94073.45,94084.19,94073.45,94084.19,180,78,0
2026.02.18 19:21:00,94062.65,94073.39,94062.65,94073.39,180,78,0
2026.02.18 19:18:00,94086.66,94092.24,94057.49,94062.59,180,78,0
2026.02.18 19:15:00,94096.05,94098.21,94078.08,94086.60,180,78,0
2026.02.18 19:12:00,94085.25,94095.99,94085.25,94095.99,180,78,0
2026.02.18 19:09:00,94074.45,94085.19,94074.45,94085.19,180,78,0
2026.02.18 19:06:00,94063.65,94074.39,94063.65,94074.39,180,78,0
2026.02.18 19:03:00,94052.85,94063.59,94052.85,94063.59,180,78,0
2026.02.18 19:00:00,94098.20,94107.08,94051.77,94052.79,180,78,0
2026.02.18 18:57:00,94087.40,94098.14,94087.40,94098.14,180,78,0
2026.02.18 18:54:00,94076.60,94087.34,94076.60,94087.34,180,78,0
2026.02.18 18:51:00,94084.56,94093.26,94074.56,94076.54,180,78,0
2026.02.18 18:48:00,94073.76,94084.50,94073.76,94084.50,180,78,0
2026.02.18 18:45:00,94062.96,94073.70,94062.96,94073.70,180,78,0
2026.02.18 18:42:00,94052.16,94062.90,94052.16,94062.90,180,78,0
2026.02.18 18:39:00,94076.81,94083.11,94047.72,94052.10,180,78,0
2026.02.18 18:36:00,94066.01,94076.75,94066.01,94076.75,180,78,0
2026.02.18 18:33:00,94055.21,94065.95,94055.21,94065.95,180,78,0
2026.02.18 18:30:00,94044.41,94055.15,94044.41,94055.15,180,78,0
2026.02.18 18:27:00,94033.61,94044.35,94033.61,94044.35,180,78,0
2026.02.18 18:24:00,94036.37,94037.09,94023.59,94033.55,180,78,0
2026.02.18 18:21:00,94025.57,94036.31,94025.57,94036.31,180,78,0
2026.02.18 18:18:00,94014.77,94025.51,94014.77,94025.51,180,78,0
2026.02.18 18:15:00,94003.97,94014.71,94003.97,94014.71,180,78,0
2026.02.18 18:12:00,93993.17,94003.91,93993.17,94003.91,180,78,0
2026.02.18 18:09:00,93982.37,93993.11,93982.37,93993.11,180,78,0
2026.02.18 18:06:00,93984.79,93986.05,93972.89,93982.31,180,78,0
2026.02.18 18:03:00,93973.99,93984.73,93973.99,93984.73,180,78,0
2026.02.18 18:00:00,93963.19,93973.93,93963.19,93973.93,180,78,0
2026.02.18 17:57:00,93952.39,93963.13,93952.39,93963.13,180,78,0
2026.02.18 17:54:00,93964.40,93970.40,93947.65,93952.33,180,78,0
2026.02.18 17:51:00,93971.47,93977.89,93960.08,93964.34,180,78,0
2026.02.18 17:48:00,93960.67,93971.41,93960.67,93971.41,180,78,0
2026.02.18 17:45:00,93949.87,93960.61,93949.87,93960.61,180,78,0
2026.02.18 17:42:00,93939.07,93949.81,93939.07,93949.81,180,78,0
2026.02.18 17:39:00,93953.51,93954.59,93929.41,93939.01,180,78,0
2026.02.18 17:36:00,93942.71,93953.45,93942.71,93953.45,180,78,0
2026.02.18 17:33:00,93931.91,93942.65,93931.91,93942.65,180,78,0
2026.02.18 17:30:00,93921.11,93931.85,93921.11,93931.85,180,78,0
2026.02.18 17:27:00,93910.31,93921.05,93910.31,93921.05,180,78,0
2026.02.18 17:24:00,93938.31,93947.67,93908.93,93910.25,180,78,0
2026.02.18 17:21:00,93960.23,93966.89,93934.23,93938.25,180,78,0
2026.02.18 17:18:00,93949.43,93960.17,93949.43,93960.17,180,78,0
2026.02.18 17:15:00,93967.99,93969.19,93939.89,93949.37,180,78,0
2026.02.18 17:12:00,93957.19,93967.93,93957.19,93967.93,180,78,0
2026.02.18 17:09:00,93946.39,93957.13,93946.39,93957.13,180,78,0
2026.02.18 17:06:00,93960.34,93960.58,93935.89,93946.33,180,78,0
2026.02.18 17:03:00,93949.54,93960.28,93949.54,93960.28,180,78,0
2026.02.18 17:00:00,93968.52,93975.18,93945.46,93949.48,180,78,0
2026.02.18 16:57:00,93999.19,94000.81,93959.40,93968.46,180,78,0
2026.02.18 16:54:00,93988.39,93999.13,93988.39,93999.13,180,78,0
2026.02.18 16:51:00,93992.54,94001.18,93986.29,93988.33,180,78,0
2026.02.18 16:48:00,93981.74,93992.48,93981.74,93992.48,180,78,0
2026.02.18 16:45:00,93970.94,93981.68,93970.94,93981.68,180,78,0
2026.02.18 16:42:00,93993.49,94000.57,93967.28,93970.88,180,78,0
2026.02.18 16:39:00,93982.69,93993.43,93982.69,93993.43,180,78,0
2026.02.18 16:36:00,93988.22,93992.48,93976.21,93982.63,180,78,0
2026.02.18 16:33:00,93977.42,93988.16,93977.42,93988.16,180,78,0
2026.02.18 16:30:00,93997.03,93998.23,93973.28,93977.36,180,78,0
2026.02.18 16:27:00,94005.94,94011.40,93991.75,93996.97,180,78,0
2026.02.18 16:24:00,93995.14,94005.88,93995.14,94005.88,180,78,0
2026.02.18 16:21:00,93984.34,93995.08,93984.34,93995.08,180,78,0
2026.02.18 16:18:00,93991.78,93998.02,93979.84,93984.28,180,78,0
2026.02.18 16:15:00,93980.98,93991.72,93980.98,93991.72,180,78,0
2026.02.18 16:12:00,93970.18,93980.92,93970.18,93980.92,180,78,0
2026.02.18 16:09:00,93959.38,93970.12,93959.38,93970.12,180,78,0
2026.02.18 16:06:00,93948.58,93959.32,93948.58,93959.32,180,78,0
2026.02.18 16:03:00,93937.78,93948.52,93937.78,93948.52,180,78,0
2026.02.18 16:00:00,93947.14,93956.56,93936.46,93937.72,180,78,0
2026.02.18 15:57:00,93936.34,93947.08,93936.34,93947.08,180,78,0
2026.02.18 15:54:00,93954.01,93958.63,93930.22,93936.28,180,78,0
2026.02.18 15:51:00,93943.21,93953.95,93943.21,93953.95,180,78,0
2026.02.18 15:48:00,93932.41,93943.15,93932.41,93943.15,180,78,0
2026.02.18 15:45:00,93921.61,93932.35,93921.61,93932.35,180,78,0
2026.02.18 15:42:00,93910.81,93921.55,93910.81,93921.55,180,78,0
2026.02.18 15:39:00,93934.58,93938.36,93907.33,93910.75,180,78,0
2026.02.18 15:36:00,93967.09,93974.47,93931.22,93934.52,180,78,0
2026.02.18 15:33:00,93975.64,93986.26,93966.97,93967.03,180,78,0
2026.02.18 15:30:00,93984.94,93989.50,93969.46,93975.58,180,78,0
2026.02.18 15:27:00,93974.14,93984.88,93974.14,93984.88,180,78,0
2026.02.18 15:24:00,93963.34,93974.08,93963.34,93974.08,180,78,0
2026.02.18 15:21:00,93952.54,93963.28,93952.54,93963.28,180,78,0
2026.02.18 15:18:00,93941.74,93952.48,93941.74,93952.48,180,78,0
2026.02.18 15:15:00,93969.68,93979.16,93940.48,93941.68,180,78,0
2026.02.18 15:12:00,93986.33,93996.77,93969.38,93969.62,180,78,0
2026.02.18 15:09:00,93975.53,93986.27,93975.53,93986.27,180,78,0
2026.02.18 15:06:00,93964.73,93975.47,93964.73,93975.47,180,78,0
2026.02.18 15:03:00,93972.82,93975.16,93956.33,93964.67,180,78,0
2026.02.18 15:00:00,93962.02,93972.76,93962.02,93972.76,180,78,0
2026.02.18 14:57:00,93968.35,93978.55,93961.48,93961.96,180,78,0
2026.02.18 14:54:00,93970.33,93978.67,93965.95,93968.29,180,78,0
2026.02.18 14:51:00,93959.53,93970.27,93959.53,93970.27,180,78,0
2026.02.18 14:48:00,93975.49,93976.03,93949.33,93959.47,180,78,0
2026.02.18 14:45:00,93991.22,94001.72,93975.25,93975.43,180,78,0
2026.02.18 14:42:00,93980.42,93991.16,93980.42,93991.16,180,78,0
2026.02.18 14:39:00,93969.62,93980.36,93969.62,93980.36,180,78,0
2026.02.18 14:36:00,93958.82,93969.56,93958.82,93969.56,180,78,0
2026.02.18 14:33:00,93977.56,93977.98,93948.50,93958.76,180,78,0
2026.02.18 14:30:00,93966.76,93977.50,93966.76,93977.50,180,78,0
2026.02.18 14:27:00,93955.96,93966.70,93955.96,93966.70,180,78,0
2026.02.18 14:24:00,93945.16,93955.90,93945.16,93955.90,180,78,0
2026.02.18 14:21:00,93966.76,93977.50,93966.76,93977.50,180,78,0
2026.02.18 14:18:00,93955.96,93966.70,93955.96,93966.70,180,78,0
2026.02.18 14:15:00,93945.16,93955.90,93945.16,93955.90,180,78,0
2026.02.18 14:12:00,93960.75,93963.75,93937.42,93945.10,180,78,0
2026.02.18 14:09:00,93949.95,93960.69,93949.95,93960.69,180,78,0
2026.02.18 14:06:00,93939.15,93949.89,93939.15,93949.89,180,78,0
2026.02.18 14:03:00,93953.89,93958.69,93933.21,93939.09,180,78,0
2026.02.18 14:00:00,93943.09,93953.83,93943.09,93953.83,180,78,0
2026.02.18 13:57:00,93932.29,93943.03,93932.29,93943.03,180,78,0
2026.02.18 13:54:00,93940.65,93949.65,93930.55,93932.23,180,78,0
2026.02.18 13:51:00,93929.85,93940.59,93929.85,93940.59,180,78,0
2026.02.18 13:48:00,93919.05,93929.79,93919.05,93929.79,180,78,0
2026.02.18 13:45:00,93908.25,93918.99,93908.25,93918.99,180,78,0
2026.02.18 13:42:00,93910.20,93917.28,93904.59,93908.19,180,78,0
2026.02.18 13:39:00,93899.40,93910.14,93899.40,93910.14,180,78,0
2026.02.18 13:36:00,93888.60,93899.34,93888.60,93899.34,180,78,0
2026.02.18 13:33:00,93877.80,93888.54,93877.80,93888.54,180,78,0
2026.02.18 13:30:00,93907.38,93917.76,93877.74,93877.74,180,78,0
2026.02.18 13:27:00,93896.58,93907.32,93896.58,93907.32,180,78,0
2026.02.18 13:24:00,93885.78,93896.52,93885.78,93896.52,180,78,0
2026.02.18 13:21:00,93941.16,93943.92,93881.94,93885.72,180,78,0
2026.02.18 13:18:00,93930.36,93941.10,93930.36,93941.10,180,78,0
2026.02.18 13:15:00,93932.72,93935.54,93922.44,93930.30,180,78,0
2026.02.18 13:12:00,93921.92,93932.66,93921.92,93932.66,180,78,0
2026.02.18 13:09:00,93911.12,93921.86,93911.12,93921.86,180,78,0
2026.02.18 13:06:00,93900.32,93911.06,93900.32,93911.06,180,78,0
2026.02.18 13:03:00,93889.52,93900.26,93889.52,93900.26,180,78,0
2026.02.18 13:00:00,93878.72,93889.46,93878.72,93889.46,180,78,0
2026.02.18 12:57:00,93867.92,93878.66,93867.92,93878.66,180,78,0
2026.02.18 12:54:00,93857.12,93867.86,93857.12,93867.86,180,78,0
2026.02.18 12:51:00,93846.32,93857.06,93846.32,93857.06,180,78,0
2026.02.18 12:48:00,93868.12,93869.56,93845.66,93846.26,180,78,0
2026.02.18 12:45:00,93857.32,93868.06,93857.32,93868.06,180,78,0
2026.02.18 12:42:00,93846.52,93857.26,93846.52,93857.26,180,78,0
2026.02.18 12:39:00,93835.72,93846.46,93835.72,93846.46,180,78,0
2026.02.18 12:36:00,93855.82,93864.64,93833.80,93835.66,180,78,0
2026.02.18 12:33:00,93845.02,93855.76,93845.02,93855.76,180,78,0
2026.02.18 12:30:00,93834.22,93844.96,93834.22,93844.96,180,78,0
2026.02.18 12:27:00,93841.10,93842.72,93825.10,93834.16,180,78,0
2026.02.18 12:24:00,93830.30,93841.04,93830.30,93841.04,180,78,0
2026.02.18 12:21:00,93819.50,93830.24,93819.50,93830.24,180,78,0
2026.02.18 12:18:00,93827.38,93832.36,93813.74,93819.44,180,78,0
2026.02.18 12:15:00,93816.58,93827.32,93816.58,93827.32,180,78,0
2026.02.18 12:12:00,93845.60,93845.84,93810.70,93816.52,180,78,0
2026.02.18 12:09:00,93834.80,93845.54,93834.80,93845.54,180,78,0
2026.02.18 12:06:00,93853.55,93863.51,93834.02,93834.74,180,78,0
2026.02.18 12:03:00,93842.75,93853.49,93842.75,93853.49,180,78,0
2026.02.18 12:00:00,93831.95,93842.69,93831.95,93842.69,180,78,0
2026.02.18 11:57:00,93821.15,93831.89,93821.15,93831.89,180,78,0
2026.02.18 11:54:00,93849.66,93855.72,93816.47,93821.09,180,78,0
2026.02.18 11:51:00,93875.20,93883.72,93847.44,93849.60,180,78,0
2026.02.18 11:48:00,93877.84,93883.60,93870.22,93875.14,180,78,0
2026.02.18 11:45:00,93867.04,93877.78,93867.04,93877.78,180,78,0
2026.02.18 11:42:00,93856.24,93866.98,93856.24,93866.98,180,78,0
2026.02.18 11:39:00,93845.44,93856.18,93845.44,93856.18,180,78,0
2026.02.18 11:36:00,93850.42,93857.14,93841.42,93845.38,180,78,0
2026.02.18 11:33:00,93839.62,93850.36,93839.62,93850.36,180,78,0
2026.02.18 11:30:00,93828.82,93839.56,93828.82,93839.56,180,78,0
2026.02.18 11:27:00,93831.77,93835.85,93822.16,93828.76,180,78,0
2026.02.18 11:24:00,93849.14,93856.52,93828.41,93831.71,180,78,0
2026.02.18 11:21:00,93838.34,93849.08,93838.34,93849.08,180,78,0
2026.02.18 11:18:00,93850.63,93859.33,93836.30,93838.28,180,78,0
2026.02.18 11:15:00,93839.83,93850.57,93839.83,93850.57,180,78,0
2026.02.18 11:12:00,93846.98,93852.50,93834.61,93839.77,180,78,0
2026.02.18 11:09:00,93836.18,93846.92,93836.18,93846.92,180,78,0
2026.02.18 11:06:00,93825.32,93836.12,93825.32,93836.12,181,78,0
2026.02.18 11:03:00,93830.33,93836.45,93820.70,93825.26,180,78,0
2026.02.18 11:00:00,93819.53,93830.27,93819.53,93830.27,180,78,0
2026.02.18 10:57:00,93830.54,93837.50,93815.75,93819.47,180,78,0
2026.02.18 10:54:00,93819.74,93830.48,93819.74,93830.48,180,78,0
2026.02.18 10:51:00,93808.94,93819.68,93808.94,93819.68,180,78,0
2026.02.18 10:48:00,93798.14,93808.88,93798.14,93808.88,180,78,0
2026.02.18 10:45:00,93787.34,93798.08,93787.34,93798.08,180,78,0
2026.02.18 10:42:00,93776.54,93787.28,93776.54,93787.28,180,78,0
2026.02.18 10:39:00,93765.74,93776.48,93765.74,93776.48,180,78,0
2026.02.18 10:36:00,93754.94,93765.68,93754.94,93765.68,180,78,0
2026.02.18 10:33:00,93744.14,93754.88,93744.14,93754.88,180,78,0
2026.02.18 10:30:00,93733.34,93744.08,93733.34,93744.08,180,78,0
2026.02.18 10:27:00,93722.54,93733.28,93722.54,93733.28,180,78,0
2026.02.18 10:24:00,93711.74,93722.48,93711.74,93722.48,180,78,0
2026.02.18 10:21:00,93700.94,93711.68,93700.94,93711.68,180,78,0
2026.02.18 10:18:00,93690.14,93700.88,93690.14,93700.88,180,78,0
2026.02.18 10:15:00,93709.14,93719.70,93689.96,93690.08,180,78,0
2026.02.18 10:12:00,93721.90,93726.46,93702.96,93709.08,180,78,0
2026.02.18 10:09:00,93743.50,93751.66,93719.32,93721.84,180,78,0
2026.02.18 10:06:00,93732.70,93743.44,93732.70,93743.44,180,78,0
2026.02.18 10:03:00,93721.90,93732.64,93721.90,93732.64,180,78,0
2026.02.18 10:00:00,93711.10,93721.84,93711.10,93721.84,180,78,0
2026.02.18 09:57:00,93700.30,93711.04,93700.30,93711.04,180,78,0
2026.02.18 09:54:00,93710.99,93711.29,93689.86,93700.24,180,78,0
2026.02.18 09:51:00,93766.99,93767.89,93710.15,93710.93,180,78,0
2026.02.18 09:48:00,93756.19,93766.93,93756.19,93766.93,180,78,0
2026.02.18 09:45:00,93745.39,93756.13,93745.39,93756.13,180,78,0
2026.02.18 09:42:00,93734.59,93745.33,93734.59,93745.33,180,78,0
2026.02.18 09:39:00,93723.79,93734.53,93723.79,93734.53,180,78,0
2026.02.18 09:36:00,93754.60,93759.16,93717.91,93723.73,180,78,0
2026.02.18 09:33:00,93743.80,93754.54,93743.80,93754.54,180,78,0
2026.02.18 09:30:00,93757.87,93757.93,93733.12,93743.74,180,78,0
2026.02.18 09:27:00,93747.07,93757.81,93747.07,93757.81,180,78,0
2026.02.18 09:24:00,93736.27,93747.01,93736.27,93747.01,180,78,0
2026.02.18 09:21:00,93725.47,93736.21,93725.47,93736.21,180,78,0
2026.02.18 09:18:00,93755.36,93765.50,93724.87,93725.41,180,78,0
2026.02.18 09:15:00,93744.56,93755.30,93744.56,93755.30,180,78,0
2026.02.18 09:12:00,93733.76,93744.50,93733.76,93744.50,180,78,0
2026.02.18 09:09:00,93722.96,93733.70,93722.96,93733.70,180,78,0
2026.02.18 09:06:00,93733.00,93743.08,93722.30,93722.90,180,78,0
2026.02.18 09:03:00,93754.41,93755.13,93725.26,93732.94,180,78,0
2026.02.18 09:00:00,93759.64,93767.74,93751.77,93754.35,180,78,0
2026.02.18 08:57:00,93748.84,93759.58,93748.84,93759.58,180,78,0
2026.02.18 08:54:00,93738.04,93748.78,93738.04,93748.78,180,78,0
2026.02.18 08:51:00,93727.24,93737.98,93727.24,93737.98,180,78,0
2026.02.18 08:48:00,93716.44,93727.18,93716.44,93727.18,180,78,0
2026.02.18 08:45:00,93705.64,93716.38,93705.64,93716.38,180,78,0
2026.02.18 08:42:00,93694.84,93705.58,93694.84,93705.58,180,78,0
2026.02.18 08:39:00,93684.04,93694.78,93684.04,93694.78,180,78,0
2026.02.18 08:36:00,93700.94,93703.34,93675.70,93683.98,180,78,0
2026.02.18 08:33:00,93690.14,93700.88,93690.14,93700.88,180,78,0
2026.02.18 08:30:00,93679.34,93690.08,93679.34,93690.08,180,78,0
2026.02.18 08:27:00,93668.54,93679.28,93668.54,93679.28,180,78,0
2026.02.18 08:24:00,93657.74,93668.48,93657.74,93668.48,180,78,0
2026.02.18 08:21:00,93727.48,93731.02,93652.76,93657.68,180,78,0
2026.02.18 08:18:00,93716.68,93727.42,93716.68,93727.42,180,78,0
2026.02.18 08:15:00,93750.91,93753.55,93712.54,93716.62,180,78,0
2026.02.18 08:12:00,93764.33,93768.47,93744.31,93750.85,180,78,0
2026.02.18 08:09:00,93753.53,93764.27,93753.53,93764.27,180,78,0
2026.02.18 08:06:00,93742.73,93753.47,93742.73,93753.47,180,78,0
2026.02.18 08:03:00,93731.93,93742.67,93731.93,93742.67,180,78,0
2026.02.18 08:00:00,93721.13,93731.87,93721.13,93731.87,180,78,0
2026.02.18 07:57:00,93710.33,93721.07,93710.33,93721.07,180,78,0
2026.02.18 07:54:00,93756.09,93763.47,93709.13,93710.27,180,78,0
2026.02.18 07:51:00,93745.29,93756.03,93745.29,93756.03,180,78,0
2026.02.18 07:48:00,93734.49,93745.23,93734.49,93745.23,180,78,0
2026.02.18 07:45:00,93723.69,93734.43,93723.69,93734.43,180,78,0
2026.02.18 07:42:00,93712.89,93723.63,93712.89,93723.63,180,78,0
2026.02.18 07:39:00,93702.09,93712.83,93702.09,93712.83,180,78,0
2026.02.18 07:36:00,93691.29,93702.03,93691.29,93702.03,180,78,0
2026.02.18 07:33:00,93680.49,93691.23,93680.49,93691.23,180,78,0
2026.02.18 07:30:00,93669.69,93680.43,93669.69,93680.43,180,78,0
2026.02.18 07:27:00,93714.59,93714.59,93667.05,93669.63,180,78,0
2026.02.18 07:24:00,93731.92,93742.54,93714.47,93714.53,180,78,0
2026.02.18 07:21:00,93721.12,93731.86,93721.12,93731.86,180,78,0
2026.02.18 07:18:00,93710.32,93721.06,93710.32,93721.06,180,78,0
2026.02.18 07:15:00,93753.25,93753.25,93706.00,93710.26,180,78,0
2026.02.18 07:12:00,93742.45,93753.19,93742.45,93753.19,180,78,0
2026.02.18 07:09:00,93731.65,93742.39,93731.65,93742.39,180,78,0
2026.02.18 07:06:00,93720.85,93731.59,93720.85,93731.59,180,78,0
2026.02.18 07:03:00,93739.44,93749.94,93720.61,93720.79,180,78,0
2026.02.18 07:00:00,93775.21,93782.11,93735.60,93739.38,180,78,0
2026.02.18 06:57:00,93764.41,93775.15,93764.41,93775.15,180,78,0
2026.02.18 06:54:00,93784.34,93793.10,93762.43,93764.35,180,78,0
2026.02.18 06:51:00,93773.54,93784.28,93773.54,93784.28,180,78,0
2026.02.18 06:48:00,93762.74,93773.48,93762.74,93773.48,180,78,0
2026.02.18 06:45:00,93824.30,93828.20,93758.60,93762.68,180,78,0
2026.02.18 06:42:00,93837.08,93840.56,93817.04,93824.24,180,78,0
2026.02.18 06:39:00,93845.74,93853.30,93833.90,93837.02,180,78,0
2026.02.18 06:36:00,93834.94,93845.68,93834.94,93845.68,180,78,0
2026.02.18 06:33:00,93853.24,93863.20,93834.16,93834.88,180,78,0
2026.02.18 06:30:00,93863.36,93868.58,93847.72,93853.18,180,78,0
2026.02.18 06:27:00,93867.22,93874.12,93859.52,93863.30,180,78,0
2026.02.18 06:24:00,93856.42,93867.16,93856.42,93867.16,180,78,0
2026.02.18 06:21:00,93845.62,93856.36,93845.62,93856.36,180,78,0
2026.02.18 06:18:00,93834.82,93845.56,93834.82,93845.56,180,78,0
2026.02.18 06:15:00,93824.02,93834.76,93824.02,93834.76,180,78,0
2026.02.18 06:12:00,93813.22,93823.96,93813.22,93823.96,180,78,0
2026.02.18 06:09:00,93802.42,93813.16,93802.42,93813.16,180,78,0
2026.02.18 06:06:00,93791.62,93802.36,93791.62,93802.36,180,78,0
2026.02.18 06:03:00,93780.82,93791.56,93780.82,93791.56,180,78,0
2026.02.18 06:00:00,93770.02,93780.76,93770.02,93780.76,180,78,0
2026.02.18 05:57:00,93773.78,93784.34,93769.84,93769.96,180,78,0
2026.02.18 05:54:00,93762.98,93773.72,93762.98,93773.72,180,78,0
2026.02.18 05:51:00,93764.33,93769.67,93757.58,93762.92,180,78,0
2026.02.18 05:48:00,93753.53,93764.27,93753.53,93764.27,180,78,0
2026.02.18 05:45:00,93742.73,93753.47,93742.73,93753.47,180,78,0
2026.02.18 05:42:00,93731.93,93742.67,93731.93,93742.67,180,78,0
2026.02.18 05:39:00,93749.13,93757.29,93729.35,93731.87,180,78,0
2026.02.18 05:36:00,93738.33,93749.07,93738.33,93749.07,180,78,0
2026.02.18 05:33:00,93727.53,93738.27,93727.53,93738.27,180,78,0
2026.02.18 05:30:00,93716.73,93727.47,93716.73,93727.47,180,78,0
2026.02.18 05:27:00,93705.93,93716.67,93705.93,93716.67,180,78,0
2026.02.18 05:24:00,93695.13,93705.87,93695.13,93705.87,180,78,0
2026.02.18 05:21:00,93684.33,93695.07,93684.33,93695.07,180,78,0
2026.02.18 05:18:00,93673.53,93684.27,93673.53,93684.27,180,78,0
2026.02.18 05:15:00,93662.73,93673.47,93662.73,93673.47,180,78,0
2026.02.18 05:12:00,93730.20,93731.64,93656.61,93662.67,180,78,0
2026.02.18 05:09:00,93719.40,93730.14,93719.40,93730.14,180,78,0
2026.02.18 05:06:00,93708.60,93719.34,93708.60,93719.34,180,78,0
2026.02.18 05:03:00,93717.98,93718.46,93698.34,93708.54,180,78,0
2026.02.18 05:00:00,93735.69,93735.93,93707.48,93717.92,180,78,0
2026.02.18 04:57:00,93738.27,93738.57,93725.25,93735.63,180,78,0
2026.02.18 04:54:00,93727.47,93738.21,93727.47,93738.21,180,78,0
2026.02.18 04:51:00,93716.67,93727.41,93716.67,93727.41,180,78,0
2026.02.18 04:48:00,93705.87,93716.61,93705.87,93716.61,180,78,0
2026.02.18 04:45:00,93695.07,93705.81,93695.07,93705.81,180,78,0
2026.02.18 04:42:00,93708.75,93715.11,93690.69,93695.01,180,78,0
2026.02.18 04:39:00,93697.95,93708.69,93697.95,93708.69,180,78,0
2026.02.18 04:36:00,93713.51,93723.17,93696.87,93697.89,180,78,0
2026.02.18 04:33:00,93715.94,93716.00,93702.83,93713.45,180,78,0
2026.02.18 04:30:00,93705.14,93715.88,93705.14,93715.88,180,78,0
2026.02.18 04:27:00,93752.63,93754.91,93699.32,93705.08,180,78,0
2026.02.18 04:24:00,93777.68,93784.64,93749.51,93752.57,180,78,0
2026.02.18 04:21:00,93793.44,93796.80,93770.30,93777.62,180,78,0
2026.02.18 04:18:00,93782.64,93793.38,93782.64,93793.38,180,78,0
2026.02.18 04:15:00,93771.84,93782.58,93771.84,93782.58,180,78,0
2026.02.18 04:12:00,93761.04,93771.78,93761.04,93771.78,180,78,0
2026.02.18 04:09:00,93750.24,93760.98,93750.24,93760.98,180,78,0
2026.02.18 04:06:00,93776.65,93784.33,93747.18,93750.18,180,78,0
2026.02.18 04:03:00,93765.85,93776.59,93765.85,93776.59,180,78,0
2026.02.18 04:00:00,93755.05,93765.79,93755.05,93765.79,180,78,0
2026.02.18 03:57:00,93744.25,93754.99,93744.25,93754.99,180,78,0
2026.02.18 03:54:00,93733.45,93744.19,93733.45,93744.19,180,78,0
2026.02.18 03:51:00,93722.65,93733.39,93722.65,93733.39,180,78,0
2026.02.18 03:48:00,93734.93,93742.67,93719.65,93722.59,180,78,0
2026.02.18 03:45:00,93756.65,93759.95,93734.15,93734.87,180,78,0
2026.02.18 03:42:00,93745.85,93756.59,93745.85,93756.59,180,78,0
2026.02.18 03:39:00,93735.05,93745.79,93735.05,93745.79,180,78,0
2026.02.18 03:36:00,93724.25,93734.99,93724.25,93734.99,180,78,0
2026.02.18 03:33:00,93750.42,93751.56,93714.65,93724.19,180,78,0
2026.02.18 03:30:00,93757.96,93759.64,93741.36,93750.36,180,78,0
2026.02.18 03:27:00,93747.16,93757.90,93747.16,93757.90,180,78,0
2026.02.18 03:24:00,93736.36,93747.10,93736.36,93747.10,180,78,0
2026.02.18 03:21:00,93725.56,93736.30,93725.56,93736.30,180,78,0
2026.02.18 03:18:00,93714.76,93725.50,93714.76,93725.50,180,78,0
2026.02.18 03:15:00,93703.96,93714.70,93703.96,93714.70,180,78,0
2026.02.18 03:12:00,93693.16,93703.90,93693.16,93703.90,180,78,0
2026.02.18 03:09:00,93682.36,93693.10,93682.36,93693.10,180,78,0
2026.02.18 03:06:00,93705.71,93712.67,93678.58,93682.30,180,78,0
2026.02.18 03:03:00,93735.09,93743.49,93703.37,93705.65,180,78,0
2026.02.18 03:00:00,93724.29,93735.03,93724.29,93735.03,180,78,0
2026.02.18 02:57:00,93713.49,93724.23,93713.49,93724.23,180,78,0
2026.02.18 02:54:00,93702.69,93713.43,93702.69,93713.43,180,78,0
2026.02.18 02:51:00,93770.64,93772.74,93694.95,93702.63,180,78,0
2026.02.18 02:48:00,93759.84,93770.58,93759.84,93770.58,180,78,0
2026.02.18 02:45:00,93749.04,93759.78,93749.04,93759.78,180,78,0
2026.02.18 02:42:00,93811.27,93814.39,93748.38,93748.98,180,78,0
2026.02.18 02:39:00,93821.56,93827.44,93806.41,93811.21,180,78,0
2026.02.18 02:36:00,93831.71,93836.63,93815.74,93821.50,180,78,0
2026.02.18 02:33:00,93852.55,93857.23,93825.65,93831.65,180,78,0
2026.02.18 02:30:00,93841.75,93852.49,93841.75,93852.49,180,78,0
2026.02.18 02:27:00,93830.95,93841.69,93830.95,93841.69,180,78,0
2026.02.18 02:24:00,93853.28,93860.60,93827.53,93830.89,180,78,0
2026.02.18 02:21:00,93874.03,93879.37,93847.88,93853.22,180,78,0
2026.02.18 02:18:00,93863.23,93873.97,93863.23,93873.97,180,78,0
2026.02.18 02:15:00,93852.43,93863.17,93852.43,93863.17,180,78,0
2026.02.18 02:12:00,93871.57,93882.01,93852.13,93852.37,180,78,0
2026.02.18 02:09:00,93860.77,93871.51,93860.77,93871.51,180,78,0
2026.02.18 02:06:00,93849.97,93860.71,93849.97,93860.71,180,78,0
2026.02.18 02:03:00,93839.17,93849.91,93839.17,93849.91,180,78,0
2026.02.18 02:00:00,93859.07,93864.17,93833.47,93839.11,181,78,0
2026.02.18 01:57:00,93848.27,93859.01,93848.27,93859.01,180,78,0
2026.02.18 01:54:00,93851.17,93853.93,93840.29,93848.21,180,78,0
2026.02.18 01:51:00,93866.67,93867.87,93841.63,93851.11,180,78,0
2026.02.18 01:48:00,93855.87,93866.61,93855.87,93866.61,180,78,0
2026.02.18 01:45:00,93845.07,93855.81,93845.07,93855.81,180,78,0
2026.02.18 01:42:00,93834.27,93845.01,93834.27,93845.01,180,78,0
2026.02.18 01:39:00,93840.22,93846.94,93830.25,93834.21,180,78,0
2026.02.18 01:36:00,93853.11,93857.85,93834.22,93840.16,180,78,0
2026.02.18 01:33:00,93862.12,93867.34,93847.59,93853.05,180,78,0
2026.02.18 01:30:00,93906.15,93908.55,93861.82,93862.06,180,78,0
2026.02.18 01:27:00,93936.55,93941.95,93900.81,93906.09,180,78,0
2026.02.18 01:24:00,93925.75,93936.49,93925.75,93936.49,180,78,0
2026.02.18 01:21:00,93946.99,93954.13,93922.15,93925.69,180,78,0
2026.02.18 01:18:00,93936.19,93946.93,93936.19,93946.93,180,78,0
2026.02.18 01:15:00,93925.39,93936.13,93925.39,93936.13,180,78,0
2026.02.18 01:12:00,93945.49,93954.49,93923.65,93925.33,180,78,0
2026.02.18 01:09:00,93934.69,93945.43,93934.69,93945.43,180,78,0
2026.02.18 01:06:00,93953.18,93955.34,93926.11,93934.63,180,78,0
2026.02.18 01:03:00,93942.38,93953.12,93942.38,93953.12,180,78,0
2026.02.18 01:00:00,93931.58,93942.32,93931.58,93942.32,180,78,0
2026.02.18 00:57:00,93920.78,93931.52,93920.78,93931.52,180,78,0
2026.02.18 00:54:00,93941.13,93946.05,93918.14,93920.72,180,78,0
2026.02.18 00:51:00,93930.33,93941.07,93930.33,93941.07,180,78,0
2026.02.18 00:48:00,93940.94,93948.32,93926.97,93930.27,180,78,0
2026.02.18 00:45:00,93930.14,93940.88,93930.14,93940.88,180,78,0
2026.02.18 00:42:00,93942.71,93950.51,93927.20,93930.08,180,78,0
2026.02.18 00:39:00,93931.91,93942.65,93931.91,93942.65,180,78,0
2026.02.18 00:36:00,93934.72,93940.00,93926.45,93931.85,180,78,0
2026.02.18 00:33:00,93951.39,93955.65,93928.24,93934.66,180,78,0
2026.02.18 00:30:00,93965.92,93973.30,93948.03,93951.33,180,78,0
2026.02.18 00:27:00,93955.12,93965.86,93955.12,93965.86,180,78,0
2026.02.18 00:24:00,93944.32,93955.06,93944.32,93955.06,180,78,0
2026.02.18 00:21:00,93995.77,93996.31,93942.34,93944.26,180,78,0
2026.02.18 00:18:00,93984.97,93995.71,93984.97,93995.71,180,78,0
2026.02.18 00:15:00,93989.12,93989.96,93975.07,93984.91,180,78,0
2026.02.18 00:12:00,94003.98,94004.88,93979.28,93989.06,180,78,0
2026.02.18 00:09:00,93993.18,94003.92,93993.18,94003.92,180,78,0
2026.02.18 00:06:00,93982.38,93993.12,93982.38,93993.12,180,78,0
2026.02.18 00:03:00,93992.11,93994.45,93973.98,93982.32,180,78,0
2026.02.18 00:00:00,93981.31,93992.05,93981.31,93992.05,180,78,0
2026.02.17 23:57:00,94000.01,94010.03,93980.59,93981.25,180,78,0
2026.02.17 23:54:00,93989.21,93999.95,93989.21,93999.95,180,78,0
2026.02.17 23:51:00,93978.41,93989.15,93978.41,93989.15,180,78,0
2026.02.17 23:48:00,93967.61,93978.35,93967.61,93978.35,180,78,0
2026.02.17 23:45:00,93984.59,93994.37,93966.65,93967.55,180,78,0
2026.02.17 23:42:00,93973.79,93984.53,93973.79,93984.53,180,78,0
2026.02.17 23:39:00,93984.88,93992.32,93970.49,93973.73,180,78,0
2026.02.17 23:36:00,93991.95,93992.43,93974.62,93984.82,180,78,0
2026.02.17 23:33:00,93981.15,93991.89,93981.15,93991.89,180,78,0
2026.02.17 23:30:00,94059.68,94063.34,93980.73,93981.09,180,78,0
2026.02.17 23:27:00,94048.88,94059.62,94048.88,94059.62,180,78,0
2026.02.17 23:24:00,94038.08,94048.82,94038.08,94048.82,180,78,0
2026.02.17 23:21:00,94027.28,94038.02,94027.28,94038.02,180,78,0
2026.02.17 23:18:00,94016.48,94027.22,94016.48,94027.22,180,78,0
2026.02.17 23:15:00,94077.99,94082.67,94013.78,94016.42,180,78,0
2026.02.17 23:12:00,94067.19,94077.93,94067.19,94077.93,180,78,0
2026.02.17 23:09:00,94083.96,94093.38,94065.87,94067.13,180,78,0
2026.02.17 23:06:00,94114.71,94120.83,94083.24,94083.90,180,78,0
2026.02.17 23:03:00,94103.91,94114.65,94103.91,94114.65,180,78,0
2026.02.17 23:00:00,94130.31,94130.37,94093.23,94103.85,180,78,0
2026.02.17 22:57:00,94119.51,94130.25,94119.51,94130.25,180,78,0
2026.02.17 22:54:00,94108.71,94119.45,94108.71,94119.45,180,78,0
2026.02.17 22:51:00,94097.91,94108.65,94097.91,94108.65,180,78,0
2026.02.17 22:48:00,94087.11,94097.85,94087.11,94097.85,180,78,0
2026.02.17 22:45:00,94076.31,94087.05,94076.31,94087.05,180,78,0
2026.02.17 22:42:00,94065.51,94076.25,94065.51,94076.25,180,78,0
2026.02.17 22:39:00,94054.71,94065.45,94054.71,94065.45,180,78,0
2026.02.17 22:36:00,94043.91,94054.65,94043.91,94054.65,180,78,0
2026.02.17 22:33:00,94033.11,94043.85,94033.11,94043.85,180,78,0
2026.02.17 22:30:00,94022.31,94033.05,94022.31,94033.05,180,78,0
2026.02.17 22:27:00,94011.51,94022.25,94011.51,94022.25,180,78,0
2026.02.17 22:24:00,94000.71,94011.45,94000.71,94011.45,180,78,0
2026.02.17 22:21:00,93989.91,94000.65,93989.91,94000.65,180,78,0
2026.02.17 22:18:00,93993.64,94001.68,93987.21,93989.85,180,78,0
2026.02.17 22:15:00,94024.71,94028.61,93992.74,93993.58,180,78,0
2026.02.17 22:12:00,94013.91,94024.65,94013.91,94024.65,180,78,0
2026.02.17 22:09:00,94027.50,94034.22,94009.89,94013.85,180,78,0
2026.02.17 22:06:00,94016.70,94027.44,94016.70,94027.44,180,78,0
2026.02.17 22:03:00,94005.90,94016.64,94005.90,94016.64,180,78,0
2026.02.17 22:00:00,94009.33,94011.13,93996.96,94005.84,180,78,0
2026.02.17 21:57:00,94016.97,94020.75,94002.37,94009.27,180,78,0
2026.02.17 21:54:00,94006.17,94016.91,94006.17,94016.91,180,78,0
2026.02.17 21:51:00,93995.37,94006.11,93995.37,94006.11,180,78,0
2026.02.17 21:48:00,94021.45,94025.71,93991.89,93995.31,180,78,0
2026.02.17 21:45:00,94022.74,94027.48,94015.45,94021.39,180,78,0
2026.02.17 21:42:00,94011.94,94022.68,94011.94,94022.68,180,78,0
2026.02.17 21:39:00,94058.31,94063.35,94006.36,94011.88,180,78,0
2026.02.17 21:36:00,94047.51,94058.25,94047.51,94058.25,180,78,0
2026.02.17 21:33:00,94036.71,94047.45,94036.71,94047.45,180,78,0
2026.02.17 21:30:00,94041.55,94046.71,94031.13,94036.65,180,78,0
2026.02.17 21:27:00,94030.75,94041.49,94030.75,94041.49,180,78,0
2026.02.17 21:24:00,94019.95,94030.69,94019.95,94030.69,180,78,0
2026.02.17 21:21:00,94009.15,94019.89,94009.15,94019.89,180,78,0
2026.02.17 21:18:00,94013.57,94014.71,93999.55,94009.09,180,78,0
2026.02.17 21:15:00,94002.77,94013.51,94002.77,94013.51,180,78,0
2026.02.17 21:12:00,93991.97,94002.71,93991.97,94002.71,180,78,0
2026.02.17 21:09:00,93981.17,93991.91,93981.17,93991.91,180,78,0
2026.02.17 21:06:00,93990.35,93995.57,93975.65,93981.11,180,78,0
2026.02.17 21:03:00,93979.55,93990.29,93979.55,93990.29,180,78,0
2026.02.17 21:00:00,93968.75,93979.49,93968.75,93979.49,180,78,0
2026.02.17 20:57:00,93957.95,93968.69,93957.95,93968.69,180,78,0
2026.02.17 20:54:00,93970.44,93974.28,93951.05,93957.89,180,78,0
2026.02.17 20:51:00,94032.31,94032.61,93967.50,93970.38,180,78,0
2026.02.17 20:48:00,94021.51,94032.25,94021.51,94032.25,180,78,0
2026.02.17 20:45:00,94010.71,94021.45,94010.71,94021.45,180,78,0
2026.02.17 20:42:00,94016.98,94024.78,94007.77,94010.65,180,78,0
2026.02.17 20:39:00,94006.18,94016.92,94006.18,94016.92,180,78,0
2026.02.17 20:36:00,93995.38,94006.12,93995.38,94006.12,180,78,0
2026.02.17 20:33:00,93984.58,93995.32,93984.58,93995.32,180,78,0
2026.02.17 20:30:00,94009.31,94015.43,93979.96,93984.52,180,78,0
2026.02.17 20:27:00,93998.51,94009.25,93998.51,94009.25,180,78,0
2026.02.17 20:24:00,94008.69,94018.11,93997.19,93998.45,180,78,0
2026.02.17 20:21:00,93997.89,94008.63,93997.89,94008.63,180,78,0
2026.02.17 20:18:00,94002.69,94012.35,93996.81,93997.83,180,78,0
2026.02.17 20:15:00,94007.41,94017.13,94001.67,94002.63,180,78,0
2026.02.17 20:12:00,93996.61,94007.35,93996.61,94007.35,180,78,0
2026.02.17 20:09:00,94002.52,94004.08,93987.43,93996.55,180,78,0
2026.02.17 20:06:00,94047.52,94055.86,94001.20,94002.46,180,78,0
2026.02.17 20:03:00,94065.12,94071.84,94043.50,94047.46,180,78,0
2026.02.17 20:00:00,94054.32,94065.06,94054.32,94065.06,180,78,0
2026.02.17 19:57:00,94043.52,94054.26,94043.52,94054.26,180,78,0
2026.02.17 19:54:00,94032.72,94043.46,94032.72,94043.46,180,78,0
2026.02.17 19:51:00,94021.92,94032.66,94021.92,94032.66,180,78,0
2026.02.17 19:48:00,94011.12,94021.86,94011.12,94021.86,180,78,0
2026.02.17 19:45:00,94032.91,94035.31,94002.78,94011.06,180,78,0
2026.02.17 19:42:00,94038.11,94045.49,94029.55,94032.85,180,78,0
2026.02.17 19:39:00,94027.31,94038.05,94027.31,94038.05,180,78,0
2026.02.17 19:36:00,94016.51,94027.25,94016.51,94027.25,180,78,0
2026.02.17 19:33:00,94048.20,94051.08,94014.53,94016.45,180,78,0
2026.02.17 19:30:00,94037.40,94048.14,94037.40,94048.14,180,78,0
2026.02.17 19:27:00,94026.60,94037.34,94026.60,94037.34,180,78,0
2026.02.17 19:24:00,94015.80,94026.54,94015.80,94026.54,180,78,0
2026.02.17 19:21:00,94005.00,94015.74,94005.00,94015.74,180,78,0
2026.02.17 19:18:00,94036.12,94037.44,94004.76,94004.94,180,78,0
2026.02.17 19:15:00,94025.32,94036.06,94025.32,94036.06,180,78,0
2026.02.17 19:12:00,94041.28,94046.38,94019.68,94025.26,180,78,0
2026.02.17 19:09:00,94030.48,94041.22,94030.48,94041.22,180,78,0
2026.02.17 19:06:00,94033.46,94037.42,94023.70,94030.42,180,78,0
2026.02.17 19:03:00,94022.66,94033.40,94022.66,94033.40,180,78,0
2026.02.17 19:00:00,94058.04,94067.52,94021.40,94022.60,180,78,0
2026.02.17 18:57:00,94047.24,94057.98,94047.24,94057.98,180,78,0
2026.02.17 18:54:00,94082.21,94082.63,94040.82,94047.18,180,78,0
2026.02.17 18:51:00,94071.41,94082.15,94071.41,94082.15,180,78,0
2026.02.17 18:48:00,94093.83,94101.39,94068.23,94071.35,180,78,0
2026.02.17 18:45:00,94083.03,94093.77,94083.03,94093.77,180,78,0
2026.02.17 18:42:00,94072.23,94082.97,94072.23,94082.97,180,78,0
2026.02.17 18:39:00,94061.43,94072.17,94061.43,94072.17,180,78,0
2026.02.17 18:36:00,94064.23,94070.41,94056.87,94061.37,180,78,0
2026.02.17 18:33:00,94053.43,94064.17,94053.43,94064.17,180,78,0
2026.02.17 18:30:00,94061.63,94070.39,94051.45,94053.37,180,78,0
2026.02.17 18:27:00,94050.83,94061.57,94050.83,94061.57,180,78,0
2026.02.17 18:24:00,94040.03,94050.77,94040.03,94050.77,180,78,0
2026.02.17 18:21:00,94029.23,94039.97,94029.23,94039.97,180,78,0
2026.02.17 18:18:00,94018.43,94029.17,94018.43,94029.17,180,78,0
2026.02.17 18:15:00,94007.63,94018.37,94007.63,94018.37,180,78,0
2026.02.17 18:12:00,93996.83,94007.57,93996.83,94007.57,180,78,0
2026.02.17 18:09:00,93986.03,93996.77,93986.03,93996.77,180,78,0
2026.02.17 18:06:00,93975.23,93985.97,93975.23,93985.97,180,78,0
2026.02.17 18:03:00,93986.39,93993.11,93971.15,93975.17,181,78,0
2026.02.17 18:00:00,93975.65,93986.33,93975.65,93986.33,179,78,0
2026.02.17 17:57:00,93964.85,93975.59,93964.85,93975.59,180,78,0
2026.02.17 17:54:00,93954.05,93964.79,93954.05,93964.79,180,78,0
2026.02.17 17:51:00,93943.25,93953.99,93943.25,93953.99,180,78,0
2026.02.17 17:48:00,93947.38,93956.26,93941.39,93943.19,180,78,0
2026.02.17 17:45:00,93936.58,93947.32,93936.58,93947.32,180,78,0
2026.02.17 17:42:00,93925.78,93936.52,93925.78,93936.52,180,78,0
2026.02.17 17:39:00,93938.41,93948.07,93924.70,93925.72,180,78,0
2026.02.17 17:36:00,93927.61,93938.35,93927.61,93938.35,180,78,0
2026.02.17 17:33:00,93916.81,93927.55,93916.81,93927.55,180,78,0
2026.02.17 17:30:00,93906.01,93916.75,93906.01,93916.75,180,78,0
2026.02.17 17:27:00,93895.21,93905.95,93895.21,93905.95,180,78,0
2026.02.17 17:24:00,93917.17,93926.29,93893.59,93895.15,180,78,0
2026.02.17 17:21:00,93939.80,93948.26,93916.75,93917.11,180,78,0
2026.02.17 17:18:00,93929.00,93939.74,93929.00,93939.74,180,78,0
2026.02.17 17:15:00,93943.01,93943.61,93918.86,93928.94,180,78,0
2026.02.17 17:12:00,93932.21,93942.95,93932.21,93942.95,180,78,0
2026.02.17 17:09:00,93921.41,93932.15,93921.41,93932.15,180,78,0
2026.02.17 17:06:00,93910.55,93921.35,93910.55,93921.35,181,78,0
2026.02.17 17:03:00,93899.81,93910.49,93899.81,93910.49,179,78,0
2026.02.17 17:00:00,93888.95,93899.75,93888.95,93899.75,181,78,0
2026.02.17 16:57:00,93878.15,93888.89,93878.15,93888.89,180,78,0
2026.02.17 16:54:00,93867.35,93878.09,93867.35,93878.09,180,78,0
2026.02.17 16:51:00,93856.55,93867.29,93856.55,93867.29,180,78,0
2026.02.17 16:48:00,93845.75,93856.49,93845.75,93856.49,180,78,0
2026.02.17 16:45:00,93834.95,93845.69,93834.95,93845.69,180,78,0
2026.02.17 16:42:00,93858.93,93860.79,93826.07,93834.89,180,78,0
2026.02.17 16:39:00,93865.98,93874.62,93856.83,93858.87,180,78,0
2026.02.17 16:36:00,93855.18,93865.92,93855.18,93865.92,180,78,0
2026.02.17 16:33:00,93894.13,93895.09,93848.34,93855.12,180,78,0
2026.02.17 16:30:00,93883.33,93894.07,93883.33,93894.07,180,78,0
2026.02.17 16:27:00,93872.53,93883.27,93872.53,93883.27,180,78,0
2026.02.17 16:24:00,93861.73,93872.47,93861.73,93872.47,180,78,0
2026.02.17 16:21:00,93850.93,93861.67,93850.93,93861.67,180,78,0
2026.02.17 16:18:00,93840.13,93850.87,93840.13,93850.87,180,78,0
2026.02.17 16:15:00,93883.45,93886.09,93837.43,93840.07,180,78,0
2026.02.17 16:12:00,93885.59,93893.75,93880.87,93883.39,180,78,0
2026.02.17 16:09:00,93874.79,93885.53,93874.79,93885.53,180,78,0
2026.02.17 16:06:00,93863.99,93874.73,93863.99,93874.73,180,78,0
2026.02.17 16:03:00,93878.16,93878.16,93853.25,93863.93,180,78,0
2026.02.17 16:00:00,93903.17,93907.43,93871.68,93878.10,180,78,0
2026.02.17 15:57:00,93911.76,93921.12,93901.79,93903.11,180,78,0
2026.02.17 15:54:00,93900.96,93911.70,93900.96,93911.70,180,78,0
2026.02.17 15:51:00,93918.99,93919.41,93890.64,93900.90,180,78,0
2026.02.17 15:48:00,93940.27,93943.57,93912.69,93918.93,180,78,0
2026.02.17 15:45:00,93954.16,93964.90,93954.16,93964.90,180,78,0
2026.02.17 15:42:00,93943.36,93954.10,93943.36,93954.10,180,78,0
2026.02.17 15:39:00,93956.28,93959.64,93935.98,93943.30,180,78,0
2026.02.17 15:36:00,93963.37,93967.63,93949.80,93956.22,180,78,0
2026.02.17 15:33:00,93972.17,93981.77,93962.23,93963.31,180,78,0
2026.02.17 15:30:00,93961.37,93972.11,93961.37,93972.11,180,78,0
2026.02.17 15:27:00,93950.57,93961.31,93950.57,93961.31,180,78,0
2026.02.17 15:24:00,94014.78,94014.84,93950.45,93950.51,180,78,0
2026.02.17 15:21:00,94032.25,94035.25,94007.04,94014.72,180,78,0
2026.02.17 15:18:00,94021.45,94032.19,94021.45,94032.19,180,78,0
2026.02.17 15:15:00,94010.65,94021.39,94010.65,94021.39,180,78,0
2026.02.17 15:12:00,94018.79,94028.63,94009.75,94010.59,180,78,0
2026.02.17 15:09:00,94007.99,94018.73,94007.99,94018.73,180,78,0
2026.02.17 15:06:00,93997.19,94007.93,93997.19,94007.93,180,78,0
2026.02.17 15:03:00,93986.39,93997.13,93986.39,93997.13,180,78,0
2026.02.17 15:00:00,93975.59,93986.33,93975.59,93986.33,180,78,0
2026.02.17 14:57:00,93964.79,93975.53,93964.79,93975.53,180,78,0
2026.02.17 14:54:00,93972.35,93979.79,93961.49,93964.73,180,78,0
2026.02.17 14:51:00,93961.55,93972.29,93961.55,93972.29,180,78,0
2026.02.17 14:48:00,93950.75,93961.49,93950.75,93961.49,180,78,0
2026.02.17 14:45:00,93939.95,93950.69,93939.95,93950.69,180,78,0
2026.02.17 14:42:00,93929.15,93939.89,93929.15,93939.89,180,78,0
2026.02.17 14:39:00,93918.35,93929.09,93918.35,93929.09,180,78,0
2026.02.17 14:36:00,93943.48,93948.10,93912.23,93918.29,180,78,0
2026.02.17 14:33:00,93945.16,93955.66,93943.24,93943.42,180,78,0
2026.02.17 14:30:00,93959.29,93966.37,93941.50,93945.10,180,78,0
2026.02.17 14:27:00,93948.49,93959.23,93948.49,93959.23,180,78,0
2026.02.17 14:24:00,93952.29,93952.59,93938.05,93948.43,180,78,0
2026.02.17 14:21:00,93966.94,93977.44,93952.05,93952.23,180,78,0
2026.02.17 14:18:00,93956.14,93966.88,93956.14,93966.88,180,78,0
2026.02.17 14:15:00,93962.96,93967.46,93949.90,93956.08,180,78,0
2026.02.17 14:12:00,93983.46,93988.74,93957.50,93962.90,180,78,0
2026.02.17 14:09:00,93972.66,93983.40,93972.66,93983.40,180,78,0
2026.02.17 14:06:00,93987.27,93994.05,93968.70,93972.60,180,78,0
2026.02.17 14:03:00,93999.75,94001.97,93978.75,93987.21,180,78,0
2026.02.17 14:00:00,93988.95,93999.69,93988.95,93999.69,180,78,0
2026.02.17 13:57:00,93991.38,93999.18,93986.01,93988.89,180,78,0
2026.02.17 13:54:00,93980.58,93991.32,93980.58,93991.32,180,78,0
2026.02.17 13:51:00,93969.78,93980.52,93969.78,93980.52,180,78,0
2026.02.17 13:48:00,93958.98,93969.72,93958.98,93969.72,180,78,0
2026.02.17 13:45:00,93948.18,93958.92,93948.18,93958.92,180,78,0
2026.02.17 13:42:00,93937.38,93948.12,93937.38,93948.12,180,78,0
2026.02.17 13:39:00,93926.58,93937.32,93926.58,93937.32,180,78,0
2026.02.17 13:36:00,93985.81,93989.17,93923.70,93926.52,180,78,0
2026.02.17 13:33:00,93975.01,93985.75,93975.01,93985.75,180,78,0
2026.02.17 13:30:00,93988.00,93996.10,93972.37,93974.95,180,78,0
2026.02.17 13:27:00,93977.20,93987.94,93977.20,93987.94,180,78,0
2026.02.17 13:24:00,93966.40,93977.14,93966.40,93977.14,180,78,0
2026.02.17 13:21:00,93955.60,93966.34,93955.60,93966.34,180,78,0
2026.02.17 13:18:00,93944.80,93955.54,93944.80,93955.54,180,78,0
2026.02.17 13:15:00,93951.35,93956.69,93939.40,93944.74,180,78,0
2026.02.17 13:12:00,93940.55,93951.29,93940.55,93951.29,180,78,0
2026.02.17 13:09:00,93929.75,93940.49,93929.75,93940.49,180,78,0
2026.02.17 13:06:00,93918.95,93929.69,93918.95,93929.69,180,78,0
2026.02.17 13:03:00,93908.15,93918.89,93908.15,93918.89,180,78,0
2026.02.17 13:00:00,93920.31,93930.57,93907.67,93908.09,180,78,0
2026.02.17 12:57:00,93909.51,93920.25,93909.51,93920.25,180,78,0
2026.02.17 12:54:00,93898.71,93909.45,93898.71,93909.45,180,78,0
2026.02.17 12:51:00,93940.11,93942.21,93898.47,93898.65,180,78,0
2026.02.17 12:48:00,93961.66,93963.34,93936.33,93940.05,180,78,0
2026.02.17 12:45:00,93950.86,93961.60,93950.86,93961.60,180,78,0
2026.02.17 12:42:00,93940.06,93950.80,93940.06,93950.80,180,78,0
2026.02.17 12:39:00,93929.26,93940.00,93929.26,93940.00,180,78,0
2026.02.17 12:36:00,93918.46,93929.20,93918.46,93929.20,180,78,0
2026.02.17 12:33:00,93907.66,93918.40,93907.66,93918.40,180,78,0
2026.02.17 12:30:00,93916.17,93926.01,93906.76,93907.60,180,78,0
2026.02.17 12:27:00,93937.17,93943.53,93911.79,93916.11,180,78,0
2026.02.17 12:24:00,93926.37,93937.11,93926.37,93937.11,180,78,0
2026.02.17 12:21:00,93915.57,93926.31,93915.57,93926.31,180,78,0
2026.02.17 12:18:00,93904.77,93915.51,93904.77,93915.51,180,78,0
2026.02.17 12:15:00,93893.97,93904.71,93893.97,93904.71,180,78,0
2026.02.17 12:12:00,93883.17,93893.91,93883.17,93893.91,180,78,0
2026.02.17 12:09:00,93872.37,93883.11,93872.37,93883.11,180,78,0
2026.02.17 12:06:00,93861.57,93872.31,93861.57,93872.31,180,78,0
2026.02.17 12:03:00,93850.77,93861.51,93850.77,93861.51,180,78,0
2026.02.17 12:00:00,93875.94,93879.90,93843.99,93850.71,180,78,0
2026.02.17 11:57:00,93892.49,93900.05,93872.76,93875.88,180,78,0
2026.02.17 11:54:00,93901.98,93910.26,93890.03,93892.43,180,78,0
2026.02.17 11:51:00,93891.18,93901.92,93891.18,93901.92,180,78,0
2026.02.17 11:48:00,93880.38,93891.12,93880.38,93891.12,180,78,0
2026.02.17 11:45:00,93869.58,93880.32,93869.58,93880.32,180,78,0
2026.02.17 11:42:00,93858.78,93869.52,93858.78,93869.52,180,78,0
2026.02.17 11:39:00,93910.96,93916.96,93856.14,93858.72,180,78,0
2026.02.17 11:36:00,93942.13,93942.73,93909.16,93910.90,180,78,0
2026.02.17 11:33:00,93949.17,93952.17,93934.39,93942.07,180,78,0
2026.02.17 11:30:00,93989.47,93994.87,93948.87,93949.11,180,78,0
2026.02.17 11:27:00,93978.67,93989.41,93978.67,93989.41,180,78,0
2026.02.17 11:24:00,93993.38,94003.94,93978.49,93978.61,180,78,0
2026.02.17 11:21:00,94010.93,94017.35,93989.06,93993.32,180,78,0
2026.02.17 11:18:00,94017.18,94022.34,94005.35,94010.87,180,78,0
2026.02.17 11:15:00,94023.84,94030.08,94012.68,94017.12,180,78,0
2026.02.17 11:12:00,94039.96,94042.84,94015.98,94023.78,180,78,0
2026.02.17 11:09:00,94084.15,94086.37,94034.50,94039.90,180,78,0
2026.02.17 11:06:00,94073.35,94084.09,94073.35,94084.09,180,78,0
2026.02.17 11:03:00,94121.62,94124.20,94071.85,94073.29,180,78,0
2026.02.17 11:00:00,94110.82,94121.56,94110.82,94121.56,180,78,0
2026.02.17 10:57:00,94117.56,94126.32,94108.84,94110.76,180,78,0
2026.02.17 10:54:00,94106.76,94117.50,94106.76,94117.50,180,78,0
2026.02.17 10:51:00,94121.51,94126.73,94101.24,94106.70,180,78,0
2026.02.17 10:48:00,94110.71,94121.45,94110.71,94121.45,180,78,0
2026.02.17 10:45:00,94099.91,94110.65,94099.91,94110.65,180,78,0
2026.02.17 10:42:00,94089.11,94099.85,94089.11,94099.85,180,78,0
2026.02.17 10:39:00,94078.31,94089.05,94078.31,94089.05,180,78,0
2026.02.17 10:36:00,94097.01,94107.15,94077.71,94078.25,180,78,0
2026.02.17 10:33:00,94108.05,94113.69,94091.91,94096.95,180,78,0
2026.02.17 10:30:00,94097.25,94107.99,94097.25,94107.99,180,78,0
2026.02.17 10:27:00,94086.45,94097.19,94086.45,94097.19,180,78,0
2026.02.17 10:24:00,94075.65,94086.39,94075.65,94086.39,180,78,0
2026.02.17 10:21:00,94101.75,94103.01,94069.05,94075.59,180,78,0
2026.02.17 10:18:00,94090.95,94101.69,94090.95,94101.69,180,78,0
2026.02.17 10:15:00,94080.15,94090.89,94080.15,94090.89,180,78,0
2026.02.17 10:12:00,94069.35,94080.09,94069.35,94080.09,180,78,0
2026.02.17 10:09:00,94077.94,94085.20,94065.87,94069.29,180,78,0
2026.02.17 10:06:00,94086.25,94086.49,94067.44,94077.88,180,78,0
2026.02.17 10:03:00,94099.95,94108.77,94084.33,94086.19,180,78,0
2026.02.17 10:00:00,94089.15,94099.89,94089.15,94099.89,180,78,0
2026.02.17 09:57:00,94097.76,94099.56,94080.21,94089.09,180,78,0
2026.02.17 09:54:00,94086.96,94097.70,94086.96,94097.70,180,78,0
2026.02.17 09:51:00,94120.80,94121.16,94077.90,94086.90,180,78,0
2026.02.17 09:48:00,94162.14,94167.18,94119.96,94120.74,180,78,0
2026.02.17 09:45:00,94151.34,94162.08,94151.34,94162.08,180,78,0
2026.02.17 09:42:00,94154.24,94156.40,94142.76,94151.28,180,78,0
2026.02.17 09:39:00,94143.44,94154.18,94143.44,94154.18,180,78,0
2026.02.17 09:36:00,94132.64,94143.38,94132.64,94143.38,180,78,0
2026.02.17 09:33:00,94121.84,94132.58,94121.84,94132.58,180,78,0
2026.02.17 09:30:00,94111.04,94121.78,94111.04,94121.78,180,78,0
2026.02.17 09:27:00,94129.64,94132.76,94103.42,94110.98,180,78,0
2026.02.17 09:24:00,94118.84,94129.58,94118.84,94129.58,180,78,0
2026.02.17 09:21:00,94108.04,94118.78,94108.04,94118.78,180,78,0
2026.02.17 09:18:00,94125.38,94128.44,94100.36,94107.98,180,78,0
2026.02.17 09:15:00,94134.28,94140.88,94121.24,94125.32,180,78,0
2026.02.17 09:12:00,94143.09,94144.29,94124.74,94134.22,180,78,0
2026.02.17 09:09:00,94167.10,94167.88,94133.13,94143.03,180,78,0
2026.02.17 09:06:00,94177.12,94183.90,94163.14,94167.04,180,78,0
2026.02.17 09:03:00,94166.32,94177.06,94166.32,94177.06,180,78,0
2026.02.17 09:00:00,94172.99,94174.07,94156.66,94166.26,180,78,0
2026.02.17 08:57:00,94162.19,94172.93,94162.19,94172.93,180,78,0
2026.02.17 08:54:00,94151.39,94162.13,94151.39,94162.13,180,78,0
2026.02.17 08:51:00,94172.06,94181.54,94150.13,94151.33,180,78,0
2026.02.17 08:48:00,94161.26,94172.00,94161.26,94172.00,180,78,0
2026.02.17 08:45:00,94150.46,94161.20,94150.46,94161.20,180,78,0
2026.02.17 08:42:00,94139.66,94150.40,94139.66,94150.40,180,78,0
2026.02.17 08:39:00,94149.72,94150.50,94129.70,94139.60,180,78,0
2026.02.17 08:36:00,94138.92,94149.66,94138.92,94149.66,180,78,0
2026.02.17 08:33:00,94157.97,94165.83,94136.04,94138.86,180,78,0
2026.02.17 08:30:00,94147.17,94157.91,94147.17,94157.91,180,78,0
2026.02.17 08:27:00,94136.37,94147.11,94136.37,94147.11,180,78,0
2026.02.17 08:24:00,94125.57,94136.31,94125.57,94136.31,180,78,0
2026.02.17 08:21:00,94114.77,94125.51,94114.77,94125.51,180,78,0
2026.02.17 08:18:00,94103.97,94114.71,94103.97,94114.71,180,78,0
2026.02.17 08:15:00,94093.17,94103.91,94093.17,94103.91,180,78,0
2026.02.17 08:12:00,94082.37,94093.11,94082.37,94093.11,180,78,0
2026.02.17 08:09:00,94071.57,94082.31,94071.57,94082.31,180,78,0
2026.02.17 08:06:00,94060.77,94071.51,94060.77,94071.51,180,78,0
2026.02.17 08:03:00,94049.97,94060.71,94049.97,94060.71,180,78,0
2026.02.17 08:00:00,94039.11,94049.91,94039.11,94049.91,181,78,0
2026.02.17 07:57:00,94049.47,94056.31,94035.21,94039.05,180,78,0
2026.02.17 07:54:00,94038.67,94049.41,94038.67,94049.41,180,78,0
2026.02.17 07:51:00,94027.87,94038.61,94027.87,94038.61,180,78,0
2026.02.17 07:48:00,94017.07,94027.81,94017.07,94027.81,180,78,0
2026.02.17 07:45:00,94037.89,94046.53,94014.97,94017.01,180,78,0
2026.02.17 07:42:00,94046.51,94056.29,94036.93,94037.83,180,78,0
2026.02.17 07:39:00,94035.71,94046.45,94035.71,94046.45,180,78,0
2026.02.17 07:36:00,94039.06,94041.70,94027.61,94035.65,180,78,0
2026.02.17 07:33:00,94044.61,94049.05,94032.76,94039.00,180,78,0
2026.02.17 07:30:00,94033.81,94044.55,94033.81,94044.55,180,78,0
2026.02.17 07:27:00,94051.76,94059.20,94030.51,94033.75,180,78,0
2026.02.17 07:24:00,94040.96,94051.70,94040.96,94051.70,180,78,0
2026.02.17 07:21:00,94030.16,94040.90,94030.16,94040.90,180,78,0
2026.02.17 07:18:00,94019.36,94030.10,94019.36,94030.10,180,78,0
2026.02.17 07:15:00,94008.56,94019.30,94008.56,94019.30,180,78,0
2026.02.17 07:12:00,93997.76,94008.50,93997.76,94008.50,180,78,0
2026.02.17 07:09:00,93986.96,93997.70,93986.96,93997.70,180,78,0
2026.02.17 07:06:00,93976.16,93986.90,93976.16,93986.90,180,78,0
2026.02.17 07:03:00,93996.02,93998.78,93968.18,93976.10,180,78,0
2026.02.17 07:00:00,94016.24,94026.32,93995.36,93995.96,180,78,0
2026.02.17 06:57:00,94005.44,94016.18,94005.44,94016.18,180,78,0
2026.02.17 06:54:00,93994.64,94005.38,93994.64,94005.38,180,78,0
2026.02.17 06:51:00,93983.84,93994.58,93983.84,93994.58,180,78,0
2026.02.17 06:48:00,93973.04,93983.78,93973.04,93983.78,180,78,0
2026.02.17 06:45:00,93986.20,93987.16,93963.26,93972.98,180,78,0
2026.02.17 06:42:00,93998.58,94004.94,93981.82,93986.14,180,78,0
2026.02.17 06:39:00,93987.78,93998.52,93987.78,93998.52,180,78,0
2026.02.17 06:36:00,93996.84,93999.60,93979.80,93987.72,180,78,0
2026.02.17 06:33:00,94007.21,94008.83,93987.72,93996.78,180,78,0
2026.02.17 06:30:00,93996.41,94007.15,93996.41,94007.15,180,78,0
2026.02.17 06:27:00,94005.05,94008.05,93988.67,93996.35,180,78,0
2026.02.17 06:24:00,93994.25,94004.99,93994.25,94004.99,180,78,0
2026.02.17 06:21:00,93983.45,93994.19,93983.45,93994.19,180,78,0
2026.02.17 06:18:00,93972.65,93983.39,93972.65,93983.39,180,78,0
2026.02.17 06:15:00,93961.85,93972.59,93961.85,93972.59,180,78,0
2026.02.17 06:12:00,93982.55,93990.35,93958.91,93961.79,180,78,0
2026.02.17 06:09:00,94003.42,94004.74,93973.13,93982.49,180,78,0
2026.02.17 06:06:00,93992.62,94003.36,93992.62,94003.36,180,78,0
2026.02.17 06:03:00,93981.82,93992.56,93981.82,93992.56,180,78,0
2026.02.17 06:00:00,93994.75,93999.25,93975.58,93981.76,180,78,0
2026.02.17 05:57:00,93983.95,93994.69,93983.95,93994.69,180,78,0
2026.02.17 05:54:00,94000.23,94008.39,93981.37,93983.89,180,78,0
2026.02.17 05:51:00,94015.45,94025.11,93999.15,94000.17,180,78,0
2026.02.17 05:48:00,94004.65,94015.39,94004.65,94015.39,180,78,0
2026.02.17 05:45:00,93993.85,94004.59,93993.85,94004.59,180,78,0
2026.02.17 05:42:00,93983.05,93993.79,93983.05,93993.79,180,78,0
2026.02.17 05:39:00,93972.25,93982.99,93972.25,93982.99,180,78,0
2026.02.17 05:36:00,93961.45,93972.19,93961.45,93972.19,180,78,0
2026.02.17 05:33:00,93980.48,93986.36,93956.59,93961.39,180,78,0
2026.02.17 05:30:00,93982.10,93984.44,93972.08,93980.42,180,78,0
2026.02.17 05:27:00,93971.30,93982.04,93971.30,93982.04,180,78,0
2026.02.17 05:24:00,93960.50,93971.24,93960.50,93971.24,180,78,0
2026.02.17 05:21:00,93949.70,93960.44,93949.70,93960.44,180,78,0
2026.02.17 05:18:00,93938.90,93949.64,93938.90,93949.64,180,78,0
2026.02.17 05:15:00,93928.10,93938.84,93928.10,93938.84,180,78,0
2026.02.17 05:12:00,93917.30,93928.04,93917.30,93928.04,180,78,0
2026.02.17 05:09:00,93906.50,93917.24,93906.50,93917.24,180,78,0
2026.02.17 05:06:00,93915.37,93923.77,93904.16,93906.44,180,78,0
2026.02.17 05:03:00,93904.57,93915.31,93904.57,93915.31,180,78,0
2026.02.17 05:00:00,93893.77,93904.51,93893.77,93904.51,180,78,0
2026.02.17 04:57:00,93882.97,93893.71,93882.97,93893.71,180,78,0
2026.02.17 04:54:00,93872.17,93882.91,93872.17,93882.91,180,78,0
2026.02.17 04:51:00,93861.37,93872.11,93861.37,93872.11,180,78,0
2026.02.17 04:48:00,93850.57,93861.31,93850.57,93861.31,180,78,0
2026.02.17 04:45:00,93839.77,93850.51,93839.77,93850.51,180,78,0
2026.02.17 04:42:00,93843.39,93852.33,93837.97,93839.71,180,78,0
2026.02.17 04:39:00,93832.59,93843.33,93832.59,93843.33,180,78,0
2026.02.17 04:36:00,93821.79,93832.53,93821.79,93832.53,180,78,0
2026.02.17 04:33:00,93810.99,93821.73,93810.99,93821.73,180,78,0
2026.02.17 04:30:00,93841.54,93846.16,93804.87,93810.93,180,78,0
2026.02.17 04:27:00,93850.29,93852.39,93832.90,93841.48,180,78,0
2026.02.17 04:24:00,93839.49,93850.23,93839.49,93850.23,180,78,0
2026.02.17 04:21:00,93859.27,93869.05,93838.53,93839.43,180,78,0
2026.02.17 04:18:00,93848.47,93859.21,93848.47,93859.21,180,78,0
2026.02.17 04:15:00,93837.67,93848.41,93837.67,93848.41,180,78,0
2026.02.17 04:12:00,93826.87,93837.61,93826.87,93837.61,180,78,0
2026.02.17 04:09:00,93816.07,93826.81,93816.07,93826.81,180,78,0
2026.02.17 04:06:00,93829.96,93836.74,93812.11,93816.01,180,78,0
2026.02.17 04:03:00,93819.16,93829.90,93819.16,93829.90,180,78,0
2026.02.17 04:00:00,93808.36,93819.10,93808.36,93819.10,180,78,0
2026.02.17 03:57:00,93797.56,93808.30,93797.56,93808.30,180,78,0
2026.02.17 03:54:00,93799.39,93807.07,93794.50,93797.50,180,78,0
2026.02.17 03:51:00,93788.59,93799.33,93788.59,93799.33,180,78,0
2026.02.17 03:48:00,93777.79,93788.53,93777.79,93788.53,180,78,0
2026.02.17 03:45:00,93766.99,93777.73,93766.99,93777.73,180,78,0
2026.02.17 03:42:00,93756.19,93766.93,93756.19,93766.93,180,78,0
2026.02.17 03:39:00,93767.28,93767.34,93745.51,93756.13,180,78,0
2026.02.17 03:36:00,93756.48,93767.22,93756.48,93767.22,180,78,0
2026.02.17 03:33:00,93745.68,93756.42,93745.68,93756.42,180,78,0
2026.02.17 03:30:00,93734.88,93745.62,93734.88,93745.62,180,78,0
2026.02.17 03:27:00,93724.08,93734.82,93724.08,93734.82,180,78,0
2026.02.17 03:24:00,93713.28,93724.02,93713.28,93724.02,180,78,0
2026.02.17 03:21:00,93721.11,93721.65,93703.08,93713.22,180,78,0
2026.02.17 03:18:00,93730.16,93734.90,93715.11,93721.05,180,78,0
2026.02.17 03:15:00,93719.36,93730.10,93719.36,93730.10,180,78,0
2026.02.17 03:12:00,93708.56,93719.30,93708.56,93719.30,180,78,0
2026.02.17 03:09:00,93697.76,93708.50,93697.76,93708.50,180,78,0
2026.02.17 03:06:00,93724.19,93734.33,93697.16,93697.70,180,78,0
2026.02.17 03:03:00,93713.39,93724.13,93713.39,93724.13,180,78,0
2026.02.17 03:00:00,93747.53,93751.55,93710.69,93713.33,180,78,0
2026.02.17 02:57:00,93762.09,93768.15,93742.85,93747.47,180,78,0
2026.02.17 02:54:00,93777.15,93777.33,93751.53,93762.03,180,78,0
2026.02.17 02:51:00,93766.35,93777.09,93766.35,93777.09,180,78,0
2026.02.17 02:48:00,93755.55,93766.29,93755.55,93766.29,180,78,0
2026.02.17 02:45:00,93744.75,93755.49,93744.75,93755.49,180,78,0
2026.02.17 02:42:00,93733.95,93744.69,93733.95,93744.69,180,78,0
2026.02.17 02:39:00,93760.09,93767.89,93731.01,93733.89,180,78,0
2026.02.17 02:36:00,93749.29,93760.03,93749.29,93760.03,180,78,0
2026.02.17 02:33:00,93738.49,93749.23,93738.49,93749.23,180,78,0
2026.02.17 02:30:00,93727.69,93738.43,93727.69,93738.43,180,78,0
2026.02.17 02:27:00,93716.89,93727.63,93716.89,93727.63,180,78,0
2026.02.17 02:24:00,93719.48,93722.48,93709.15,93716.83,180,78,0
2026.02.17 02:21:00,93708.68,93719.42,93708.68,93719.42,180,78,0
2026.02.17 02:18:00,93697.88,93708.62,93697.88,93708.62,180,78,0
2026.02.17 02:15:00,93725.70,93734.40,93695.84,93697.82,180,78,0
2026.02.17 02:12:00,93714.90,93725.64,93714.90,93725.64,180,78,0
2026.02.17 02:09:00,93729.37,93729.79,93704.58,93714.84,180,78,0
2026.02.17 02:06:00,93753.89,93758.57,93725.95,93729.31,180,78,0
2026.02.17 02:03:00,93743.09,93753.83,93743.09,93753.83,180,78,0
2026.02.17 02:00:00,93765.10,93767.80,93735.05,93743.03,180,78,0
2026.02.17 01:57:00,93754.30,93765.04,93754.30,93765.04,180,78,0
2026.02.17 01:54:00,93743.50,93754.24,93743.50,93754.24,180,78,0
2026.02.17 01:51:00,93732.70,93743.44,93732.70,93743.44,180,78,0
2026.02.17 01:48:00,93755.78,93760.40,93731.98,93732.64,180,78,0
2026.02.17 01:45:00,93768.75,93774.15,93750.44,93755.72,180,78,0
2026.02.17 01:42:00,93757.95,93768.69,93757.95,93768.69,180,78,0
2026.02.17 01:39:00,93747.15,93757.89,93747.15,93757.89,180,78,0
2026.02.17 01:36:00,93736.35,93747.09,93736.35,93747.09,180,78,0
2026.02.17 01:33:00,93759.68,93761.18,93729.21,93736.29,180,78,0
2026.02.17 01:30:00,93748.88,93759.62,93748.88,93759.62,180,78,0
2026.02.17 01:27:00,93738.08,93748.82,93738.08,93748.82,180,78,0
2026.02.17 01:24:00,93727.28,93738.02,93727.28,93738.02,180,78,0
2026.02.17 01:21:00,93777.71,93777.77,93725.72,93727.22,180,78,0
2026.02.17 01:18:00,93791.75,93793.97,93769.19,93777.65,180,78,0
2026.02.17 01:15:00,93780.95,93791.69,93780.95,93791.69,180,78,0
2026.02.17 01:12:00,93770.15,93780.89,93770.15,93780.89,180,78,0
2026.02.17 01:09:00,93759.35,93770.09,93759.35,93770.09,180,78,0
2026.02.17 01:06:00,93748.55,93759.29,93748.55,93759.29,180,78,0
2026.02.17 01:03:00,93737.75,93748.49,93737.75,93748.49,180,78,0
2026.02.17 01:00:00,93726.95,93737.69,93726.95,93737.69,180,78,0
2026.02.17 00:57:00,93716.15,93726.89,93716.15,93726.89,180,78,0
2026.02.17 00:54:00,93705.35,93716.09,93705.35,93716.09,180,78,0
2026.02.17 00:51:00,93706.69,93709.75,93697.67,93705.29,180,78,0
2026.02.17 00:48:00,93695.89,93706.63,93695.89,93706.63,180,78,0
2026.02.17 00:45:00,93685.09,93695.83,93685.09,93695.83,180,78,0
2026.02.17 00:42:00,93674.29,93685.03,93674.29,93685.03,180,78,0
2026.02.17 00:39:00,93663.49,93674.23,93663.49,93674.23,180,78,0
2026.02.17 00:36:00,93652.69,93663.43,93652.69,93663.43,180,78,0
2026.02.17 00:33:00,93682.36,93682.78,93651.85,93652.63,180,78,0
2026.02.17 00:30:00,93671.56,93682.30,93671.56,93682.30,180,78,0
2026.02.17 00:27:00,93660.76,93671.50,93660.76,93671.50,180,78,0
2026.02.17 00:24:00,93649.96,93660.70,93649.96,93660.70,180,78,0
2026.02.17 00:21:00,93639.16,93649.90,93639.16,93649.90,180,78,0
2026.02.17 00:18:00,93628.36,93639.10,93628.36,93639.10,180,78,0
2026.02.17 00:15:00,93617.56,93628.30,93617.56,93628.30,180,78,0
2026.02.17 00:12:00,93606.76,93617.50,93606.76,93617.50,180,78,0
2026.02.17 00:09:00,93595.96,93606.70,93595.96,93606.70,180,78,0
2026.02.17 00:06:00,93601.86,93612.18,93595.54,93595.90,180,78,0
2026.02.17 00:03:00,93591.06,93601.80,93591.06,93601.80,180,78,0
2026.02.17 00:00:00,93611.34,93621.24,93590.22,93591.00,180,78,0
2026.02.16 23:57:00,93631.42,93635.02,93604.20,93611.28,180,78,0
2026.02.16 23:54:00,93620.62,93631.36,93620.62,93631.36,180,78,0
2026.02.16 23:51:00,93632.59,93640.39,93617.68,93620.56,180,78,0
2026.02.16 23:48:00,93621.79,93632.53,93621.79,93632.53,180,78,0
2026.02.16 23:45:00,93610.99,93621.73,93610.99,93621.73,180,78,0
2026.02.16 23:42:00,93600.19,93610.93,93600.19,93610.93,180,78,0
2026.02.16 23:39:00,93619.06,93621.10,93591.49,93600.13,180,78,0
2026.02.16 23:36:00,93684.24,93686.10,93613.36,93619.00,180,78,0
2026.02.16 23:33:00,93673.44,93684.18,93673.44,93684.18,180,78,0
2026.02.16 23:30:00,93662.64,93673.38,93662.64,93673.38,180,78,0
2026.02.16 23:27:00,93682.24,93682.90,93652.56,93662.58,180,78,0
2026.02.16 23:24:00,93671.44,93682.18,93671.44,93682.18,180,78,0
2026.02.16 23:21:00,93682.05,93683.37,93662.02,93671.38,180,78,0
2026.02.16 23:18:00,93699.20,93700.46,93672.57,93681.99,180,78,0
2026.02.16 23:15:00,93731.15,93732.17,93690.26,93699.14,180,78,0
2026.02.16 23:12:00,93720.35,93731.09,93720.35,93731.09,180,78,0
2026.02.16 23:09:00,93726.56,93727.94,93710.99,93720.29,180,78,0
2026.02.16 23:06:00,93715.76,93726.50,93715.76,93726.50,180,78,0
2026.02.16 23:03:00,93747.22,93748.90,93714.92,93715.70,180,78,0
2026.02.16 23:00:00,93752.73,93763.47,93752.73,93763.47,180,78,0
2026.02.16 22:57:00,93741.87,93752.67,93741.87,93752.67,181,78,0
2026.02.16 22:54:00,93784.14,93794.10,93741.09,93741.81,180,78,0
2026.02.16 22:51:00,93773.34,93784.08,93773.34,93784.08,180,78,0
2026.02.16 22:48:00,93762.54,93773.28,93762.54,93773.28,180,78,0
2026.02.16 22:45:00,93751.74,93762.48,93751.74,93762.48,180,78,0
2026.02.16 22:42:00,93740.94,93751.68,93740.94,93751.68,180,78,0
2026.02.16 22:39:00,93730.14,93740.88,93730.14,93740.88,180,78,0
2026.02.16 22:36:00,93732.86,93734.24,93720.78,93730.08,180,78,0
2026.02.16 22:33:00,93722.06,93732.80,93722.06,93732.80,180,78,0
2026.02.16 22:30:00,93711.26,93722.00,93711.26,93722.00,180,78,0
2026.02.16 22:27:00,93700.46,93711.20,93700.46,93711.20,180,78,0
2026.02.16 22:24:00,93689.66,93700.40,93689.66,93700.40,180,78,0
2026.02.16 22:21:00,93678.86,93689.60,93678.86,93689.60,180,78,0
2026.02.16 22:18:00,93668.06,93678.80,93668.06,93678.80,180,78,0
2026.02.16 22:15:00,93675.19,93682.99,93665.12,93668.00,180,78,0
2026.02.16 22:12:00,93664.39,93675.13,93664.39,93675.13,180,78,0
2026.02.16 22:09:00,93653.59,93664.33,93653.59,93664.33,180,78,0
2026.02.16 22:06:00,93642.79,93653.53,93642.79,93653.53,180,78,0
2026.02.16 22:03:00,93664.45,93674.71,93642.31,93642.73,180,78,0
2026.02.16 22:00:00,93653.65,93664.39,93653.65,93664.39,180,78,0
2026.02.16 21:57:00,93658.05,93660.09,93644.95,93653.59,180,78,0
2026.02.16 21:54:00,93647.25,93657.99,93647.25,93657.99,180,78,0
2026.02.16 21:51:00,93636.45,93647.19,93636.45,93647.19,180,78,0
2026.02.16 21:48:00,93649.32,93658.56,93634.95,93636.39,180,78,0
2026.02.16 21:45:00,93638.52,93649.26,93638.52,93649.26,180,78,0
2026.02.16 21:42:00,93627.72,93638.46,93627.72,93638.46,180,78,0
2026.02.16 21:39:00,93643.83,93644.91,93618.06,93627.66,180,78,0
2026.02.16 21:36:00,93650.99,93660.95,93643.05,93643.77,180,78,0
2026.02.16 21:33:00,93664.98,93674.58,93649.85,93650.93,180,78,0
2026.02.16 21:30:00,93701.66,93709.04,93661.62,93664.92,180,78,0
2026.02.16 21:27:00,93690.86,93701.60,93690.86,93701.60,180,78,0
2026.02.16 21:24:00,93719.13,93727.29,93688.28,93690.80,180,78,0
2026.02.16 21:21:00,93708.33,93719.07,93708.33,93719.07,180,78,0
2026.02.16 21:18:00,93740.04,93742.56,93703.71,93708.27,180,78,0
2026.02.16 21:15:00,93751.79,93759.95,93737.46,93739.98,180,78,0
2026.02.16 21:12:00,93740.99,93751.73,93740.99,93751.73,180,78,0
2026.02.16 21:09:00,93763.88,93764.96,93731.33,93740.93,180,78,0
2026.02.16 21:06:00,93753.08,93763.82,93753.08,93763.82,180,78,0
2026.02.16 21:03:00,93742.28,93753.02,93742.28,93753.02,180,78,0
2026.02.16 21:00:00,93731.48,93742.22,93731.48,93742.22,180,78,0
2026.02.16 20:57:00,93720.68,93731.42,93720.68,93731.42,180,78,0
2026.02.16 20:54:00,93709.88,93720.62,93709.88,93720.62,180,78,0
2026.02.16 20:51:00,93699.08,93709.82,93699.08,93709.82,180,78,0
2026.02.16 20:48:00,93688.28,93699.02,93688.28,93699.02,180,78,0
2026.02.16 20:45:00,93677.48,93688.22,93677.48,93688.22,180,78,0
2026.02.16 20:42:00,93666.68,93677.42,93666.68,93677.42,180,78,0
2026.02.16 20:39:00,93683.95,93688.33,93660.32,93666.62,180,78,0
2026.02.16 20:36:00,93673.15,93683.89,93673.15,93683.89,180,78,0
2026.02.16 20:33:00,93662.35,93673.09,93662.35,93673.09,180,78,0
2026.02.16 20:30:00,93679.32,93686.22,93658.51,93662.29,180,78,0
2026.02.16 20:27:00,93720.73,93725.65,93691.38,93697.14,180,78,0
2026.02.16 20:24:00,93739.65,93743.97,93714.31,93720.67,180,78,0
2026.02.16 20:21:00,93728.85,93739.59,93728.85,93739.59,180,78,0
2026.02.16 20:18:00,93718.05,93728.79,93718.05,93728.79,180,78,0
2026.02.16 20:15:00,93707.25,93717.99,93707.25,93717.99,180,78,0
2026.02.16 20:12:00,93696.45,93707.19,93696.45,93707.19,180,78,0
2026.02.16 20:09:00,93685.65,93696.39,93685.65,93696.39,180,78,0
2026.02.16 20:06:00,93674.85,93685.59,93674.85,93685.59,180,78,0
2026.02.16 20:03:00,93688.12,93694.48,93670.47,93674.79,180,78,0
2026.02.16 20:00:00,93700.06,93708.58,93685.90,93688.06,180,78,0
2026.02.16 19:57:00,93721.05,93723.93,93699.58,93700.00,180,78,0
2026.02.16 19:54:00,93710.25,93720.99,93710.25,93720.99,180,78,0
2026.02.16 19:51:00,93699.45,93710.19,93699.45,93710.19,180,78,0
2026.02.16 19:48:00,93732.22,93734.98,93696.45,93699.39,180,78,0
2026.02.16 19:45:00,93738.09,93746.31,93729.70,93732.16,180,78,0
2026.02.16 19:42:00,93727.29,93738.03,93727.29,93738.03,180,78,0
2026.02.16 19:39:00,93716.49,93727.23,93716.49,93727.23,180,78,0
2026.02.16 19:36:00,93727.22,93729.92,93708.45,93716.43,180,78,0
2026.02.16 19:33:00,93738.92,93749.42,93726.98,93727.16,180,78,0
2026.02.16 19:30:00,93728.12,93738.86,93728.12,93738.86,180,78,0
2026.02.16 19:27:00,93717.32,93728.06,93717.32,93728.06,180,78,0
2026.02.16 19:24:00,93706.52,93717.26,93706.52,93717.26,180,78,0
2026.02.16 19:21:00,93695.72,93706.46,93695.72,93706.46,180,78,0
2026.02.16 19:18:00,93711.45,93718.47,93692.00,93695.66,180,78,0
2026.02.16 19:15:00,93767.54,93767.78,93702.93,93711.39,180,78,0
2026.02.16 19:12:00,93811.39,93817.51,93762.92,93767.48,180,78,0
2026.02.16 19:09:00,93857.42,93858.92,93809.05,93811.33,180,78,0
2026.02.16 19:06:00,93846.62,93857.36,93846.62,93857.36,180,78,0
2026.02.16 19:03:00,93902.90,93905.72,93844.22,93846.56,180,78,0
2026.02.16 19:00:00,93962.82,93968.10,93901.82,93902.84,180,78,0
2026.02.16 18:57:00,93952.02,93962.76,93952.02,93962.76,180,78,0
2026.02.16 18:54:00,93958.93,93959.89,93942.24,93951.96,180,78,0
2026.02.16 18:51:00,93948.13,93958.87,93948.13,93958.87,180,78,0
2026.02.16 18:48:00,93957.72,93960.60,93940.27,93948.07,180,78,0
2026.02.16 18:45:00,93946.92,93957.66,93946.92,93957.66,180,78,0
2026.02.16 18:42:00,93957.11,93964.61,93943.68,93946.86,180,78,0
2026.02.16 18:39:00,93946.31,93957.05,93946.31,93957.05,180,78,0
2026.02.16 18:36:00,93935.51,93946.25,93935.51,93946.25,180,78,0
2026.02.16 18:33:00,93955.56,93958.68,93927.89,93935.45,180,78,0
2026.02.16 18:30:00,93944.76,93955.50,93944.76,93955.50,180,78,0
2026.02.16 18:27:00,93933.96,93944.70,93933.96,93944.70,180,78,0
2026.02.16 18:24:00,93923.16,93933.90,93923.16,93933.90,180,78,0
2026.02.16 18:21:00,93912.36,93923.10,93912.36,93923.10,180,78,0
2026.02.16 18:18:00,93918.17,93922.67,93906.12,93912.30,180,78,0
2026.02.16 18:15:00,93907.37,93918.11,93907.37,93918.11,180,78,0
2026.02.16 18:12:00,93923.68,93929.08,93902.03,93907.31,180,78,0
2026.02.16 18:09:00,93912.88,93923.62,93912.88,93923.62,180,78,0
2026.02.16 18:06:00,93944.56,93947.68,93910.66,93912.82,180,78,0
2026.02.16 18:03:00,93983.65,93990.61,93941.50,93944.50,180,78,0
2026.02.16 18:00:00,93999.05,94002.29,93976.15,93983.59,180,78,0
2026.02.16 17:57:00,94019.87,94024.43,93992.87,93998.99,180,78,0
2026.02.16 17:54:00,94044.73,94052.41,94016.81,94019.81,180,78,0
2026.02.16 17:51:00,94033.93,94044.67,94033.93,94044.67,180,78,0
2026.02.16 17:48:00,94051.97,94056.41,94027.63,94033.87,180,78,0
2026.02.16 17:45:00,94064.43,94069.17,94045.97,94051.91,180,78,0
2026.02.16 17:42:00,94103.09,94105.31,94063.17,94064.37,180,78,0
2026.02.16 17:39:00,94092.29,94103.03,94092.29,94103.03,180,78,0
2026.02.16 17:36:00,94111.92,94114.02,94083.65,94092.23,180,78,0
2026.02.16 17:33:00,94162.01,94162.43,94110.66,94111.86,180,78,0
2026.02.16 17:30:00,94151.21,94161.95,94151.21,94161.95,180,78,0
2026.02.16 17:27:00,94140.41,94151.15,94140.41,94151.15,180,78,0
2026.02.16 17:24:00,94179.54,94181.16,94137.83,94140.35,180,78,0
2026.02.16 17:21:00,94168.74,94179.48,94168.74,94179.48,180,78,0
2026.02.16 17:18:00,94182.36,94185.06,94160.70,94168.68,180,78,0
2026.02.16 17:15:00,94191.08,94192.34,94172.88,94182.30,180,78,0
2026.02.16 17:12:00,94180.28,94191.02,94180.28,94191.02,180,78,0
2026.02.16 17:09:00,94169.48,94180.22,94169.48,94180.22,180,78,0
2026.02.16 17:06:00,94174.14,94175.34,94159.94,94169.42,180,78,0
2026.02.16 17:03:00,94163.34,94174.08,94163.34,94174.08,180,78,0
2026.02.16 17:00:00,94152.54,94163.28,94152.54,94163.28,180,78,0
2026.02.16 16:57:00,94141.74,94152.48,94141.74,94152.48,180,78,0
2026.02.16 16:54:00,94130.94,94141.68,94130.94,94141.68,180,78,0
2026.02.16 16:51:00,94120.14,94130.88,94120.14,94130.88,180,78,0
2026.02.16 16:48:00,94109.34,94120.08,94109.34,94120.08,180,78,0
2026.02.16 16:45:00,94098.54,94109.28,94098.54,94109.28,180,78,0
2026.02.16 16:42:00,94087.74,94098.48,94087.74,94098.48,180,78,0
2026.02.16 16:39:00,94076.94,94087.68,94076.94,94087.68,180,78,0
2026.02.16 16:36:00,94066.14,94076.88,94066.14,94076.88,180,78,0
2026.02.16 16:33:00,94055.34,94066.08,94055.34,94066.08,180,78,0
2026.02.16 16:30:00,94067.00,94073.78,94051.38,94055.28,180,78,0
2026.02.16 16:27:00,94095.73,94104.91,94065.44,94066.94,180,78,0
2026.02.16 16:24:00,94110.96,94121.70,94110.96,94121.70,180,78,0
2026.02.16 16:21:00,94100.16,94110.90,94100.16,94110.90,180,78,0
2026.02.16 16:18:00,94117.07,94124.57,94096.92,94100.10,180,78,0
2026.02.16 16:15:00,94106.27,94117.01,94106.27,94117.01,180,78,0
2026.02.16 16:12:00,94128.91,94137.01,94103.63,94106.21,180,78,0
2026.02.16 16:09:00,94118.11,94128.85,94118.11,94128.85,180,78,0
2026.02.16 16:06:00,94107.31,94118.05,94107.31,94118.05,180,78,0
2026.02.16 16:03:00,94096.51,94107.25,94096.51,94107.25,180,78,0
2026.02.16 16:00:00,94085.71,94096.45,94085.71,94096.45,180,78,0
2026.02.16 15:57:00,94074.91,94085.65,94074.91,94085.65,180,78,0
2026.02.16 15:54:00,94064.11,94074.85,94064.11,94074.85,180,78,0
2026.02.16 15:51:00,94053.31,94064.05,94053.31,94064.05,180,78,0
2026.02.16 15:48:00,94042.51,94053.25,94042.51,94053.25,180,78,0
2026.02.16 15:45:00,94031.71,94042.45,94031.71,94042.45,180,78,0
2026.02.16 15:42:00,94048.25,94054.61,94027.33,94031.65,180,78,0
2026.02.16 15:39:00,94037.45,94048.19,94037.45,94048.19,180,78,0
2026.02.16 15:36:00,94026.65,94037.39,94026.65,94037.39,180,78,0
2026.02.16 15:33:00,94015.85,94026.59,94015.85,94026.59,180,78,0
2026.02.16 15:30:00,94005.05,94015.79,94005.05,94015.79,180,78,0
2026.02.16 15:27:00,93994.25,94004.99,93994.25,94004.99,180,78,0
2026.02.16 15:24:00,94035.13,94035.91,93986.27,93994.19,180,78,0
2026.02.16 15:21:00,94053.72,94060.02,94030.69,94035.07,180,78,0
2026.02.16 15:18:00,94042.92,94053.66,94042.92,94053.66,180,78,0
2026.02.16 15:15:00,94059.47,94059.83,94032.54,94042.86,180,78,0
2026.02.16 15:12:00,94080.40,94080.94,94049.27,94059.41,180,78,0
2026.02.16 15:09:00,94069.60,94080.34,94069.60,94080.34,180,78,0
2026.02.16 15:06:00,94081.58,94085.00,94062.28,94069.54,180,78,0
2026.02.16 15:03:00,94083.08,94089.56,94077.32,94081.52,180,78,0
2026.02.16 15:00:00,94072.28,94083.02,94072.28,94083.02,180,78,0
2026.02.16 14:57:00,94061.48,94072.22,94061.48,94072.22,180,78,0
2026.02.16 14:54:00,94066.06,94066.06,94050.74,94061.42,180,78,0
2026.02.16 14:51:00,94055.26,94066.00,94055.26,94066.00,180,78,0
2026.02.16 14:48:00,94044.46,94055.20,94044.46,94055.20,180,78,0
2026.02.16 14:45:00,94033.66,94044.40,94033.66,94044.40,180,78,0
2026.02.16 14:42:00,94022.86,94033.60,94022.86,94033.60,180,78,0
2026.02.16 14:39:00,94012.06,94022.80,94012.06,94022.80,180,78,0
2026.02.16 14:36:00,94014.08,94021.70,94008.94,94012.00,180,78,0
2026.02.16 14:33:00,94003.28,94014.02,94003.28,94014.02,180,78,0
2026.02.16 14:30:00,93992.48,94003.22,93992.48,94003.22,180,78,0
2026.02.16 14:27:00,94038.02,94038.26,93989.18,93992.42,180,78,0
2026.02.16 14:24:00,94027.22,94037.96,94027.22,94037.96,180,78,0
2026.02.16 14:21:00,94016.42,94027.16,94016.42,94027.16,180,78,0
2026.02.16 14:18:00,94005.62,94016.36,94005.62,94016.36,180,78,0
2026.02.16 14:15:00,93994.82,94005.56,93994.82,94005.56,180,78,0
2026.02.16 14:12:00,93999.51,94002.69,93987.26,93994.76,180,78,0
2026.02.16 14:09:00,93988.71,93999.45,93988.71,93999.45,180,78,0
2026.02.16 14:06:00,93977.91,93988.65,93977.91,93988.65,180,78,0
2026.02.16 14:03:00,94008.07,94008.61,93975.09,93977.85,180,78,0
2026.02.16 14:00:00,93997.27,94008.01,93997.27,94008.01,180,78,0
2026.02.16 13:57:00,93986.47,93997.21,93986.47,93997.21,180,78,0
2026.02.16 13:54:00,93975.67,93986.41,93975.67,93986.41,180,78,0
2026.02.16 13:51:00,93982.26,93992.10,93974.77,93975.61,180,78,0
2026.02.16 13:48:00,94000.43,94004.93,93976.02,93982.20,180,78,0
2026.02.16 13:45:00,93989.63,94000.37,93989.63,94000.37,180,78,0
2026.02.16 13:42:00,93978.83,93989.57,93978.83,93989.57,180,78,0
2026.02.16 13:39:00,93968.03,93978.77,93968.03,93978.77,180,78,0
2026.02.16 13:36:00,93957.23,93967.97,93957.23,93967.97,180,78,0
2026.02.16 13:33:00,93974.12,93978.80,93951.17,93957.17,180,78,0
2026.02.16 13:30:00,93963.32,93974.06,93963.32,93974.06,180,78,0
2026.02.16 13:27:00,93952.52,93963.26,93952.52,93963.26,180,78,0
2026.02.16 13:24:00,93941.72,93952.46,93941.72,93952.46,180,78,0
2026.02.16 13:21:00,93930.92,93941.66,93930.92,93941.66,180,78,0
2026.02.16 13:18:00,93920.12,93930.86,93920.12,93930.86,180,78,0
2026.02.16 13:15:00,93909.32,93920.06,93909.32,93920.06,180,78,0
2026.02.16 13:12:00,93898.52,93909.26,93898.52,93909.26,180,78,0
2026.02.16 13:09:00,93906.04,93914.14,93895.88,93898.46,180,78,0
2026.02.16 13:06:00,93895.24,93905.98,93895.24,93905.98,180,78,0
2026.02.16 13:03:00,93952.16,93958.82,93891.34,93895.18,180,78,0
2026.02.16 13:00:00,93941.36,93952.10,93941.36,93952.10,180,78,0
2026.02.16 12:57:00,93930.56,93941.30,93930.56,93941.30,180,78,0
2026.02.16 12:54:00,93993.09,93994.83,93928.34,93930.50,180,78,0
2026.02.16 12:51:00,93982.29,93993.03,93982.29,93993.03,180,78,0
2026.02.16 12:48:00,93971.49,93982.23,93971.49,93982.23,180,78,0
2026.02.16 12:45:00,93960.69,93971.43,93960.69,93971.43,180,78,0
2026.02.16 12:42:00,93949.89,93960.63,93949.89,93960.63,180,78,0
2026.02.16 12:39:00,93939.09,93949.83,93939.09,93949.83,180,78,0
2026.02.16 12:36:00,93928.29,93939.03,93928.29,93939.03,180,78,0
2026.02.16 12:33:00,93917.49,93928.23,93917.49,93928.23,180,78,0
2026.02.16 12:30:00,93923.71,93930.79,93913.83,93917.43,180,78,0
2026.02.16 12:27:00,93926.18,93935.96,93922.75,93923.65,180,78,0
2026.02.16 12:24:00,93947.62,93949.84,93918.44,93926.12,180,78,0
2026.02.16 12:21:00,93936.82,93947.56,93936.82,93947.56,180,78,0
2026.02.16 12:18:00,93926.02,93936.76,93926.02,93936.76,180,78,0
2026.02.16 12:15:00,93915.22,93925.96,93915.22,93925.96,180,78,0
2026.02.16 12:12:00,93944.55,93945.69,93905.62,93915.16,180,78,0
2026.02.16 12:09:00,93953.98,93963.64,93943.47,93944.49,180,78,0
2026.02.16 12:06:00,93967.41,93967.95,93943.78,93953.92,180,78,0
2026.02.16 12:03:00,93956.61,93967.35,93956.61,93967.35,180,78,0
2026.02.16 12:00:00,93945.81,93956.55,93945.81,93956.55,180,78,0
2026.02.16 11:57:00,93935.01,93945.75,93935.01,93945.75,180,78,0
2026.02.16 11:54:00,93924.21,93934.95,93924.21,93934.95,180,78,0
2026.02.16 11:51:00,93935.72,93937.10,93914.85,93924.15,180,78,0
2026.02.16 11:48:00,93924.92,93935.66,93924.92,93935.66,180,78,0
2026.02.16 11:45:00,93914.12,93924.86,93914.12,93924.86,180,78,0
2026.02.16 11:42:00,93921.26,93929.18,93911.30,93914.06,180,78,0
2026.02.16 11:39:00,93910.46,93921.20,93910.46,93921.20,180,78,0
2026.02.16 11:36:00,93899.66,93910.40,93899.66,93910.40,180,78,0
2026.02.16 11:33:00,93888.86,93899.60,93888.86,93899.60,180,78,0
2026.02.16 11:30:00,93977.15,93980.15,93885.08,93888.80,180,78,0
2026.02.16 11:27:00,93966.35,93977.09,93966.35,93977.09,180,78,0
2026.02.16 11:24:00,93973.19,93981.71,93964.13,93966.29,180,78,0
2026.02.16 11:21:00,94016.44,94017.46,93969.29,93973.13,180,78,0
2026.02.16 11:18:00,94037.26,94039.00,94007.44,94016.38,180,78,0
2026.02.16 11:15:00,94026.46,94037.20,94026.46,94037.20,180,78,0
2026.02.16 11:12:00,94015.66,94026.40,94015.66,94026.40,180,78,0
2026.02.16 11:09:00,94004.86,94015.60,94004.86,94015.60,180,78,0
2026.02.16 11:06:00,93994.06,94004.80,93994.06,94004.80,180,78,0
2026.02.16 11:03:00,93983.26,93994.00,93983.26,93994.00,180,78,0
2026.02.16 11:00:00,93972.46,93983.20,93972.46,93983.20,180,78,0
2026.02.16 10:57:00,93961.66,93972.40,93961.66,93972.40,180,78,0
2026.02.16 10:54:00,93950.86,93961.60,93950.86,93961.60,180,78,0
2026.02.16 10:51:00,93940.06,93950.80,93940.06,93950.80,180,78,0
2026.02.16 10:48:00,93929.26,93940.00,93929.26,93940.00,180,78,0
2026.02.16 10:45:00,93918.46,93929.20,93918.46,93929.20,180,78,0
2026.02.16 10:42:00,93907.66,93918.40,93907.66,93918.40,180,78,0
2026.02.16 10:39:00,93896.86,93907.60,93896.86,93907.60,180,78,0
2026.02.16 10:36:00,93886.06,93896.80,93886.06,93896.80,180,78,0
2026.02.16 10:33:00,93875.26,93886.00,93875.26,93886.00,180,78,0
2026.02.16 10:30:00,93864.46,93875.20,93864.46,93875.20,180,78,0
2026.02.16 10:27:00,93853.66,93864.40,93853.66,93864.40,180,78,0
2026.02.16 10:24:00,93842.86,93853.60,93842.86,93853.60,180,78,0
2026.02.16 10:21:00,93858.42,93866.10,93839.80,93842.80,180,78,0
2026.02.16 10:18:00,93891.96,93892.98,93849.24,93858.36,180,78,0
2026.02.16 10:15:00,93907.58,93917.66,93891.30,93891.90,180,78,0
2026.02.16 10:12:00,93896.78,93907.52,93896.78,93907.52,180,78,0
2026.02.16 10:09:00,93928.06,93929.08,93887.06,93896.72,180,78,0
2026.02.16 10:06:00,93973.76,93975.62,93921.40,93928.00,180,78,0
2026.02.16 10:03:00,93962.96,93973.70,93962.96,93973.70,180,78,0
2026.02.16 10:00:00,93952.16,93962.90,93952.16,93962.90,180,78,0
2026.02.16 09:57:00,93941.36,93952.10,93941.36,93952.10,180,78,0
2026.02.16 09:54:00,93958.49,93966.71,93938.84,93941.30,180,78,0
2026.02.16 09:51:00,93947.69,93958.43,93947.69,93958.43,180,78,0
2026.02.16 09:48:00,93989.77,93991.87,93943.13,93947.63,180,78,0
2026.02.16 09:45:00,93978.97,93989.71,93978.97,93989.71,180,78,0
2026.02.16 09:42:00,93968.17,93978.91,93968.17,93978.91,180,78,0
2026.02.16 09:39:00,93957.37,93968.11,93957.37,93968.11,180,78,0
2026.02.16 09:36:00,93946.57,93957.31,93946.57,93957.31,180,78,0
2026.02.16 09:33:00,93964.20,93968.10,93939.73,93946.51,180,78,0
2026.02.16 09:30:00,93953.40,93964.14,93953.40,93964.14,180,78,0
2026.02.16 09:27:00,93942.60,93953.34,93942.60,93953.34,180,78,0
2026.02.16 09:24:00,93931.80,93942.54,93931.80,93942.54,180,78,0
2026.02.16 09:21:00,93950.43,93958.17,93928.80,93931.74,180,78,0
2026.02.16 09:18:00,93939.63,93950.37,93939.63,93950.37,180,78,0
2026.02.16 09:15:00,93968.66,93970.10,93934.05,93939.57,180,78,0
2026.02.16 09:12:00,93970.96,93974.02,93960.98,93968.60,180,78,0
2026.02.16 09:09:00,93960.16,93970.90,93960.16,93970.90,180,78,0
2026.02.16 09:06:00,93949.36,93960.10,93949.36,93960.10,180,78,0
2026.02.16 09:03:00,93938.56,93949.30,93938.56,93949.30,180,78,0
2026.02.16 09:00:00,93947.75,93954.83,93934.90,93938.50,180,78,0
2026.02.16 08:57:00,93959.70,93966.30,93943.61,93947.69,180,78,0
2026.02.16 08:54:00,93948.90,93959.64,93948.90,93959.64,180,78,0
2026.02.16 08:51:00,93966.72,93966.78,93938.22,93948.84,180,78,0
2026.02.16 08:48:00,93955.92,93966.66,93955.92,93966.66,180,78,0
2026.02.16 08:45:00,93945.06,93955.86,93945.06,93955.86,181,78,0
2026.02.16 08:42:00,93934.32,93945.00,93934.32,93945.00,179,78,0
2026.02.16 08:39:00,93972.92,93975.92,93927.54,93934.26,180,78,0
2026.02.16 08:36:00,93962.06,93972.86,93962.06,93972.86,181,78,0
2026.02.16 08:33:00,93972.16,93975.40,93954.62,93962.00,179,78,0
2026.02.16 08:30:00,93961.36,93972.10,93961.36,93972.10,180,78,0
2026.02.16 08:27:00,93950.50,93961.30,93950.50,93961.30,181,78,0
2026.02.16 08:24:00,93939.76,93950.44,93939.76,93950.44,179,78,0
2026.02.16 08:21:00,93983.74,93987.16,93932.44,93939.70,180,78,0
2026.02.16 08:18:00,94029.55,94031.95,93978.82,93983.68,181,78,0
2026.02.16 08:15:00,94018.75,94029.49,94018.75,94029.49,180,78,0
2026.02.16 08:12:00,94037.58,94045.62,94016.11,94018.69,179,78,0
2026.02.16 08:09:00,94026.72,94037.52,94026.72,94037.52,181,78,0
2026.02.16 08:06:00,94088.10,94091.34,94025.58,94026.66,180,78,0
2026.02.16 08:03:00,94077.36,94088.04,94077.36,94088.04,179,78,0
2026.02.16 08:00:00,94066.56,94077.30,94066.56,94077.30,180,78,0
2026.02.16 07:57:00,94107.66,94109.94,94065.54,94066.50,181,78,0
2026.02.16 07:54:00,94096.92,94107.60,94096.92,94107.60,179,78,0
2026.02.16 07:51:00,94121.60,94125.56,94090.08,94096.86,181,78,0
2026.02.16 07:48:00,94110.80,94121.54,94110.80,94121.54,180,78,0
2026.02.16 07:45:00,94100.00,94110.74,94100.00,94110.74,180,78,0
2026.02.16 07:42:00,94089.26,94099.94,94089.26,94099.94,179,78,0
2026.02.16 07:39:00,94078.40,94089.20,94078.40,94089.20,181,78,0
2026.02.16 07:36:00,94067.60,94078.34,94067.60,94078.34,180,78,0
2026.02.16 07:33:00,94096.13,94103.39,94064.18,94067.54,179,78,0
2026.02.16 07:30:00,94085.27,94096.07,94085.27,94096.07,181,78,0
2026.02.16 07:27:00,94074.47,94085.21,94074.47,94085.21,180,78,0
2026.02.16 07:24:00,94076.71,94087.15,94074.23,94074.41,179,78,0
2026.02.16 07:21:00,94126.45,94130.41,94074.37,94076.65,181,78,0
2026.02.16 07:18:00,94115.65,94126.39,94115.65,94126.39,180,78,0
2026.02.16 07:15:00,94104.85,94115.59,94104.85,94115.59,180,78,0
2026.02.16 07:12:00,94094.05,94104.79,94094.05,94104.79,180,78,0
2026.02.16 07:09:00,94083.25,94093.99,94083.25,94093.99,180,78,0
2026.02.16 07:06:00,94091.83,94100.65,94081.33,94083.19,180,78,0
2026.02.16 07:03:00,94128.31,94132.21,94086.91,94091.77,180,78,0
2026.02.16 07:00:00,94177.86,94182.54,94125.79,94128.25,180,78,0
2026.02.16 06:57:00,94167.06,94177.80,94167.06,94177.80,180,78,0
2026.02.16 06:54:00,94209.95,94212.05,94163.22,94167.00,179,78,0
2026.02.16 06:51:00,94199.15,94209.89,94199.15,94209.89,180,78,0
2026.02.16 06:48:00,94216.29,94218.33,94190.45,94199.09,180,78,0
2026.02.16 06:45:00,94247.51,94250.81,94212.57,94216.23,180,78,0
2026.02.16 06:42:00,94248.93,94259.67,94247.45,94247.45,181,78,0
2026.02.16 06:39:00,94238.13,94248.87,94238.13,94248.87,180,78,0
2026.02.16 06:36:00,94241.98,94247.32,94232.73,94238.07,180,78,0
2026.02.16 06:33:00,94261.37,94263.11,94232.98,94241.92,180,78,0
2026.02.16 06:30:00,94250.57,94261.31,94250.57,94261.31,180,78,0
2026.02.16 06:27:00,94270.21,94278.43,94248.05,94250.51,180,78,0
2026.02.16 06:24:00,94259.41,94270.15,94259.41,94270.15,180,78,0
2026.02.16 06:21:00,94248.61,94259.35,94248.61,94259.35,180,78,0
2026.02.16 06:18:00,94237.81,94248.55,94237.81,94248.55,180,78,0
2026.02.16 06:15:00,94227.01,94237.75,94227.01,94237.75,180,78,0
2026.02.16 06:12:00,94216.21,94226.95,94216.21,94226.95,180,78,0
2026.02.16 06:09:00,94205.41,94216.15,94205.41,94216.15,180,78,0
2026.02.16 06:06:00,94223.54,94228.16,94199.29,94205.35,180,78,0
2026.02.16 06:03:00,94212.74,94223.48,94212.74,94223.48,180,78,0
2026.02.16 06:00:00,94232.49,94233.33,94202.84,94212.68,180,78,0
2026.02.16 05:57:00,94221.69,94232.43,94221.69,94232.43,180,78,0
2026.02.16 05:54:00,94210.89,94221.63,94210.89,94221.63,180,78,0
2026.02.16 05:51:00,94213.89,94220.13,94206.39,94210.83,180,78,0
2026.02.16 05:48:00,94203.09,94213.83,94203.09,94213.83,180,78,0
2026.02.16 05:45:00,94223.44,94223.56,94196.79,94203.03,180,78,0
2026.02.16 05:42:00,94278.77,94279.55,94213.90,94223.38,180,78,0
2026.02.16 05:39:00,94323.70,94332.28,94276.91,94278.71,180,78,0
2026.02.16 05:36:00,94312.90,94323.64,94312.90,94323.64,180,78,0
2026.02.16 05:33:00,94329.39,94333.17,94305.94,94312.84,180,78,0
2026.02.16 05:30:00,94318.59,94329.33,94318.59,94329.33,180,78,0
2026.02.16 05:27:00,94307.79,94318.53,94307.79,94318.53,180,78,0
2026.02.16 05:24:00,94296.99,94307.73,94296.99,94307.73,180,78,0
2026.02.16 05:21:00,94332.73,94336.21,94292.97,94296.93,180,78,0
2026.02.16 05:18:00,94321.93,94332.67,94321.93,94332.67,180,78,0
2026.02.16 05:15:00,94311.13,94321.87,94311.13,94321.87,180,78,0
2026.02.16 05:12:00,94300.33,94311.07,94300.33,94311.07,180,78,0
2026.02.16 05:09:00,94289.53,94300.27,94289.53,94300.27,180,78,0
2026.02.16 05:06:00,94316.17,94324.33,94286.95,94289.47,180,78,0
2026.02.16 05:03:00,94320.52,94326.16,94311.07,94316.11,180,78,0
2026.02.16 05:00:00,94327.15,94336.33,94318.96,94320.46,180,78,0
2026.02.16 04:57:00,94316.35,94327.09,94316.35,94327.09,180,78,0
2026.02.16 04:54:00,94305.55,94316.29,94305.55,94316.29,180,78,0
2026.02.16 04:51:00,94294.75,94305.49,94294.75,94305.49,180,78,0
2026.02.16 04:48:00,94283.95,94294.69,94283.95,94294.69,180,78,0
2026.02.16 04:45:00,94273.15,94283.89,94273.15,94283.89,180,78,0
2026.02.16 04:42:00,94279.64,94281.14,94263.91,94273.09,180,78,0
2026.02.16 04:39:00,94268.84,94279.58,94268.84,94279.58,180,78,0
2026.02.16 04:36:00,94258.04,94268.78,94258.04,94268.78,180,78,0
2026.02.16 04:33:00,94247.24,94257.98,94247.24,94257.98,180,78,0
2026.02.16 04:30:00,94236.44,94247.18,94236.44,94247.18,180,78,0
2026.02.16 04:27:00,94225.64,94236.38,94225.64,94236.38,180,78,0
2026.02.16 04:24:00,94214.84,94225.58,94214.84,94225.58,180,78,0
2026.02.16 04:21:00,94204.04,94214.78,94204.04,94214.78,180,78,0
2026.02.16 04:18:00,94193.24,94203.98,94193.24,94203.98,180,78,0
2026.02.16 04:15:00,94182.44,94193.18,94182.44,94193.18,180,78,0
2026.02.16 04:12:00,94171.64,94182.38,94171.64,94182.38,180,78,0
2026.02.16 04:09:00,94160.84,94171.58,94160.84,94171.58,180,78,0
2026.02.16 04:06:00,94183.97,94189.31,94155.44,94160.78,180,78,0
2026.02.16 04:03:00,94173.17,94183.91,94173.17,94183.91,180,78,0
2026.02.16 04:00:00,94162.37,94173.11,94162.37,94173.11,180,78,0
2026.02.16 03:57:00,94151.57,94162.31,94151.57,94162.31,180,78,0
2026.02.16 03:54:00,94140.77,94151.51,94140.77,94151.51,180,78,0
2026.02.16 03:51:00,94129.97,94140.71,94129.97,94140.71,180,78,0
2026.02.16 03:48:00,94119.17,94129.91,94119.17,94129.91,180,78,0
2026.02.16 03:45:00,94108.37,94119.11,94108.37,94119.11,180,78,0
2026.02.16 03:42:00,94097.57,94108.31,94097.57,94108.31,180,78,0
2026.02.16 03:39:00,94106.59,94107.49,94087.73,94097.51,180,78,0
2026.02.16 03:36:00,94125.51,94132.83,94103.17,94106.53,180,78,0
2026.02.16 03:33:00,94114.71,94125.45,94114.71,94125.45,180,78,0
2026.02.16 03:30:00,94129.70,94135.16,94109.43,94114.65,180,78,0
2026.02.16 03:27:00,94118.90,94129.64,94118.90,94129.64,180,78,0
2026.02.16 03:24:00,94108.10,94118.84,94108.10,94118.84,180,78,0
2026.02.16 03:21:00,94097.30,94108.04,94097.30,94108.04,180,78,0
2026.02.16 03:18:00,94086.50,94097.24,94086.50,94097.24,180,78,0
2026.02.16 03:15:00,94075.70,94086.44,94075.70,94086.44,180,78,0
2026.02.16 03:12:00,94097.08,94102.96,94070.84,94075.64,180,78,0
2026.02.16 03:09:00,94126.82,94131.56,94092.76,94097.02,180,78,0
2026.02.16 03:06:00,94131.48,94135.50,94120.10,94126.76,180,78,0
2026.02.16 03:03:00,94151.18,94157.18,94126.74,94131.42,180,78,0
2026.02.16 03:00:00,94140.38,94151.12,94140.38,94151.12,180,78,0
2026.02.16 02:57:00,94141.70,94147.76,94135.70,94140.32,180,78,0
2026.02.16 02:54:00,94161.76,94164.64,94133.84,94141.64,180,78,0
2026.02.16 02:51:00,94175.12,94178.00,94153.90,94161.70,180,78,0
2026.02.16 02:48:00,94164.32,94175.06,94164.32,94175.06,180,78,0
2026.02.16 02:45:00,94205.80,94206.82,94163.24,94164.26,180,78,0
2026.02.16 02:42:00,94195.00,94205.74,94195.00,94205.74,180,78,0
2026.02.16 02:39:00,94215.98,94226.54,94194.82,94194.94,180,78,0
2026.02.16 02:36:00,94205.18,94215.92,94205.18,94215.92,180,78,0
2026.02.16 02:33:00,94219.38,94224.30,94199.36,94205.12,180,78,0
2026.02.16 02:30:00,94208.58,94219.32,94208.58,94219.32,180,78,0
2026.02.16 02:27:00,94197.78,94208.52,94197.78,94208.52,180,78,0
2026.02.16 02:24:00,94186.98,94197.72,94186.98,94197.72,180,78,0
2026.02.16 02:21:00,94176.18,94186.92,94176.18,94186.92,180,78,0
2026.02.16 02:18:00,94165.38,94176.12,94165.38,94176.12,180,78,0
2026.02.16 02:15:00,94154.58,94165.32,94154.58,94165.32,180,78,0
2026.02.16 02:12:00,94143.78,94154.52,94143.78,94154.52,180,78,0
2026.02.16 02:09:00,94132.98,94143.72,94132.98,94143.72,180,78,0
2026.02.16 02:06:00,94151.51,94157.27,94128.00,94132.92,180,78,0
2026.02.16 02:03:00,94140.71,94151.45,94140.71,94151.45,180,78,0
2026.02.16 02:00:00,94157.38,94167.40,94139.99,94140.65,180,78,0
2026.02.16 01:57:00,94146.58,94157.32,94146.58,94157.32,180,78,0
2026.02.16 01:54:00,94135.78,94146.52,94135.78,94146.52,180,78,0
2026.02.16 01:51:00,94124.98,94135.72,94124.98,94135.72,180,78,0
2026.02.16 01:48:00,94114.18,94124.92,94114.18,94124.92,180,78,0
2026.02.16 01:45:00,94123.80,94129.20,94108.84,94114.12,180,78,0
2026.02.16 01:42:00,94129.22,94134.68,94118.52,94123.74,180,78,0
2026.02.16 01:39:00,94147.86,94156.50,94127.12,94129.16,180,78,0
2026.02.16 01:36:00,94164.47,94165.49,94138.14,94147.80,180,78,0
2026.02.16 01:33:00,94153.67,94164.41,94153.67,94164.41,180,78,0
2026.02.16 01:30:00,94158.77,94165.97,94150.13,94153.61,180,78,0
2026.02.16 01:27:00,94199.73,94199.79,94156.91,94158.71,180,78,0
2026.02.16 01:24:00,94188.93,94199.67,94188.93,94199.67,180,78,0
2026.02.16 01:21:00,94178.13,94188.87,94178.13,94188.87,180,78,0
2026.02.16 01:18:00,94196.14,94198.96,94170.21,94178.07,180,78,0
2026.02.16 01:15:00,94185.34,94196.08,94185.34,94196.08,180,78,0
2026.02.16 01:12:00,94211.85,94212.15,94174.90,94185.28,180,78,0
2026.02.16 01:09:00,94251.83,94251.89,94202.97,94211.79,180,78,0
2026.02.16 01:06:00,94241.03,94251.77,94241.03,94251.77,180,78,0
2026.02.16 01:03:00,94230.23,94240.97,94230.23,94240.97,180,78,0
2026.02.16 01:00:00,94235.86,94241.80,94225.43,94230.17,180,78,0
2026.02.16 00:57:00,94225.06,94235.80,94225.06,94235.80,180,78,0
2026.02.16 00:54:00,94214.26,94225.00,94214.26,94225.00,180,78,0
2026.02.16 00:51:00,94203.46,94214.20,94203.46,94214.20,180,78,0
2026.02.16 00:48:00,94192.66,94203.40,94192.66,94203.40,180,78,0
2026.02.16 00:45:00,94199.77,94200.85,94183.00,94192.60,180,78,0
2026.02.16 00:42:00,94188.97,94199.71,94188.97,94199.71,180,78,0
2026.02.16 00:39:00,94194.98,94196.42,94179.67,94188.91,180,78,0
2026.02.16 00:36:00,94184.18,94194.92,94184.18,94194.92,180,78,0
2026.02.16 00:33:00,94173.38,94184.12,94173.38,94184.12,180,78,0
2026.02.16 00:30:00,94185.32,94193.54,94170.86,94173.32,180,78,0
2026.02.16 00:27:00,94174.52,94185.26,94174.52,94185.26,180,78,0
2026.02.16 00:24:00,94163.72,94174.46,94163.72,94174.46,180,78,0
2026.02.16 00:21:00,94152.92,94163.66,94152.92,94163.66,180,78,0
2026.02.16 00:18:00,94142.12,94152.86,94142.12,94152.86,180,78,0
2026.02.16 00:15:00,94131.32,94142.06,94131.32,94142.06,180,78,0
2026.02.16 00:12:00,94120.52,94131.26,94120.52,94131.26,180,78,0
2026.02.16 00:09:00,94109.72,94120.46,94109.72,94120.46,180,78,0
2026.02.16 00:06:00,94150.43,94153.01,94108.52,94109.66,180,78,0
2026.02.16 00:03:00,94139.63,94150.37,94139.63,94150.37,180,78,0
2026.02.16 00:00:00,94179.44,94188.14,94161.53,94163.51,180,78,0
2026.02.15 23:57:00,94168.64,94179.38,94168.64,94179.38,180,78,0
2026.02.15 23:54:00,94157.84,94168.58,94157.84,94168.58,180,78,0
2026.02.15 23:51:00,94147.04,94157.78,94147.04,94157.78,180,78,0
2026.02.15 23:48:00,94136.24,94146.98,94136.24,94146.98,180,78,0
2026.02.15 23:45:00,94125.44,94136.18,94125.44,94136.18,180,78,0
2026.02.15 23:42:00,94160.51,94166.93,94121.90,94125.38,180,78,0
2026.02.15 23:39:00,94149.71,94160.45,94149.71,94160.45,180,78,0
2026.02.15 23:36:00,94157.09,94157.09,94138.97,94149.65,180,78,0
2026.02.15 23:33:00,94192.45,94199.23,94153.13,94157.03,180,78,0
2026.02.15 23:30:00,94181.65,94192.39,94181.65,94192.39,180,78,0
2026.02.15 23:27:00,94199.54,94200.86,94172.23,94181.59,180,78,0
2026.02.15 23:24:00,94206.90,94213.20,94195.10,94199.48,180,78,0
2026.02.15 23:21:00,94226.62,94236.70,94206.24,94206.84,180,78,0
2026.02.15 23:18:00,94215.82,94226.56,94215.82,94226.56,180,78,0
2026.02.15 23:15:00,94226.97,94228.65,94206.76,94215.76,180,78,0
2026.02.15 23:12:00,94216.17,94226.91,94216.17,94226.91,180,78,0
2026.02.15 23:09:00,94205.37,94216.11,94205.37,94216.11,180,78,0
2026.02.15 23:06:00,94194.57,94205.31,94194.57,94205.31,180,78,0
2026.02.15 23:03:00,94183.77,94194.51,94183.77,94194.51,180,78,0
2026.02.15 23:00:00,94172.97,94183.71,94172.97,94183.71,180,78,0
2026.02.15 22:57:00,94162.17,94172.91,94162.17,94172.91,180,78,0
2026.02.15 22:54:00,94151.37,94162.11,94151.37,94162.11,180,78,0
2026.02.15 22:51:00,94160.80,94164.28,94144.11,94151.31,180,78,0
2026.02.15 22:48:00,94150.00,94160.74,94150.00,94160.74,180,78,0
2026.02.15 22:45:00,94180.11,94189.35,94148.50,94149.94,180,78,0
2026.02.15 22:42:00,94169.31,94180.05,94169.31,94180.05,180,78,0
2026.02.15 22:39:00,94158.51,94169.25,94158.51,94169.25,180,78,0
2026.02.15 22:36:00,94165.76,94174.16,94156.17,94158.45,180,78,0
2026.02.15 22:33:00,94154.96,94165.70,94154.96,94165.70,180,78,0
2026.02.15 22:30:00,94144.16,94154.90,94144.16,94154.90,180,78,0
2026.02.15 22:27:00,94133.36,94144.10,94133.36,94144.10,180,78,0
2026.02.15 22:24:00,94145.75,94152.23,94129.10,94133.30,180,78,0
2026.02.15 22:21:00,94158.87,94164.93,94141.07,94145.69,180,78,0
2026.02.15 22:18:00,94167.12,94171.62,94152.63,94158.81,180,78,0
2026.02.15 22:15:00,94156.32,94167.06,94156.32,94167.06,180,78,0
2026.02.15 22:12:00,94145.52,94156.26,94145.52,94156.26,180,78,0
2026.02.15 22:09:00,94134.72,94145.46,94134.72,94145.46,180,78,0
2026.02.15 22:06:00,94123.92,94134.66,94123.92,94134.66,180,78,0
2026.02.15 22:03:00,94113.12,94123.86,94113.12,94123.86,180,78,0
2026.02.15 22:00:00,94141.82,94142.60,94107.78,94113.06,180,78,0
2026.02.15 21:57:00,94131.02,94141.76,94131.02,94141.76,180,78,0
2026.02.15 21:54:00,94120.22,94130.96,94120.22,94130.96,180,78,0
2026.02.15 21:51:00,94109.42,94120.16,94109.42,94120.16,180,78,0
2026.02.15 21:48:00,94098.62,94109.36,94098.62,94109.36,180,78,0
2026.02.15 21:45:00,94087.82,94098.56,94087.82,94098.56,180,78,0
2026.02.15 21:42:00,94077.02,94087.76,94077.02,94087.76,180,78,0
2026.02.15 21:39:00,94066.22,94076.96,94066.22,94076.96,180,78,0
2026.02.15 21:36:00,94096.71,94102.71,94064.24,94066.16,180,78,0
2026.02.15 21:33:00,94085.91,94096.65,94085.91,94096.65,180,78,0
2026.02.15 21:30:00,94075.11,94085.85,94075.11,94085.85,180,78,0
2026.02.15 21:27:00,94092.12,94097.04,94069.29,94075.05,180,78,0
2026.02.15 21:24:00,94117.47,94126.35,94090.80,94092.06,180,78,0
2026.02.15 21:21:00,94106.67,94117.41,94106.67,94117.41,180,78,0
2026.02.15 21:18:00,94121.97,94126.41,94100.37,94106.61,180,78,0
2026.02.15 21:15:00,94111.17,94121.91,94111.17,94121.91,180,78,0
2026.02.15 21:12:00,94100.37,94111.11,94100.37,94111.11,180,78,0
2026.02.15 21:09:00,94122.11,94129.01,94096.53,94100.31,180,78,0
2026.02.15 21:06:00,94111.31,94122.05,94111.31,94122.05,180,78,0
2026.02.15 21:03:00,94100.51,94111.25,94100.51,94111.25,180,78,0
2026.02.15 21:00:00,94110.21,94112.79,94092.35,94100.45,180,78,0
2026.02.15 20:57:00,94099.41,94110.15,94099.41,94110.15,180,78,0
2026.02.15 20:54:00,94115.17,94124.47,94097.97,94099.35,180,78,0
2026.02.15 20:51:00,94133.30,94144.04,94133.30,94144.04,180,78,0
2026.02.15 20:48:00,94143.19,94151.65,94131.02,94133.24,180,78,0
2026.02.15 20:45:00,94183.27,94185.49,94142.17,94143.13,180,78,0
2026.02.15 20:42:00,94172.47,94183.21,94172.47,94183.21,180,78,0
2026.02.15 20:39:00,94185.94,94187.44,94163.23,94172.41,180,78,0
2026.02.15 20:36:00,94189.28,94194.74,94180.66,94185.88,180,78,0
2026.02.15 20:33:00,94178.48,94189.22,94178.48,94189.22,180,78,0
2026.02.15 20:30:00,94215.56,94220.06,94172.24,94178.42,180,78,0
2026.02.15 20:27:00,94204.76,94215.50,94204.76,94215.50,180,78,0
2026.02.15 20:24:00,94193.96,94204.70,94193.96,94204.70,180,78,0
2026.02.15 20:21:00,94183.16,94193.90,94183.16,94193.90,180,78,0
2026.02.15 20:18:00,94201.49,94208.45,94179.38,94183.10,180,78,0
2026.02.15 20:15:00,94190.69,94201.43,94190.69,94201.43,180,78,0
2026.02.15 20:12:00,94179.89,94190.63,94179.89,94190.63,180,78,0
2026.02.15 20:09:00,94190.86,94192.54,94170.83,94179.83,180,78,0
2026.02.15 20:06:00,94206.06,94212.84,94186.90,94190.80,180,78,0
2026.02.15 20:03:00,94195.26,94206.00,94195.26,94206.00,180,78,0
2026.02.15 20:00:00,94184.46,94195.20,94184.46,94195.20,180,78,0
2026.02.15 19:57:00,94197.42,94204.14,94180.44,94184.40,180,78,0
2026.02.15 19:54:00,94204.58,94213.22,94195.32,94197.36,180,78,0
2026.02.15 19:51:00,94193.78,94204.52,94193.78,94204.52,180,78,0
2026.02.15 19:48:00,94182.98,94193.72,94182.98,94193.72,180,78,0
2026.02.15 19:45:00,94172.18,94182.92,94172.18,94182.92,180,78,0
2026.02.15 19:42:00,94161.38,94172.12,94161.38,94172.12,180,78,0
2026.02.15 19:39:00,94150.58,94161.32,94150.58,94161.32,180,78,0
2026.02.15 19:36:00,94153.14,94155.00,94141.70,94150.52,180,78,0
2026.02.15 19:33:00,94142.34,94153.08,94142.34,94153.08,180,78,0
2026.02.15 19:30:00,94131.54,94142.28,94131.54,94142.28,180,78,0
2026.02.15 19:27:00,94120.74,94131.48,94120.74,94131.48,180,78,0
2026.02.15 19:24:00,94138.56,94146.42,94117.86,94120.68,180,78,0
2026.02.15 19:21:00,94127.76,94138.50,94127.76,94138.50,180,78,0
2026.02.15 19:18:00,94116.96,94127.70,94116.96,94127.70,180,78,0
2026.02.15 19:15:00,94148.33,94151.21,94114.02,94116.90,180,78,0
2026.02.15 19:12:00,94137.53,94148.27,94137.53,94148.27,180,78,0
2026.02.15 19:09:00,94143.38,94146.74,94130.15,94137.47,180,78,0
2026.02.15 19:06:00,94132.58,94143.32,94132.58,94143.32,180,78,0
2026.02.15 19:03:00,94121.78,94132.52,94121.78,94132.52,180,78,0
2026.02.15 19:00:00,94110.98,94121.72,94110.98,94121.72,180,78,0
2026.02.15 18:57:00,94118.37,94125.21,94107.08,94110.92,180,78,0
2026.02.15 18:54:00,94107.57,94118.31,94107.57,94118.31,180,78,0
2026.02.15 18:51:00,94096.77,94107.51,94096.77,94107.51,180,78,0
2026.02.15 18:48:00,94085.97,94096.71,94085.97,94096.71,180,78,0
2026.02.15 18:45:00,94075.17,94085.91,94075.17,94085.91,180,78,0
2026.02.15 18:42:00,94064.37,94075.11,94064.37,94075.11,180,78,0
2026.02.15 18:39:00,94078.39,94089.07,94064.31,94064.31,180,78,0
2026.02.15 18:36:00,94067.59,94078.33,94067.59,94078.33,180,78,0
2026.02.15 18:33:00,94056.79,94067.53,94056.79,94067.53,180,78,0
2026.02.15 18:30:00,94045.99,94056.73,94045.99,94056.73,180,78,0
2026.02.15 18:27:00,94068.15,94075.83,94042.93,94045.93,180,78,0
2026.02.15 18:24:00,94057.35,94068.09,94057.35,94068.09,180,78,0
2026.02.15 18:21:00,94046.55,94057.29,94046.55,94057.29,180,78,0
2026.02.15 18:18:00,94062.34,94070.08,94043.55,94046.49,180,78,0
2026.02.15 18:15:00,94051.54,94062.28,94051.54,94062.28,180,78,0
2026.02.15 18:12:00,94040.74,94051.48,94040.74,94051.48,180,78,0
2026.02.15 18:09:00,94029.94,94040.68,94029.94,94040.68,180,78,0
2026.02.15 18:06:00,94052.11,94060.87,94027.96,94029.88,180,78,0
2026.02.15 18:03:00,94041.31,94052.05,94041.31,94052.05,180,78,0
2026.02.15 18:00:00,94049.84,94053.44,94034.17,94041.25,180,78,0
2026.02.15 17:57:00,94039.04,94049.78,94039.04,94049.78,180,78,0
2026.02.15 17:54:00,94028.24,94038.98,94028.24,94038.98,180,78,0
2026.02.15 17:51:00,94030.79,94040.33,94027.04,94028.18,180,78,0
2026.02.15 17:48:00,94019.99,94030.73,94019.99,94030.73,180,78,0
2026.02.15 17:45:00,94056.42,94059.24,94012.07,94019.93,180,78,0
2026.02.15 17:42:00,94045.62,94056.36,94045.62,94056.36,180,78,0
2026.02.15 17:39:00,94034.82,94045.56,94034.82,94045.56,180,78,0
2026.02.15 17:36:00,94076.54,94078.34,94033.92,94034.76,180,78,0
2026.02.15 17:33:00,94065.74,94076.48,94065.74,94076.48,180,78,0
2026.02.15 17:30:00,94068.95,94075.85,94061.90,94065.68,180,78,0
2026.02.15 17:27:00,94058.15,94068.89,94058.15,94068.89,180,78,0
2026.02.15 17:24:00,94047.35,94058.09,94047.35,94058.09,180,78,0
2026.02.15 17:21:00,94036.55,94047.29,94036.55,94047.29,180,78,0
2026.02.15 17:18:00,94025.75,94036.49,94025.75,94036.49,180,78,0
2026.02.15 17:15:00,94014.95,94025.69,94014.95,94025.69,180,78,0
2026.02.15 17:12:00,94053.96,94054.86,94012.55,94014.89,180,78,0
2026.02.15 17:09:00,94057.46,94067.78,94053.54,94053.90,180,78,0
2026.02.15 17:06:00,94046.66,94057.40,94046.66,94057.40,180,78,0
2026.02.15 17:03:00,94035.86,94046.60,94035.86,94046.60,180,78,0
2026.02.15 17:00:00,94025.06,94035.80,94025.06,94035.80,180,78,0
2026.02.15 16:57:00,94014.26,94025.00,94014.26,94025.00,180,78,0
2026.02.15 16:54:00,94003.46,94014.20,94003.46,94014.20,180,78,0
2026.02.15 16:51:00,93992.66,94003.40,93992.66,94003.40,180,78,0
2026.02.15 16:48:00,93981.86,93992.60,93981.86,93992.60,180,78,0
2026.02.15 16:45:00,93994.56,94003.56,93980.12,93981.80,180,78,0
2026.02.15 16:42:00,94010.75,94012.07,93985.14,93994.50,180,78,0
2026.02.15 16:39:00,93999.95,94010.69,93999.95,94010.69,180,78,0
2026.02.15 16:36:00,93989.15,93999.89,93989.15,93999.89,180,78,0
2026.02.15 16:33:00,93978.35,93989.09,93978.35,93989.09,180,78,0
2026.02.15 16:30:00,93967.55,93978.29,93967.55,93978.29,180,78,0
2026.02.15 16:27:00,93956.75,93967.49,93956.75,93967.49,180,78,0
2026.02.15 16:24:00,93945.95,93956.69,93945.95,93956.69,180,78,0
2026.02.15 16:21:00,93935.15,93945.89,93935.15,93945.89,180,78,0
2026.02.15 16:18:00,93924.35,93935.09,93924.35,93935.09,180,78,0
2026.02.15 16:15:00,93913.55,93924.29,93913.55,93924.29,180,78,0
2026.02.15 16:12:00,93902.75,93913.49,93902.75,93913.49,180,78,0
2026.02.15 16:09:00,93908.97,93912.93,93895.97,93902.69,180,78,0
2026.02.15 16:06:00,93898.17,93908.91,93898.17,93908.91,180,78,0
2026.02.15 16:03:00,93887.37,93898.11,93887.37,93898.11,180,78,0
2026.02.15 16:00:00,93876.57,93887.31,93876.57,93887.31,180,78,0
2026.02.15 15:57:00,93865.77,93876.51,93865.77,93876.51,180,78,0
2026.02.15 15:54:00,93854.97,93865.71,93854.97,93865.71,180,78,0
2026.02.15 15:51:00,93844.17,93854.91,93844.17,93854.91,180,78,0
2026.02.15 15:48:00,93833.37,93844.11,93833.37,93844.11,180,78,0
2026.02.15 15:45:00,93822.57,93833.31,93822.57,93833.31,180,78,0
2026.02.15 15:42:00,93811.77,93822.51,93811.77,93822.51,180,78,0
2026.02.15 15:39:00,93800.97,93811.71,93800.97,93811.71,180,78,0
2026.02.15 15:36:00,93806.16,93807.90,93791.97,93800.91,180,78,0
2026.02.15 15:33:00,93813.30,93818.46,93800.58,93806.10,180,78,0
2026.02.15 15:30:00,93817.64,93818.90,93803.82,93813.24,180,78,0
2026.02.15 15:27:00,93829.92,93832.80,93809.78,93817.58,180,78,0
2026.02.15 15:24:00,93851.61,93856.59,93824.16,93829.86,180,78,0
2026.02.15 15:21:00,93881.89,93884.47,93843.45,93851.55,180,78,0
2026.02.15 15:18:00,93871.09,93881.83,93871.09,93881.83,180,78,0
2026.02.15 15:15:00,93860.29,93871.03,93860.29,93871.03,180,78,0
2026.02.15 15:12:00,93849.49,93860.23,93849.49,93860.23,180,78,0
2026.02.15 15:09:00,93871.53,93875.91,93843.13,93849.43,180,78,0
2026.02.15 15:06:00,93860.73,93871.47,93860.73,93871.47,180,78,0
2026.02.15 15:03:00,93874.94,93875.60,93850.65,93860.67,180,78,0
2026.02.15 15:00:00,93896.72,93903.38,93870.86,93874.88,180,78,0
2026.02.15 14:57:00,93917.64,93920.94,93889.28,93896.66,180,78,0
2026.02.15 14:54:00,93906.84,93917.58,93906.84,93917.58,180,78,0
2026.02.15 14:51:00,93946.11,93951.15,93906.12,93906.78,180,78,0
2026.02.15 14:48:00,93935.31,93946.05,93935.31,93946.05,180,78,0
2026.02.15 14:45:00,93924.51,93935.25,93924.51,93935.25,180,78,0
2026.02.15 14:42:00,93913.71,93924.45,93913.71,93924.45,180,78,0
2026.02.15 14:39:00,93902.91,93913.65,93902.91,93913.65,180,78,0
2026.02.15 14:36:00,93892.11,93902.85,93892.11,93902.85,180,78,0
2026.02.15 14:33:00,93881.31,93892.05,93881.31,93892.05,180,78,0
2026.02.15 14:30:00,93888.68,93889.04,93870.93,93881.25,180,78,0
2026.02.15 14:27:00,93919.16,93923.24,93887.12,93888.62,180,78,0
2026.02.15 14:24:00,93908.36,93919.10,93908.36,93919.10,180,78,0
2026.02.15 14:21:00,93897.56,93908.30,93897.56,93908.30,180,78,0
2026.02.15 14:18:00,93886.76,93897.50,93886.76,93897.50,180,78,0
2026.02.15 14:15:00,93926.88,93927.12,93880.22,93886.70,180,78,0
2026.02.15 14:12:00,93916.08,93926.82,93916.08,93926.82,180,78,0
2026.02.15 14:09:00,93905.28,93916.02,93905.28,93916.02,180,78,0
2026.02.15 14:06:00,93894.48,93905.22,93894.48,93905.22,180,78,0
2026.02.15 14:03:00,93883.68,93894.42,93883.68,93894.42,180,78,0
2026.02.15 14:00:00,93872.88,93883.62,93872.88,93883.62,180,78,0
2026.02.15 13:57:00,93875.96,93880.34,93866.52,93872.82,180,78,0
2026.02.15 13:54:00,93923.48,93925.22,93874.34,93875.90,180,78,0
2026.02.15 13:51:00,93912.68,93923.42,93912.68,93923.42,180,78,0
2026.02.15 13:48:00,93901.88,93912.62,93901.88,93912.62,180,78,0
2026.02.15 13:45:00,93891.08,93901.82,93891.08,93901.82,180,78,0
2026.02.15 13:42:00,93880.28,93891.02,93880.28,93891.02,180,78,0
2026.02.15 13:39:00,93869.48,93880.22,93869.48,93880.22,180,78,0
2026.02.15 13:36:00,93888.33,93891.87,93862.28,93869.42,180,78,0
2026.02.15 13:33:00,93877.53,93888.27,93877.53,93888.27,180,78,0
2026.02.15 13:30:00,93866.73,93877.47,93866.73,93877.47,180,78,0
2026.02.15 13:27:00,93888.29,93891.53,93859.23,93866.67,180,78,0
2026.02.15 13:24:00,93893.54,93896.24,93880.25,93888.23,180,78,0
2026.02.15 13:21:00,93896.24,93897.26,93883.82,93893.48,180,78,0
2026.02.15 13:18:00,93904.85,93908.27,93888.92,93896.18,180,78,0
2026.02.15 13:15:00,93894.05,93904.79,93894.05,93904.79,180,78,0
2026.02.15 13:12:00,93914.60,93914.60,93883.31,93893.99,180,78,0
2026.02.15 13:09:00,93903.80,93914.54,93903.80,93914.54,180,78,0
2026.02.15 13:06:00,93893.00,93903.74,93893.00,93903.74,180,78,0
2026.02.15 13:03:00,93903.44,93912.74,93891.56,93892.94,180,78,0
2026.02.15 13:00:00,93917.45,93923.69,93898.94,93903.38,180,78,0
2026.02.15 12:57:00,93906.65,93917.39,93906.65,93917.39,180,78,0
2026.02.15 12:54:00,93919.17,93926.73,93903.47,93906.59,180,78,0
2026.02.15 12:51:00,93926.89,93929.05,93910.59,93919.11,180,78,0
2026.02.15 12:48:00,93916.09,93926.83,93916.09,93926.83,180,78,0
2026.02.15 12:45:00,93919.78,93922.54,93908.11,93916.03,180,78,0
2026.02.15 12:42:00,93908.98,93919.72,93908.98,93919.72,180,78,0
2026.02.15 12:39:00,93898.18,93908.92,93898.18,93908.92,180,78,0
2026.02.15 12:36:00,93914.10,93915.42,93888.76,93898.12,180,78,0
2026.02.15 12:33:00,93903.30,93914.04,93903.30,93914.04,180,78,0
2026.02.15 12:30:00,93892.50,93903.24,93892.50,93903.24,180,78,0
2026.02.15 12:27:00,93881.70,93892.44,93881.70,93892.44,180,78,0
2026.02.15 12:24:00,93888.02,93898.22,93881.16,93881.64,180,78,0
2026.02.15 12:21:00,93894.87,93897.45,93879.86,93887.96,180,78,0
2026.02.15 12:18:00,93911.57,93918.11,93890.67,93894.81,180,78,0
2026.02.15 12:15:00,93900.77,93911.51,93900.77,93911.51,180,78,0
2026.02.15 12:12:00,93889.97,93900.71,93889.97,93900.71,180,78,0
2026.02.15 12:09:00,93879.17,93889.91,93879.17,93889.91,180,78,0
2026.02.15 12:06:00,93891.37,93899.65,93876.71,93879.11,180,78,0
2026.02.15 12:03:00,93880.57,93891.31,93880.57,93891.31,180,78,0
2026.02.15 12:00:00,93914.60,93919.58,93874.81,93880.51,180,78,0
2026.02.15 11:57:00,93937.54,93947.50,93913.82,93914.54,180,78,0
2026.02.15 11:54:00,93926.74,93937.48,93926.74,93937.48,180,78,0
2026.02.15 11:51:00,93915.94,93926.68,93915.94,93926.68,180,78,0
2026.02.15 11:48:00,93905.14,93915.88,93905.14,93915.88,180,78,0
2026.02.15 11:45:00,93894.34,93905.08,93894.34,93905.08,180,78,0
2026.02.15 11:42:00,93912.21,93913.77,93885.16,93894.28,180,78,0
2026.02.15 11:39:00,93929.20,93931.60,93903.87,93912.15,180,78,0
2026.02.15 11:36:00,93918.40,93929.14,93918.40,93929.14,180,78,0
2026.02.15 11:33:00,93907.60,93918.34,93907.60,93918.34,180,78,0
2026.02.15 11:30:00,93896.80,93907.54,93896.80,93907.54,180,78,0
2026.02.15 11:27:00,93907.76,93909.14,93887.44,93896.74,180,78,0
2026.02.15 11:24:00,93896.96,93907.70,93896.96,93907.70,180,78,0
2026.02.15 11:21:00,93909.50,93914.48,93891.20,93896.90,180,78,0
2026.02.15 11:18:00,93898.70,93909.44,93898.70,93909.44,180,78,0
2026.02.15 11:15:00,93935.57,93935.93,93888.32,93898.64,180,78,0
2026.02.15 11:12:00,93924.77,93935.51,93924.77,93935.51,180,78,0
2026.02.15 11:09:00,93913.97,93924.71,93913.97,93924.71,180,78,0
2026.02.15 11:06:00,93941.30,93945.14,93907.07,93913.91,180,78,0
2026.02.15 11:03:00,93930.50,93941.24,93930.50,93941.24,180,78,0
2026.02.15 11:00:00,93919.70,93930.44,93919.70,93930.44,180,78,0
2026.02.15 10:57:00,93908.90,93919.64,93908.90,93919.64,180,78,0
2026.02.15 10:54:00,93919.88,93927.68,93905.96,93908.84,180,78,0
2026.02.15 10:51:00,93909.08,93919.82,93909.08,93919.82,180,78,0
2026.02.15 10:48:00,93898.28,93909.02,93898.28,93909.02,180,78,0
2026.02.15 10:45:00,93887.48,93898.22,93887.48,93898.22,180,78,0
2026.02.15 10:42:00,93876.68,93887.42,93876.68,93887.42,180,78,0
2026.02.15 10:39:00,93865.88,93876.62,93865.88,93876.62,180,78,0
2026.02.15 10:36:00,93855.08,93865.82,93855.08,93865.82,180,78,0
2026.02.15 10:33:00,93844.28,93855.02,93844.28,93855.02,180,78,0
2026.02.15 10:30:00,93833.48,93844.22,93833.48,93844.22,180,78,0
2026.02.15 10:27:00,93822.68,93833.42,93822.68,93833.42,180,78,0
2026.02.15 10:24:00,93811.88,93822.62,93811.88,93822.62,180,78,0
2026.02.15 10:21:00,93801.08,93811.82,93801.08,93811.82,180,78,0
2026.02.15 10:18:00,93816.95,93822.35,93795.74,93801.02,180,78,0
2026.02.15 10:15:00,93806.15,93816.89,93806.15,93816.89,180,78,0
2026.02.15 10:12:00,93795.35,93806.09,93795.35,93806.09,180,78,0
2026.02.15 10:09:00,93837.77,93842.27,93793.07,93795.29,180,78,0
2026.02.15 10:06:00,93864.30,93872.04,93834.77,93837.71,180,78,0
2026.02.15 10:03:00,93853.50,93864.24,93853.50,93864.24,180,78,0
2026.02.15 10:00:00,93842.70,93853.44,93842.70,93853.44,180,78,0
2026.02.15 09:57:00,93831.90,93842.64,93831.90,93842.64,180,78,0
2026.02.15 09:54:00,93821.10,93831.84,93821.10,93831.84,180,78,0
2026.02.15 09:51:00,93810.30,93821.04,93810.30,93821.04,180,78,0
2026.02.15 09:48:00,93799.50,93810.24,93799.50,93810.24,180,78,0
2026.02.15 09:45:00,93809.79,93815.07,93794.04,93799.44,180,78,0
2026.02.15 09:42:00,93798.99,93809.73,93798.99,93809.73,180,78,0
2026.02.15 09:39:00,93788.19,93798.93,93788.19,93798.93,180,78,0
2026.02.15 09:36:00,93777.39,93788.13,93777.39,93788.13,180,78,0
2026.02.15 09:33:00,93766.59,93777.33,93766.59,93777.33,180,78,0
2026.02.15 09:30:00,93755.79,93766.53,93755.79,93766.53,180,78,0
2026.02.15 09:27:00,93744.99,93755.73,93744.99,93755.73,180,78,0
2026.02.15 09:24:00,93763.70,93765.08,93738.33,93744.93,180,78,0
2026.02.15 09:21:00,93752.90,93763.64,93752.90,93763.64,180,78,0
2026.02.15 09:18:00,93765.50,93767.96,93744.62,93752.84,180,78,0
2026.02.15 09:15:00,93814.94,93817.16,93763.58,93765.44,180,78,0
2026.02.15 09:12:00,93804.14,93814.88,93804.14,93814.88,180,78,0
2026.02.15 09:09:00,93812.68,93819.76,93800.48,93804.08,180,78,0
2026.02.15 09:06:00,93829.80,93834.78,93807.16,93812.62,180,78,0
2026.02.15 09:03:00,93819.00,93829.74,93819.00,93829.74,180,78,0
2026.02.15 09:00:00,93808.20,93818.94,93808.20,93818.94,180,78,0
2026.02.15 08:57:00,93797.40,93808.14,93797.40,93808.14,180,78,0
2026.02.15 08:54:00,93786.60,93797.34,93786.60,93797.34,180,78,0
2026.02.15 08:51:00,93809.18,93815.36,93782.04,93786.54,180,78,0
2026.02.15 08:48:00,93798.38,93809.12,93798.38,93809.12,180,78,0
2026.02.15 08:45:00,93816.61,93826.27,93797.30,93798.32,180,78,0
2026.02.15 08:42:00,93818.60,93825.68,93812.95,93816.55,180,78,0
2026.02.15 08:39:00,93833.92,93840.76,93814.70,93818.54,180,78,0
2026.02.15 08:36:00,93823.12,93833.86,93823.12,93833.86,180,78,0
2026.02.15 08:33:00,93812.32,93823.06,93812.32,93823.06,180,78,0
2026.02.15 08:30:00,93801.52,93812.26,93801.52,93812.26,180,78,0
2026.02.15 08:27:00,93822.04,93831.04,93799.78,93801.46,180,78,0
2026.02.15 08:24:00,93811.24,93821.98,93811.24,93821.98,180,78,0
2026.02.15 08:21:00,93800.44,93811.18,93800.44,93811.18,180,78,0
2026.02.15 08:18:00,93830.60,93835.76,93794.86,93800.38,180,78,0
2026.02.15 08:15:00,93819.80,93830.54,93819.80,93830.54,180,78,0
2026.02.15 08:12:00,93809.00,93819.74,93809.00,93819.74,180,78,0
2026.02.15 08:09:00,93798.20,93808.94,93798.20,93808.94,180,78,0
2026.02.15 08:06:00,93787.40,93798.14,93787.40,93798.14,180,78,0
2026.02.15 08:03:00,93776.60,93787.34,93776.60,93787.34,180,78,0
2026.02.15 08:00:00,93765.80,93776.54,93765.80,93776.54,116,78,0
2026.02.15 07:57:00,93755.00,93765.74,93755.00,93765.74,180,78,0
2026.02.15 07:54:00,93761.56,93764.80,93747.50,93754.94,180,78,0
2026.02.15 07:51:00,93781.45,93790.45,93760.84,93761.50,113,78,0
2026.02.15 07:48:00,93770.65,93781.39,93770.65,93781.39,180,78,0
2026.02.15 07:45:00,93759.85,93770.59,93759.85,93770.59,180,78,0
2026.02.15 07:42:00,93749.05,93759.79,93749.05,93759.79,180,78,0
2026.02.15 07:39:00,93753.15,93756.15,93741.31,93748.99,180,78,0
2026.02.15 07:36:00,93742.35,93753.09,93742.35,93753.09,180,78,0
2026.02.15 07:33:00,93731.55,93742.29,93731.55,93742.29,180,78,0
2026.02.15 07:30:00,93720.75,93731.49,93720.75,93731.49,180,78,0
2026.02.15 07:27:00,93734.29,93737.17,93712.89,93720.69,180,78,0
2026.02.15 07:24:00,93723.49,93734.23,93723.49,93734.23,180,78,0
2026.02.15 07:21:00,93712.69,93723.43,93712.69,93723.43,180,78,0
2026.02.15 07:18:00,93715.98,93723.84,93709.81,93712.63,180,78,0
2026.02.15 07:15:00,93741.85,93745.15,93708.54,93715.92,180,78,0
2026.02.15 07:12:00,93731.05,93741.79,93731.05,93741.79,180,78,0
2026.02.15 07:09:00,93720.25,93730.99,93720.25,93730.99,180,78,0
2026.02.15 07:06:00,93750.43,93751.39,93714.13,93720.19,180,78,0
2026.02.15 07:03:00,93739.69,93750.37,93739.69,93750.37,179,78,0
2026.02.15 07:00:00,93769.36,93778.72,93738.31,93739.63,180,78,0
2026.02.15 06:57:00,93769.30,93769.30,93769.30,93769.30,1,78,0
2026.02.15 06:48:00,93762.16,93769.24,93762.16,93769.24,119,78,0
2026.02.15 06:45:00,93751.36,93762.10,93751.36,93762.10,180,78,0
2026.02.15 06:42:00,93758.83,93764.29,93746.08,93751.30,180,78,0
2026.02.15 06:39:00,93776.03,93780.23,93752.29,93758.77,180,78,0
2026.02.15 06:36:00,93765.23,93775.97,93765.23,93775.97,180,78,0
2026.02.15 06:33:00,93754.43,93765.17,93754.43,93765.17,180,78,0
2026.02.15 06:30:00,93743.63,93754.37,93743.63,93754.37,180,78,0
2026.02.15 06:27:00,93732.83,93743.57,93732.83,93743.57,180,78,0
2026.02.15 06:24:00,93722.03,93732.77,93722.03,93732.77,180,78,0
2026.02.15 06:21:00,93711.23,93721.97,93711.23,93721.97,180,78,0
2026.02.15 06:18:00,93700.43,93711.17,93700.43,93711.17,180,78,0
2026.02.15 06:15:00,93689.63,93700.37,93689.63,93700.37,180,78,0
2026.02.15 06:12:00,93678.83,93689.57,93678.83,93689.57,180,78,0
2026.02.15 06:09:00,93696.97,93697.09,93668.21,93678.77,180,78,0
2026.02.15 06:06:00,93686.17,93696.91,93686.17,93696.91,180,78,0
2026.02.15 06:03:00,93675.37,93686.11,93675.37,93686.11,180,78,0
2026.02.15 06:00:00,93664.57,93675.31,93664.57,93675.31,180,78,0
2026.02.15 05:57:00,93653.77,93664.51,93653.77,93664.51,180,78,0
2026.02.15 05:54:00,93681.54,93684.18,93645.67,93653.71,180,78,0
2026.02.15 05:51:00,93691.82,93699.14,93678.12,93681.48,180,78,0
2026.02.15 05:48:00,93717.02,93723.80,93687.86,93691.76,180,78,0
2026.02.15 05:45:00,93706.22,93716.96,93706.22,93716.96,180,78,0
2026.02.15 05:42:00,93695.42,93706.16,93695.42,93706.16,180,78,0
2026.02.15 05:39:00,93684.62,93695.36,93684.62,93695.36,180,78,0
2026.02.15 05:36:00,93700.55,93705.23,93678.56,93684.56,180,78,0
2026.02.15 05:33:00,93689.75,93700.49,93689.75,93700.49,180,78,0
2026.02.15 05:30:00,93678.95,93689.69,93678.95,93689.69,180,78,0
2026.02.15 05:27:00,93668.15,93678.89,93668.15,93678.89,180,78,0
2026.02.15 05:24:00,93657.35,93668.09,93657.35,93668.09,180,78,0
2026.02.15 05:21:00,93677.97,93680.31,93649.43,93657.29,180,78,0
2026.02.15 05:18:00,93667.17,93677.91,93667.17,93677.91,180,78,0
2026.02.15 05:15:00,93722.78,93728.78,93701.28,93705.96,180,78,0
2026.02.15 05:12:00,93761.29,93766.81,93718.10,93722.72,180,78,0
2026.02.15 05:09:00,93765.56,93766.40,93751.39,93761.23,180,78,0
2026.02.15 05:06:00,93754.76,93765.50,93754.76,93765.50,180,78,0
2026.02.15 05:03:00,93780.51,93785.43,93748.94,93754.70,180,78,0
2026.02.15 05:00:00,93792.71,93796.19,93773.25,93780.45,180,78,0
2026.02.15 04:57:00,93781.91,93792.65,93781.91,93792.65,180,78,0
2026.02.15 04:54:00,93771.11,93781.85,93771.11,93781.85,180,78,0
2026.02.15 04:51:00,93760.31,93771.05,93760.31,93771.05,180,78,0
2026.02.15 04:48:00,93761.56,93770.86,93758.87,93760.25,180,78,0
2026.02.15 04:45:00,93750.76,93761.50,93750.76,93761.50,180,78,0
2026.02.15 04:42:00,93777.02,93783.56,93746.56,93750.70,180,78,0
2026.02.15 04:39:00,93766.22,93776.96,93766.22,93776.96,180,78,0
2026.02.15 04:36:00,93805.67,93806.75,93757.52,93766.16,180,78,0
2026.02.15 04:33:00,93810.04,93812.56,93797.45,93805.61,180,78,0
2026.02.15 04:30:00,93799.24,93809.98,93799.24,93809.98,180,78,0
2026.02.15 04:27:00,93802.27,93803.05,93789.28,93799.18,180,78,0
2026.02.15 04:24:00,93791.47,93802.21,93791.47,93802.21,180,78,0
2026.02.15 04:21:00,93850.73,93854.57,93787.03,93791.41,180,78,0
2026.02.15 04:18:00,93839.93,93850.67,93839.93,93850.67,180,78,0
2026.02.15 04:15:00,93895.52,93899.72,93839.21,93839.87,180,78,0
2026.02.15 04:12:00,93884.72,93895.46,93884.72,93895.46,180,78,0
2026.02.15 04:09:00,93873.92,93884.66,93873.92,93884.66,180,78,0
2026.02.15 04:06:00,93905.30,93906.92,93868.40,93873.86,180,78,0
2026.02.15 04:03:00,93894.50,93905.24,93894.50,93905.24,180,78,0
2026.02.15 04:00:00,93918.96,93929.46,93894.26,93894.44,180,78,0
2026.02.15 03:57:00,93908.16,93918.90,93908.16,93918.90,180,78,0
2026.02.15 03:54:00,93940.50,93941.64,93898.56,93908.10,180,78,0
2026.02.15 03:51:00,93929.70,93940.44,93929.70,93940.44,180,78,0
2026.02.15 03:48:00,93918.90,93929.64,93918.90,93929.64,180,78,0
2026.02.15 03:45:00,93928.17,93929.67,93909.66,93918.84,180,78,0
2026.02.15 03:42:00,93917.37,93928.11,93917.37,93928.11,180,78,0
2026.02.15 03:39:00,93962.04,93965.70,93916.53,93917.31,180,78,0
2026.02.15 03:36:00,93951.24,93961.98,93951.24,93961.98,180,78,0
2026.02.15 03:33:00,93965.85,93972.33,93946.98,93951.18,180,78,0
2026.02.15 03:30:00,93982.37,93991.67,93964.41,93965.79,180,78,0
2026.02.15 03:27:00,93971.57,93982.31,93971.57,93982.31,180,78,0
2026.02.15 03:24:00,93960.77,93971.51,93960.77,93971.51,180,78,0
2026.02.15 03:21:00,93949.97,93960.71,93949.97,93960.71,180,78,0
2026.02.15 03:18:00,93939.17,93949.91,93939.17,93949.91,180,78,0
2026.02.15 03:15:00,93984.20,93986.00,93937.61,93939.11,180,78,0
2026.02.15 03:12:00,93973.40,93984.14,93973.40,93984.14,180,78,0
2026.02.15 03:09:00,93984.37,93992.47,93970.76,93973.34,180,78,0
2026.02.15 03:06:00,93973.57,93984.31,93973.57,93984.31,180,78,0
2026.02.15 03:03:00,93981.92,93988.64,93969.55,93973.51,180,78,0
2026.02.15 03:00:00,93971.12,93981.86,93971.12,93981.86,180,78,0
2026.02.15 02:57:00,93960.32,93971.06,93960.32,93971.06,180,78,0
2026.02.15 02:54:00,93949.52,93960.26,93949.52,93960.26,180,78,0
2026.02.15 02:51:00,93954.43,93961.03,93945.38,93949.46,180,78,0
2026.02.15 02:48:00,93965.69,93970.19,93948.19,93954.37,180,78,0
2026.02.15 02:45:00,93954.89,93965.63,93954.89,93965.63,180,78,0
2026.02.15 02:42:00,93967.42,93968.98,93945.71,93954.83,180,78,0
2026.02.15 02:39:00,93956.62,93967.36,93956.62,93967.36,180,78,0
2026.02.15 02:36:00,93987.75,93990.33,93949.72,93956.56,180,78,0
2026.02.15 02:33:00,93997.87,93999.01,93978.15,93987.69,180,78,0
2026.02.15 02:30:00,93987.07,93997.81,93987.07,93997.81,180,78,0
2026.02.15 02:27:00,93976.27,93987.01,93976.27,93987.01,180,78,0
2026.02.15 02:24:00,93980.60,93985.46,93970.39,93976.21,180,78,0
2026.02.15 02:21:00,93969.80,93980.54,93969.80,93980.54,180,78,0
2026.02.15 02:18:00,93958.94,93969.74,93958.94,93969.74,181,78,0
2026.02.15 02:15:00,93948.14,93958.88,93948.14,93958.88,180,78,0
2026.02.15 02:12:00,93937.34,93948.08,93937.34,93948.08,180,78,0
2026.02.15 02:09:00,93926.54,93937.28,93926.54,93937.28,180,78,0
2026.02.15 02:06:00,93915.74,93926.48,93915.74,93926.48,180,78,0
2026.02.15 02:03:00,93904.94,93915.68,93904.94,93915.68,180,78,0
2026.02.15 02:00:00,93906.50,93909.68,93897.38,93904.88,180,78,0
2026.02.15 01:57:00,93916.15,93922.63,93902.24,93906.44,180,78,0
2026.02.15 01:54:00,93928.48,93931.12,93908.05,93916.09,180,78,0
2026.02.15 01:51:00,93917.68,93928.42,93917.68,93928.42,180,78,0
2026.02.15 01:48:00,93906.88,93917.62,93906.88,93917.62,180,78,0
2026.02.15 01:45:00,93896.08,93906.82,93896.08,93906.82,180,78,0
2026.02.15 01:42:00,93885.28,93896.02,93885.28,93896.02,180,78,0
2026.02.15 01:39:00,93892.35,93894.09,93876.28,93885.22,180,78,0
2026.02.15 01:36:00,93881.55,93892.29,93881.55,93892.29,180,78,0
2026.02.15 01:33:00,93893.62,93899.38,93876.57,93881.49,180,78,0
2026.02.15 01:30:00,93882.82,93893.56,93882.82,93893.56,180,78,0
2026.02.15 01:27:00,93872.02,93882.76,93872.02,93882.76,180,78,0
2026.02.15 01:24:00,93890.35,93892.39,93869.02,93871.96,180,78,0
2026.02.15 01:21:00,93879.55,93890.29,93879.55,93890.29,180,78,0
2026.02.15 01:18:00,93868.75,93879.49,93868.75,93879.49,180,78,0
2026.02.15 01:15:00,93890.31,93898.29,93865.99,93868.69,180,78,0
2026.02.15 01:12:00,93879.51,93890.25,93879.51,93890.25,180,78,0
2026.02.15 01:09:00,93868.71,93879.45,93868.71,93879.45,180,78,0
2026.02.15 01:06:00,93870.60,93879.36,93866.73,93868.65,180,78,0
2026.02.15 01:03:00,93859.80,93870.54,93859.80,93870.54,180,78,0
2026.02.15 01:00:00,93849.00,93859.74,93849.00,93859.74,180,78,0
2026.02.15 00:57:00,93851.69,93860.45,93847.02,93848.94,180,78,0
2026.02.15 00:54:00,93840.89,93851.63,93840.89,93851.63,180,78,0
2026.02.15 00:51:00,93830.09,93840.83,93830.09,93840.83,180,78,0
2026.02.15 00:48:00,93858.81,93860.55,93821.09,93830.03,180,78,0
2026.02.15 00:45:00,93848.01,93858.75,93848.01,93858.75,180,78,0
2026.02.15 00:42:00,93837.21,93847.95,93837.21,93847.95,180,78,0
2026.02.15 00:39:00,93870.95,93871.13,93829.65,93837.15,180,78,0
2026.02.15 00:36:00,93860.15,93870.89,93860.15,93870.89,180,78,0
2026.02.15 00:33:00,93868.50,93876.90,93857.81,93860.09,180,78,0
2026.02.15 00:30:00,93857.70,93868.44,93857.70,93868.44,180,78,0
2026.02.15 00:27:00,93865.66,93873.58,93854.88,93857.64,180,78,0
2026.02.15 00:24:00,93854.86,93865.60,93854.86,93865.60,180,78,0
2026.02.15 00:21:00,93844.06,93854.80,93844.06,93854.80,180,78,0
2026.02.15 00:18:00,93833.26,93844.00,93833.26,93844.00,180,78,0
2026.02.15 00:15:00,93822.46,93833.20,93822.46,93833.20,180,78,0
2026.02.15 00:12:00,93827.31,93833.91,93818.32,93822.40,180,78,0
2026.02.15 00:09:00,93816.51,93827.25,93816.51,93827.25,180,78,0
2026.02.15 00:06:00,93805.71,93816.45,93805.71,93816.45,180,78,0
2026.02.15 00:03:00,93794.91,93805.65,93794.91,93805.65,180,78,0
2026.02.15 00:00:00,93784.11,93794.85,93784.11,93794.85,180,78,0
2026.02.14 23:57:00,93773.31,93784.05,93773.31,93784.05,180,78,0
2026.02.14 23:54:00,93762.51,93773.25,93762.51,93773.25,180,78,0
2026.02.14 23:51:00,93751.71,93762.45,93751.71,93762.45,180,78,0
2026.02.14 23:48:00,93740.91,93751.65,93740.91,93751.65,180,78,0
2026.02.14 23:45:00,93730.11,93740.85,93730.11,93740.85,180,78,0
2026.02.14 23:42:00,93738.13,93745.33,93726.57,93730.05,180,78,0
2026.02.14 23:39:00,93755.99,93759.65,93731.05,93738.07,180,78,0
2026.02.14 23:36:00,93783.86,93785.78,93747.17,93755.93,180,78,0
2026.02.14 23:33:00,93773.06,93783.80,93773.06,93783.80,180,78,0
2026.02.14 23:30:00,93762.26,93773.00,93762.26,93773.00,180,78,0
2026.02.14 23:27:00,93751.46,93762.20,93751.46,93762.20,180,78,0
2026.02.14 23:24:00,93753.24,93761.64,93749.12,93751.40,180,78,0
2026.02.14 23:21:00,93742.44,93753.18,93742.44,93753.18,180,78,0
2026.02.14 23:18:00,93764.99,93767.93,93738.06,93742.38,180,78,0
2026.02.14 23:15:00,93754.19,93764.93,93754.19,93764.93,180,78,0
2026.02.14 23:12:00,93743.39,93754.13,93743.39,93754.13,180,78,0
2026.02.14 23:09:00,93732.59,93743.33,93732.59,93743.33,180,78,0
2026.02.14 23:06:00,93721.79,93732.53,93721.79,93732.53,180,78,0
2026.02.14 23:03:00,93737.10,93746.52,93720.47,93721.73,180,78,0
2026.02.14 23:00:00,93790.03,93791.59,93731.40,93737.04,180,78,0
2026.02.14 22:57:00,93811.66,93819.70,93787.33,93789.97,180,78,0
2026.02.14 22:54:00,93800.86,93811.60,93800.86,93811.60,180,78,0
2026.02.14 22:51:00,93790.06,93800.80,93790.06,93800.80,180,78,0
2026.02.14 22:48:00,93779.26,93790.00,93779.26,93790.00,180,78,0
2026.02.14 22:45:00,93768.46,93779.20,93768.46,93779.20,180,78,0
2026.02.14 22:42:00,93757.66,93768.40,93757.66,93768.40,180,78,0
2026.02.14 22:39:00,93746.86,93757.60,93746.86,93757.60,180,78,0
2026.02.14 22:36:00,93736.06,93746.80,93736.06,93746.80,180,78,0
2026.02.14 22:33:00,93769.05,93778.35,93734.62,93736.00,180,78,0
2026.02.14 22:30:00,93758.25,93768.99,93758.25,93768.99,180,78,0
2026.02.14 22:27:00,93747.45,93758.19,93747.45,93758.19,180,78,0
2026.02.14 22:24:00,93736.65,93747.39,93736.65,93747.39,180,78,0
2026.02.14 22:21:00,93725.85,93736.59,93725.85,93736.59,180,78,0
2026.02.14 22:18:00,93715.05,93725.79,93715.05,93725.79,180,78,0
2026.02.14 22:15:00,93722.76,93723.54,93705.09,93714.99,180,78,0
2026.02.14 22:12:00,93711.96,93722.70,93711.96,93722.70,180,78,0
2026.02.14 22:09:00,93726.07,93729.61,93704.76,93711.90,180,78,0
2026.02.14 22:06:00,93715.27,93726.01,93715.27,93726.01,180,78,0
2026.02.14 22:03:00,93724.66,93728.20,93708.07,93715.21,180,78,0
2026.02.14 22:00:00,93713.86,93724.60,93713.86,93724.60,180,78,0
2026.02.14 21:57:00,93703.06,93713.80,93703.06,93713.80,180,78,0
2026.02.14 21:54:00,93692.26,93703.00,93692.26,93703.00,180,78,0
2026.02.14 21:51:00,93681.46,93692.20,93681.46,93692.20,180,78,0
2026.02.14 21:48:00,93670.66,93681.40,93670.66,93681.40,180,78,0
2026.02.14 21:45:00,93685.13,93686.09,93660.88,93670.60,180,78,0
2026.02.14 21:42:00,93674.33,93685.07,93674.33,93685.07,180,78,0
2026.02.14 21:39:00,93678.59,93680.09,93665.09,93674.27,180,78,0
2026.02.14 21:36:00,93667.79,93678.53,93667.79,93678.53,180,78,0
2026.02.14 21:33:00,93656.99,93667.73,93656.99,93667.73,180,78,0
2026.02.14 21:30:00,93670.80,93679.32,93654.77,93656.93,180,78,0
2026.02.14 21:27:00,93660.00,93670.74,93660.00,93670.74,180,78,0
2026.02.14 21:24:00,93649.20,93659.94,93649.20,93659.94,180,78,0
2026.02.14 21:21:00,93652.69,93658.99,93644.76,93649.14,180,78,0
2026.02.14 21:18:00,93641.89,93652.63,93641.89,93652.63,180,78,0
2026.02.14 21:15:00,93644.47,93646.81,93633.49,93641.83,180,78,0
2026.02.14 21:12:00,93662.78,93671.60,93642.55,93644.41,180,78,0
2026.02.14 21:09:00,93651.98,93662.72,93651.98,93662.72,180,78,0
2026.02.14 21:06:00,93641.18,93651.92,93641.18,93651.92,180,78,0
2026.02.14 21:03:00,93630.38,93641.12,93630.38,93641.12,180,78,0
2026.02.14 21:00:00,93619.58,93630.32,93619.58,93630.32,180,78,0
2026.02.14 20:57:00,93608.78,93619.52,93608.78,93619.52,180,78,0
2026.02.14 20:54:00,93597.98,93608.72,93597.98,93608.72,180,78,0
2026.02.14 20:51:00,93587.18,93597.92,93587.18,93597.92,180,78,0
2026.02.14 20:48:00,93576.38,93587.12,93576.38,93587.12,180,78,0
2026.02.14 20:45:00,93609.94,93614.98,93571.76,93576.32,180,78,0
2026.02.14 20:42:00,93599.14,93609.88,93599.14,93609.88,180,78,0
2026.02.14 20:39:00,93600.50,93606.08,93593.98,93599.08,180,78,0
2026.02.14 20:36:00,93589.70,93600.44,93589.70,93600.44,180,78,0
2026.02.14 20:33:00,93578.90,93589.64,93578.90,93589.64,180,78,0
2026.02.14 20:30:00,93568.10,93578.84,93568.10,93578.84,180,78,0
2026.02.14 20:27:00,93557.30,93568.04,93557.30,93568.04,180,78,0
2026.02.14 20:24:00,93546.50,93557.24,93546.50,93557.24,180,78,0
2026.02.14 20:21:00,93581.37,93584.85,93545.48,93546.44,180,78,0
2026.02.14 20:18:00,93570.57,93581.31,93570.57,93581.31,180,78,0
2026.02.14 20:15:00,93559.77,93570.51,93559.77,93570.51,180,78,0
2026.02.14 20:12:00,93548.97,93559.71,93548.97,93559.71,180,78,0
2026.02.14 20:09:00,93538.17,93548.91,93538.17,93548.91,180,78,0
2026.02.14 20:06:00,93527.37,93538.11,93527.37,93538.11,180,78,0
2026.02.14 20:03:00,93516.57,93527.31,93516.57,93527.31,180,78,0
2026.02.14 20:00:00,93533.09,93536.09,93508.83,93516.51,180,78,0
2026.02.14 19:57:00,93582.22,93583.48,93526.61,93533.03,180,78,0
2026.02.14 19:54:00,93596.10,93603.48,93578.86,93582.16,180,78,0
2026.02.14 19:51:00,93605.39,93613.79,93593.76,93596.04,166,78,0
2026.02.14 19:48:00,93616.25,93624.23,93602.63,93605.33,180,78,0
2026.02.14 19:45:00,93605.45,93616.19,93605.45,93616.19,180,78,0
2026.02.14 19:42:00,93594.65,93605.39,93594.65,93605.39,180,78,0
2026.02.14 19:39:00,93616.23,93622.89,93590.57,93594.59,180,78,0
2026.02.14 19:36:00,93642.45,93646.41,93609.45,93616.17,180,78,0
2026.02.14 19:33:00,93646.78,93648.94,93633.87,93642.39,180,78,0
2026.02.14 19:30:00,93654.59,93664.01,93645.46,93646.72,180,78,0
2026.02.14 19:27:00,93674.25,93678.51,93648.11,93654.53,180,78,0
2026.02.14 19:24:00,93663.45,93674.19,93663.45,93674.19,180,78,0
2026.02.14 19:21:00,93652.65,93663.39,93652.65,93663.39,180,78,0
2026.02.14 19:18:00,93661.30,93662.08,93642.69,93652.59,180,78,0
2026.02.14 19:15:00,93650.50,93661.24,93650.50,93661.24,180,78,0
2026.02.14 19:12:00,93639.70,93650.44,93639.70,93650.44,180,78,0
2026.02.14 19:09:00,93694.38,93695.94,93631.60,93639.64,180,78,0
2026.02.14 19:06:00,93700.92,93706.14,93688.86,93694.32,180,78,0
2026.02.14 19:03:00,93715.96,93721.48,93695.70,93700.86,180,78,0
2026.02.14 19:00:00,93734.23,93743.89,93714.88,93715.90,180,78,0
2026.02.14 18:57:00,93723.43,93734.17,93723.43,93734.17,180,78,0
2026.02.14 18:54:00,93712.63,93723.37,93712.63,93723.37,180,78,0
2026.02.14 18:51:00,93701.83,93712.57,93701.83,93712.57,180,78,0
2026.02.14 18:48:00,93691.03,93701.77,93691.03,93701.77,180,78,0
2026.02.14 18:45:00,93695.57,93699.59,93684.31,93690.97,180,78,0
2026.02.14 18:42:00,93710.08,93711.04,93685.79,93695.51,180,78,0
2026.02.14 18:39:00,93699.28,93710.02,93699.28,93710.02,180,78,0
2026.02.14 18:36:00,93688.48,93699.22,93688.48,93699.22,180,78,0
2026.02.14 18:33:00,93677.68,93688.42,93677.68,93688.42,180,78,0
2026.02.14 18:30:00,93666.88,93677.62,93666.88,93677.62,180,78,0
2026.02.14 18:27:00,93680.20,93682.60,93658.54,93666.82,180,78,0
2026.02.14 18:24:00,93669.40,93680.14,93669.40,93680.14,180,78,0
2026.02.14 18:21:00,93678.38,93682.52,93662.80,93669.34,180,78,0
2026.02.14 18:18:00,93667.58,93678.32,93667.58,93678.32,180,78,0
2026.02.14 18:15:00,93670.37,93677.27,93663.74,93667.52,180,78,0
2026.02.14 18:12:00,93659.57,93670.31,93659.57,93670.31,180,78,0
2026.02.14 18:09:00,93648.77,93659.51,93648.77,93659.51,180,78,0
2026.02.14 18:06:00,93652.26,93653.64,93639.41,93648.71,180,78,0
2026.02.14 18:03:00,93641.46,93652.20,93641.46,93652.20,180,78,0
2026.02.14 18:00:00,93630.66,93641.40,93630.66,93641.40,180,78,0
2026.02.14 17:57:00,93619.86,93630.60,93619.86,93630.60,180,78,0
2026.02.14 17:54:00,93609.06,93619.80,93609.06,93619.80,180,78,0
2026.02.14 17:51:00,93621.50,93630.56,93607.38,93609.00,180,78,0
2026.02.14 17:48:00,93610.70,93621.44,93610.70,93621.44,180,78,0
2026.02.14 17:45:00,93599.90,93610.64,93599.90,93610.64,180,78,0
2026.02.14 17:42:00,93624.53,93625.79,93598.46,93599.84,180,78,0
2026.02.14 17:39:00,93613.73,93624.47,93613.73,93624.47,180,78,0
2026.02.14 17:36:00,93602.93,93613.67,93602.93,93613.67,180,78,0
2026.02.14 17:33:00,93614.13,93621.81,93599.87,93602.87,180,78,0
2026.02.14 17:30:00,93603.33,93614.07,93603.33,93614.07,180,78,0
2026.02.14 17:27:00,93592.53,93603.27,93592.53,93603.27,180,78,0
2026.02.14 17:24:00,93617.06,93620.90,93585.63,93592.47,180,78,0
2026.02.14 17:21:00,93606.26,93617.00,93606.26,93617.00,180,78,0
2026.02.14 17:18:00,93595.46,93606.20,93595.46,93606.20,180,78,0
2026.02.14 17:15:00,93584.66,93595.40,93584.66,93595.40,180,78,0
2026.02.14 17:12:00,93573.86,93584.60,93573.86,93584.60,180,78,0
2026.02.14 17:09:00,93580.26,93584.04,93566.90,93573.80,180,78,0
2026.02.14 17:06:00,93582.18,93585.78,93573.12,93580.20,180,78,0
2026.02.14 17:03:00,93571.38,93582.12,93571.38,93582.12,180,78,0
2026.02.14 17:00:00,93590.08,93598.54,93569.10,93571.32,180,78,0
2026.02.14 16:57:00,93579.28,93590.02,93579.28,93590.02,180,78,0
2026.02.14 16:54:00,93582.67,93593.11,93578.98,93579.22,180,78,0
2026.02.14 16:51:00,93601.43,93605.09,93575.59,93582.61,180,78,0
2026.02.14 16:48:00,93590.63,93601.37,93590.63,93601.37,180,78,0
2026.02.14 16:45:00,93603.34,93604.00,93580.55,93590.57,180,78,0
2026.02.14 16:42:00,93592.54,93603.28,93592.54,93603.28,180,78,0
2026.02.14 16:39:00,93624.12,93632.46,93590.26,93592.48,180,78,0
2026.02.14 16:36:00,93645.20,93648.20,93616.38,93624.06,180,78,0
2026.02.14 16:33:00,93664.68,93666.24,93636.02,93645.14,180,78,0
2026.02.14 16:30:00,93653.88,93664.62,93653.88,93664.62,180,78,0
2026.02.14 16:27:00,93643.08,93653.82,93643.08,93653.82,180,78,0
2026.02.14 16:24:00,93632.28,93643.02,93632.28,93643.02,180,78,0
2026.02.14 16:21:00,93651.15,93653.67,93624.06,93632.22,180,78,0
2026.02.14 16:18:00,93708.35,93710.75,93645.33,93651.09,180,78,0
2026.02.14 16:15:00,93697.55,93708.29,93697.55,93708.29,180,78,0
2026.02.14 16:12:00,93686.75,93697.49,93686.75,93697.49,180,78,0
2026.02.14 16:09:00,93675.95,93686.69,93675.95,93686.69,180,78,0
2026.02.14 16:06:00,93678.77,93679.25,93665.69,93675.89,180,78,0
2026.02.14 16:03:00,93667.97,93678.71,93667.97,93678.71,180,78,0
2026.02.14 16:00:00,93681.53,93689.45,93665.15,93667.91,180,78,0
2026.02.14 15:57:00,93670.73,93681.47,93670.73,93681.47,180,78,0
2026.02.14 15:54:00,93719.84,93725.78,93668.63,93670.67,180,78,0
2026.02.14 15:51:00,93709.04,93719.78,93709.04,93719.78,180,78,0
2026.02.14 15:48:00,93698.24,93708.98,93698.24,93708.98,180,78,0
2026.02.14 15:45:00,93705.28,93708.52,93690.74,93698.18,180,78,0
2026.02.14 15:42:00,93694.48,93705.22,93694.48,93705.22,180,78,0
2026.02.14 15:39:00,93703.66,93712.36,93692.44,93694.42,180,78,0
2026.02.14 15:36:00,93692.86,93703.60,93692.86,93703.60,180,78,0
2026.02.14 15:33:00,93682.06,93692.80,93682.06,93692.80,180,78,0
2026.02.14 15:30:00,93671.26,93682.00,93671.26,93682.00,180,78,0
2026.02.14 15:27:00,93660.46,93671.20,93660.46,93671.20,180,78,0
2026.02.14 15:24:00,93649.66,93660.40,93649.66,93660.40,180,78,0
2026.02.14 15:21:00,93638.86,93649.60,93638.86,93649.60,180,78,0
2026.02.14 15:18:00,93644.30,93653.54,93637.36,93638.80,180,78,0
2026.02.14 15:15:00,93670.81,93671.41,93634.16,93644.24,180,78,0
2026.02.14 15:12:00,93660.01,93670.75,93660.01,93670.75,180,78,0
2026.02.14 15:09:00,93662.91,93663.15,93649.51,93659.95,180,78,0
2026.02.14 15:06:00,93667.43,93670.01,93654.75,93662.85,180,78,0
2026.02.14 15:03:00,93656.63,93667.37,93656.63,93667.37,180,78,0
2026.02.14 15:00:00,93662.73,93664.71,93647.87,93656.57,180,78,0
2026.02.14 14:57:00,93651.93,93662.67,93651.93,93662.67,180,78,0
2026.02.14 14:54:00,93641.13,93651.87,93641.13,93651.87,180,78,0
2026.02.14 14:51:00,93630.33,93641.07,93630.33,93641.07,180,78,0
2026.02.14 14:48:00,93655.12,93655.90,93624.87,93630.27,180,78,0
2026.02.14 14:45:00,93644.32,93655.06,93644.32,93655.06,180,78,0
2026.02.14 14:42:00,93633.52,93644.26,93633.52,93644.26,180,78,0
2026.02.14 14:39:00,93622.72,93633.46,93622.72,93633.46,180,78,0
2026.02.14 14:36:00,93611.92,93622.66,93611.92,93622.66,180,78,0
2026.02.14 14:33:00,93601.12,93611.86,93601.12,93611.86,180,78,0
2026.02.14 14:30:00,93613.48,93619.90,93596.80,93601.06,180,78,0
2026.02.14 14:27:00,93602.68,93613.42,93602.68,93613.42,180,78,0
2026.02.14 14:24:00,93591.88,93602.62,93591.88,93602.62,180,78,0
2026.02.14 14:21:00,93606.78,93614.46,93588.82,93591.82,180,78,0
2026.02.14 14:18:00,93611.82,93613.14,93597.36,93606.72,180,78,0
2026.02.14 14:15:00,93628.44,93632.64,93605.28,93611.76,180,78,0
2026.02.14 14:12:00,93617.64,93628.38,93617.64,93628.38,180,78,0
2026.02.14 14:09:00,93621.74,93632.18,93617.34,93617.58,180,78,0
2026.02.14 14:06:00,93610.94,93621.68,93610.94,93621.68,180,78,0
2026.02.14 14:03:00,93630.50,93632.48,93602.18,93610.88,180,78,0
2026.02.14 14:00:00,93650.80,93657.88,93626.84,93630.44,180,78,0
2026.02.14 13:57:00,93640.00,93650.74,93640.00,93650.74,180,78,0
2026.02.14 13:54:00,93629.20,93639.94,93629.20,93639.94,180,78,0
2026.02.14 13:51:00,93618.40,93629.14,93618.40,93629.14,180,78,0
2026.02.14 13:48:00,93607.60,93618.34,93607.60,93618.34,180,78,0
2026.02.14 13:45:00,93627.98,93628.22,93597.10,93607.54,180,78,0
2026.02.14 13:42:00,93617.18,93627.92,93617.18,93627.92,180,78,0
2026.02.14 13:39:00,93628.52,93632.96,93610.88,93617.12,180,78,0
2026.02.14 13:36:00,93617.72,93628.46,93617.72,93628.46,180,78,0
2026.02.14 13:33:00,93606.92,93617.66,93606.92,93617.66,180,78,0
2026.02.14 13:30:00,93621.00,93629.94,93605.12,93606.86,180,78,0
2026.02.14 13:27:00,93637.70,93638.54,93611.10,93620.94,180,78,0
2026.02.14 13:24:00,93626.90,93637.64,93626.90,93637.64,180,78,0
2026.02.14 13:21:00,93616.10,93626.84,93616.10,93626.84,180,78,0
2026.02.14 13:18:00,93605.30,93616.04,93605.30,93616.04,180,78,0
2026.02.14 13:15:00,93594.50,93605.24,93594.50,93605.24,180,78,0
2026.02.14 13:12:00,93583.70,93594.44,93583.70,93594.44,180,78,0
2026.02.14 13:09:00,93592.94,93595.04,93575.06,93583.64,180,78,0
2026.02.14 13:06:00,93582.14,93592.88,93582.14,93592.88,180,78,0
2026.02.14 13:03:00,93637.93,93639.25,93577.88,93582.08,180,78,0
2026.02.14 13:00:00,93627.13,93637.87,93627.13,93637.87,180,78,0
2026.02.14 12:57:00,93616.33,93627.07,93616.33,93627.07,180,78,0
2026.02.14 12:54:00,93605.53,93616.27,93605.53,93616.27,180,78,0
2026.02.14 12:51:00,93594.73,93605.47,93594.73,93605.47,180,78,0
2026.02.14 12:48:00,93583.93,93594.67,93583.93,93594.67,180,78,0
2026.02.14 12:45:00,93573.13,93583.87,93573.13,93583.87,180,78,0
2026.02.14 12:42:00,93562.33,93573.07,93562.33,93573.07,180,78,0
2026.02.14 12:39:00,93551.53,93562.27,93551.53,93562.27,180,78,0
2026.02.14 12:36:00,93540.73,93551.47,93540.73,93551.47,180,78,0
2026.02.14 12:33:00,93529.93,93540.67,93529.93,93540.67,180,78,0
2026.02.14 12:30:00,93519.13,93529.87,93519.13,93529.87,180,78,0
2026.02.14 12:27:00,93508.33,93519.07,93508.33,93519.07,180,78,0
2026.02.14 12:24:00,93497.53,93508.27,93497.53,93508.27,180,78,0
2026.02.14 12:21:00,93503.95,93513.85,93496.69,93497.47,180,78,0
2026.02.14 12:18:00,93493.15,93503.89,93493.15,93503.89,180,78,0
2026.02.14 12:15:00,93482.35,93493.09,93482.35,93493.09,180,78,0
2026.02.14 12:12:00,93506.03,93513.71,93480.43,93482.29,180,78,0
2026.02.14 12:09:00,93495.23,93505.97,93495.23,93505.97,180,78,0
2026.02.14 12:06:00,93484.43,93495.17,93484.43,93495.17,180,78,0
2026.02.14 12:03:00,93473.63,93484.37,93473.63,93484.37,180,78,0
2026.02.14 12:00:00,93493.49,93497.09,93466.49,93473.57,180,78,0
2026.02.14 11:57:00,93482.69,93493.43,93482.69,93493.43,180,78,0
2026.02.14 11:54:00,93495.35,93501.41,93478.01,93482.63,180,78,0
2026.02.14 11:51:00,93484.55,93495.29,93484.55,93495.29,180,78,0
2026.02.14 11:48:00,93473.75,93484.49,93473.75,93484.49,180,78,0
2026.02.14 11:45:00,93478.37,93479.45,93464.09,93473.69,180,78,0
2026.02.14 11:42:00,93467.57,93478.31,93467.57,93478.31,180,78,0
2026.02.14 11:39:00,93478.92,93481.86,93459.77,93467.51,180,78,0
2026.02.14 11:36:00,93468.12,93478.86,93468.12,93478.86,180,78,0
2026.02.14 11:33:00,93457.32,93468.06,93457.32,93468.06,180,78,0
2026.02.14 11:30:00,93446.52,93457.26,93446.52,93457.26,180,78,0
2026.02.14 11:27:00,93491.59,93491.59,93438.48,93446.46,180,78,0
2026.02.14 11:24:00,93480.79,93491.53,93480.79,93491.53,180,78,0
2026.02.14 11:21:00,93469.99,93480.73,93469.99,93480.73,180,78,0
2026.02.14 11:18:00,93459.19,93469.93,93459.19,93469.93,180,78,0
2026.02.14 11:15:00,93467.21,93469.07,93450.31,93459.13,180,78,0
2026.02.14 11:12:00,93456.41,93467.15,93456.41,93467.15,180,78,0
2026.02.14 11:09:00,93471.49,93476.71,93450.89,93456.35,180,78,0
2026.02.14 11:06:00,93479.89,93485.23,93466.09,93471.43,180,78,0
2026.02.14 11:03:00,93469.09,93479.83,93469.09,93479.83,180,78,0
2026.02.14 11:00:00,93458.29,93469.03,93458.29,93469.03,180,78,0
2026.02.14 10:57:00,93474.68,93485.00,93457.87,93458.23,180,78,0
2026.02.14 10:54:00,93482.63,93488.15,93469.46,93474.62,180,78,0
2026.02.14 10:51:00,93471.83,93482.57,93471.83,93482.57,180,78,0
2026.02.14 10:48:00,93494.41,93502.45,93469.13,93471.77,180,78,0
2026.02.14 10:45:00,93501.40,93503.20,93485.47,93494.35,180,78,0
2026.02.14 10:42:00,93490.60,93501.34,93490.60,93501.34,180,78,0
2026.02.14 10:39:00,93479.80,93490.54,93479.80,93490.54,180,78,0
2026.02.14 10:36:00,93469.00,93479.74,93469.00,93479.74,180,78,0
2026.02.14 10:33:00,93458.20,93468.94,93458.20,93468.94,180,78,0
2026.02.14 10:30:00,93447.40,93458.14,93447.40,93458.14,180,78,0
2026.02.14 10:27:00,93436.60,93447.34,93436.60,93447.34,180,78,0
2026.02.14 10:24:00,93425.80,93436.54,93425.80,93436.54,180,78,0
2026.02.14 10:21:00,93415.00,93425.74,93415.00,93425.74,180,78,0
2026.02.14 10:18:00,93417.17,93423.41,93410.50,93414.94,180,78,0
2026.02.14 10:15:00,93406.37,93417.11,93406.37,93417.11,180,78,0
2026.02.14 10:12:00,93395.57,93406.31,93395.57,93406.31,180,78,0
2026.02.14 10:09:00,93384.77,93395.51,93384.77,93395.51,180,78,0
2026.02.14 10:06:00,93373.97,93384.71,93373.97,93384.71,180,78,0
2026.02.14 10:03:00,93383.77,93385.09,93364.55,93373.91,180,78,0
2026.02.14 10:00:00,93372.97,93383.71,93372.97,93383.71,180,78,0
2026.02.14 09:57:00,93362.17,93372.91,93362.17,93372.91,180,78,0
2026.02.14 09:54:00,93351.37,93362.11,93351.37,93362.11,180,78,0
2026.02.14 09:51:00,93398.56,93399.28,93350.71,93351.31,180,78,0
2026.02.14 09:48:00,93387.76,93398.50,93387.76,93398.50,180,78,0
2026.02.14 09:45:00,93376.96,93387.70,93376.96,93387.70,180,78,0
2026.02.14 09:42:00,93380.10,93383.34,93369.46,93376.90,180,78,0
2026.02.14 09:39:00,93445.06,93446.32,93373.62,93380.04,180,78,0
2026.02.14 09:36:00,93434.26,93445.00,93434.26,93445.00,180,78,0
2026.02.14 09:33:00,93423.46,93434.20,93423.46,93434.20,180,78,0
2026.02.14 09:30:00,93412.66,93423.40,93412.66,93423.40,180,78,0
2026.02.14 09:27:00,93401.86,93412.60,93401.86,93412.60,180,78,0
2026.02.14 09:24:00,93391.06,93401.80,93391.06,93401.80,180,78,0
2026.02.14 09:21:00,93398.45,93399.05,93380.92,93391.00,180,78,0
2026.02.14 09:18:00,93387.65,93398.39,93387.65,93398.39,180,78,0
2026.02.14 09:15:00,93376.85,93387.59,93376.85,93387.59,180,78,0
2026.02.14 09:12:00,93394.75,93400.27,93371.63,93376.79,180,78,0
2026.02.14 09:09:00,93383.95,93394.69,93383.95,93394.69,180,78,0
2026.02.14 09:06:00,93373.15,93383.89,93373.15,93383.89,180,78,0
2026.02.14 09:03:00,93362.35,93373.09,93362.35,93373.09,180,78,0
2026.02.14 09:00:00,93351.55,93362.29,93351.55,93362.29,180,78,0
2026.02.14 08:57:00,93381.22,93389.86,93349.45,93351.49,180,78,0
2026.02.14 08:54:00,93393.34,93398.92,93376.06,93381.16,180,78,0
2026.02.14 08:51:00,93382.54,93393.28,93382.54,93393.28,180,78,0
2026.02.14 08:48:00,93371.74,93382.48,93371.74,93382.48,180,78,0
2026.02.14 08:45:00,93360.94,93371.68,93360.94,93371.68,180,78,0
2026.02.14 08:42:00,93350.14,93360.88,93350.14,93360.88,180,78,0
2026.02.14 08:39:00,93339.34,93350.08,93339.34,93350.08,180,78,0
2026.02.14 08:36:00,93342.90,93352.44,93338.14,93339.28,180,78,0
2026.02.14 08:33:00,93350.41,93355.03,93336.78,93342.84,180,78,0
2026.02.14 08:30:00,93339.61,93350.35,93339.61,93350.35,180,78,0
2026.02.14 08:27:00,93343.28,93349.34,93334.93,93339.55,180,78,0
2026.02.14 08:24:00,93332.48,93343.22,93332.48,93343.22,180,78,0
2026.02.14 08:21:00,93375.84,93378.72,93330.80,93332.42,180,78,0
2026.02.14 08:18:00,93391.93,93395.11,93368.28,93375.78,180,78,0
2026.02.14 08:15:00,93381.13,93391.87,93381.13,93391.87,180,78,0
2026.02.14 08:12:00,93370.33,93381.07,93370.33,93381.07,180,78,0
2026.02.14 08:09:00,93359.53,93370.27,93359.53,93370.27,180,78,0
2026.02.14 08:06:00,93348.73,93359.47,93348.73,93359.47,180,78,0
2026.02.14 08:03:00,93363.55,93368.23,93342.67,93348.67,180,78,0
2026.02.14 08:00:00,93376.62,93385.56,93361.75,93363.49,180,78,0
2026.02.14 07:57:00,93365.82,93376.56,93365.82,93376.56,180,78,0
2026.02.14 07:54:00,93355.02,93365.76,93355.02,93365.76,180,78,0
2026.02.14 07:51:00,93358.43,93361.73,93347.58,93354.96,180,78,0
2026.02.14 07:48:00,93347.63,93358.37,93347.63,93358.37,180,78,0
2026.02.14 07:45:00,93336.83,93347.57,93336.83,93347.57,180,78,0
2026.02.14 07:42:00,93368.48,93376.58,93334.79,93336.77,180,78,0
2026.02.14 07:39:00,93374.72,93382.52,93365.54,93368.42,180,78,0
2026.02.14 07:36:00,93390.38,93392.96,93374.18,93374.66,180,78,0
2026.02.14 07:33:00,93379.58,93390.32,93379.58,93390.32,180,78,0
2026.02.14 07:30:00,93368.78,93379.52,93368.78,93379.52,180,78,0
2026.02.14 07:27:00,93382.01,93388.01,93364.04,93368.72,180,78,0
2026.02.14 07:24:00,93398.06,93406.76,93379.97,93381.95,180,78,0
2026.02.14 07:21:00,93387.26,93398.00,93387.26,93398.00,180,78,0
2026.02.14 07:18:00,93376.46,93387.20,93376.46,93387.20,180,78,0
2026.02.14 07:15:00,93365.66,93376.40,93365.66,93376.40,180,78,0
2026.02.14 07:12:00,93387.77,93397.85,93365.00,93365.60,180,78,0
2026.02.14 07:09:00,93376.97,93387.71,93376.97,93387.71,180,78,0
2026.02.14 07:06:00,93366.17,93376.91,93366.17,93376.91,180,78,0
2026.02.14 07:03:00,93355.37,93366.11,93355.37,93366.11,180,78,0
2026.02.14 07:00:00,93344.57,93355.31,93344.57,93355.31,180,78,0
2026.02.14 06:57:00,93333.77,93344.51,93333.77,93344.51,180,78,0
2026.02.14 06:54:00,93322.97,93333.71,93322.97,93333.71,180,78,0
2026.02.14 06:51:00,93312.17,93322.91,93312.17,93322.91,180,78,0
2026.02.14 06:48:00,93301.37,93312.11,93301.37,93312.11,180,78,0
2026.02.14 06:45:00,93290.57,93301.31,93290.57,93301.31,180,78,0
2026.02.14 06:42:00,93279.77,93290.51,93279.77,93290.51,180,78,0
2026.02.14 06:39:00,93268.97,93279.71,93268.97,93279.71,180,78,0
2026.02.14 06:36:00,93296.29,93298.81,93260.75,93268.91,180,78,0
2026.02.14 06:33:00,93285.49,93296.23,93285.49,93296.23,180,78,0
2026.02.14 06:30:00,93274.69,93285.43,93274.69,93285.43,180,78,0
2026.02.14 06:27:00,93277.45,93283.03,93269.53,93274.63,180,78,0
2026.02.14 06:24:00,93297.75,93300.81,93269.77,93277.39,180,78,0
2026.02.14 06:21:00,93286.95,93297.69,93286.95,93297.69,180,78,0
2026.02.14 06:18:00,93276.15,93286.89,93276.15,93286.89,180,78,0
2026.02.14 06:15:00,93289.82,93295.70,93271.29,93276.09,180,78,0
2026.02.14 06:12:00,93279.02,93289.76,93279.02,93289.76,180,78,0
2026.02.14 06:09:00,93311.92,93314.20,93270.68,93278.96,180,78,0
2026.02.14 06:06:00,93301.12,93311.86,93301.12,93311.86,180,78,0
2026.02.14 06:03:00,93290.32,93301.06,93290.32,93301.06,180,78,0
2026.02.14 06:00:00,93279.52,93290.26,93279.52,93290.26,180,78,0
2026.02.14 05:57:00,93268.72,93279.46,93268.72,93279.46,180,78,0
2026.02.14 05:54:00,93257.92,93268.66,93257.92,93268.66,180,78,0
2026.02.14 05:51:00,93279.66,93280.14,93251.50,93257.86,180,78,0
2026.02.14 05:48:00,93334.43,93340.61,93277.50,93279.60,180,78,0
2026.02.14 05:45:00,93323.63,93334.37,93323.63,93334.37,180,78,0
2026.02.14 05:42:00,93312.83,93323.57,93312.83,93323.57,180,78,0
2026.02.14 05:39:00,93349.49,93349.79,93309.71,93312.77,180,78,0
2026.02.14 05:36:00,93362.19,93364.65,93341.21,93349.43,180,78,0
2026.02.14 05:33:00,93351.39,93362.13,93351.39,93362.13,180,78,0
2026.02.14 05:30:00,93340.59,93351.33,93340.59,93351.33,180,78,0
2026.02.14 05:27:00,93362.61,93362.61,93329.85,93340.53,180,78,0
2026.02.14 05:24:00,93367.70,93368.42,93352.59,93362.55,180,78,0
2026.02.14 05:21:00,93356.90,93367.64,93356.90,93367.64,180,78,0
2026.02.14 05:18:00,93382.92,93393.66,93382.92,93393.66,180,78,0
2026.02.14 05:15:00,93410.60,93411.98,93373.56,93382.86,180,78,0
2026.02.14 05:12:00,93417.12,93422.22,93404.96,93410.54,180,78,0
2026.02.14 05:09:00,93442.65,93443.97,93407.70,93417.06,180,78,0
2026.02.14 05:06:00,93431.85,93442.59,93431.85,93442.59,180,78,0
2026.02.14 05:03:00,93421.05,93431.79,93421.05,93431.79,180,78,0
2026.02.14 05:00:00,93457.28,93457.70,93413.37,93420.99,180,78,0
2026.02.14 04:57:00,93467.55,93469.89,93448.88,93457.22,180,78,0
2026.02.14 04:54:00,93456.75,93467.49,93456.75,93467.49,180,78,0
2026.02.14 04:51:00,93445.95,93456.69,93445.95,93456.69,180,78,0
2026.02.14 04:48:00,93435.15,93445.89,93435.15,93445.89,180,78,0
2026.02.14 04:45:00,93513.55,93514.27,93431.91,93435.09,180,78,0
2026.02.14 04:42:00,93502.75,93513.49,93502.75,93513.49,180,78,0
2026.02.14 04:39:00,93491.95,93502.69,93491.95,93502.69,180,78,0
2026.02.14 04:36:00,93481.15,93491.89,93481.15,93491.89,180,78,0
2026.02.14 04:33:00,93470.35,93481.09,93470.35,93481.09,180,78,0
2026.02.14 04:30:00,93459.55,93470.29,93459.55,93470.29,180,78,0
2026.02.14 04:27:00,93448.75,93459.49,93448.75,93459.49,180,78,0
2026.02.14 04:24:00,93437.95,93448.69,93437.95,93448.69,180,78,0
2026.02.14 04:21:00,93427.15,93437.89,93427.15,93437.89,180,78,0
2026.02.14 04:18:00,93416.35,93427.09,93416.35,93427.09,180,78,0
2026.02.14 04:15:00,93427.34,93429.14,93407.41,93416.29,180,78,0
2026.02.14 04:12:00,93416.54,93427.28,93416.54,93427.28,180,78,0
2026.02.14 04:09:00,93405.74,93416.48,93405.74,93416.48,180,78,0
2026.02.14 04:06:00,93420.45,93426.75,93401.30,93405.68,180,78,0
2026.02.14 04:03:00,93409.65,93420.39,93409.65,93420.39,180,78,0
2026.02.14 04:00:00,93413.21,93423.41,93409.11,93409.59,180,78,0
2026.02.14 03:57:00,93462.48,93469.08,93411.05,93413.15,180,78,0
2026.02.14 03:54:00,93465.37,93468.61,93454.98,93462.42,180,78,0
2026.02.14 03:51:00,93454.57,93465.31,93454.57,93465.31,180,78,0
2026.02.14 03:48:00,93443.77,93454.51,93443.77,93454.51,180,78,0
2026.02.14 03:45:00,93464.80,93473.86,93442.09,93443.71,180,78,0
2026.02.14 03:42:00,93485.41,93490.09,93458.74,93464.74,180,78,0
2026.02.14 03:39:00,93474.61,93485.35,93474.61,93485.35,180,78,0
2026.02.14 03:36:00,93486.93,93493.05,93469.99,93474.55,180,78,0
2026.02.14 03:33:00,93476.13,93486.87,93476.13,93486.87,180,78,0
2026.02.14 03:30:00,93465.33,93476.07,93465.33,93476.07,180,78,0
2026.02.14 03:27:00,93454.53,93465.27,93454.53,93465.27,180,78,0
2026.02.14 03:24:00,93443.73,93454.47,93443.73,93454.47,180,78,0
2026.02.14 03:21:00,93432.93,93443.67,93432.93,93443.67,180,78,0
2026.02.14 03:18:00,93422.13,93432.87,93422.13,93432.87,180,78,0
2026.02.14 03:15:00,93431.55,93434.73,93414.57,93422.07,180,78,0
2026.02.14 03:12:00,93420.75,93431.49,93420.75,93431.49,180,78,0
2026.02.14 03:09:00,93409.95,93420.69,93409.95,93420.69,180,78,0
2026.02.14 03:06:00,93399.15,93409.89,93399.15,93409.89,180,78,0
2026.02.14 03:03:00,93388.35,93399.09,93388.35,93399.09,180,78,0
2026.02.14 03:00:00,93377.55,93388.29,93377.55,93388.29,180,78,0
2026.02.14 02:57:00,93366.75,93377.49,93366.75,93377.49,180,78,0
2026.02.14 02:54:00,93355.95,93366.69,93355.95,93366.69,180,78,0
2026.02.14 02:51:00,93345.15,93355.89,93345.15,93355.89,180,78,0
2026.02.14 02:48:00,93352.83,93360.69,93342.27,93345.09,180,78,0
2026.02.14 02:45:00,93342.03,93352.77,93342.03,93352.77,180,78,0
2026.02.14 02:42:00,93331.23,93341.97,93331.23,93341.97,180,78,0
2026.02.14 02:39:00,93320.43,93331.17,93320.43,93331.17,180,78,0
2026.02.14 02:36:00,93309.63,93320.37,93309.63,93320.37,180,78,0
2026.02.14 02:33:00,93298.83,93309.57,93298.83,93309.57,180,78,0
2026.02.14 02:30:00,93288.03,93298.77,93288.03,93298.77,180,78,0
2026.02.14 02:27:00,93277.23,93287.97,93277.23,93287.97,180,78,0
2026.02.14 02:24:00,93266.43,93277.17,93266.43,93277.17,180,78,0
2026.02.14 02:21:00,93273.47,93279.83,93262.05,93266.37,180,78,0
2026.02.14 02:18:00,93262.67,93273.41,93262.67,93273.41,180,78,0
2026.02.14 02:15:00,93251.87,93262.61,93251.87,93262.61,180,78,0
2026.02.14 02:12:00,93273.66,93276.84,93244.31,93251.81,180,78,0
2026.02.14 02:09:00,93262.86,93273.60,93262.86,93273.60,180,78,0
2026.02.14 02:06:00,93252.06,93262.80,93252.06,93262.80,180,78,0
2026.02.14 02:03:00,93241.26,93252.00,93241.26,93252.00,180,78,0
2026.02.14 02:00:00,93230.46,93241.20,93230.46,93241.20,180,78,0
2026.02.14 01:57:00,93243.63,93252.81,93228.90,93230.40,180,78,0
2026.02.14 01:54:00,93232.83,93243.57,93232.83,93243.57,180,78,0
2026.02.14 01:51:00,93222.03,93232.77,93222.03,93232.77,180,78,0
2026.02.14 01:48:00,93211.23,93221.97,93211.23,93221.97,180,78,0
2026.02.14 01:45:00,93200.43,93211.17,93200.43,93211.17,180,78,0
2026.02.14 01:42:00,93189.63,93200.37,93189.63,93200.37,180,78,0
2026.02.14 01:39:00,93178.83,93189.57,93178.83,93189.57,180,78,0
2026.02.14 01:36:00,93168.03,93178.77,93168.03,93178.77,180,78,0
2026.02.14 01:33:00,93157.23,93167.97,93157.23,93167.97,180,78,0
2026.02.14 01:30:00,93146.43,93157.17,93146.43,93157.17,180,78,0
2026.02.14 01:27:00,93156.36,93162.12,93141.45,93146.37,180,78,0
2026.02.14 01:24:00,93145.56,93156.30,93145.56,93156.30,180,78,0
2026.02.14 01:21:00,93134.76,93145.50,93134.76,93145.50,180,78,0
2026.02.14 01:18:00,93183.23,93186.71,93129.42,93134.70,180,78,0
2026.02.14 01:15:00,93172.43,93183.17,93172.43,93183.17,180,78,0
2026.02.14 01:12:00,93179.33,93181.85,93164.21,93172.37,180,78,0
2026.02.14 01:09:00,93168.53,93179.27,93168.53,93179.27,180,78,0
2026.02.14 01:06:00,93182.66,93184.76,93159.89,93168.47,180,78,0
2026.02.14 01:03:00,93200.97,93201.87,93172.82,93182.60,180,78,0
2026.02.14 01:00:00,93190.17,93200.91,93190.17,93200.91,180,78,0
2026.02.14 00:57:00,93179.37,93190.11,93179.37,93190.11,180,78,0
2026.02.14 00:54:00,93168.57,93179.31,93168.57,93179.31,180,78,0
2026.02.14 00:51:00,93157.77,93168.51,93157.77,93168.51,180,78,0
2026.02.14 00:48:00,93190.40,93194.48,93151.11,93157.71,180,78,0
2026.02.14 00:45:00,93207.19,93207.61,93180.08,93190.34,180,78,0
2026.02.14 00:42:00,93196.39,93207.13,93196.39,93207.13,180,78,0
2026.02.14 00:39:00,93201.86,93202.64,93186.43,93196.33,180,78,0
2026.02.14 00:36:00,93224.36,93227.78,93194.54,93201.80,180,78,0
2026.02.14 00:33:00,93213.56,93224.30,93213.56,93224.30,180,78,0
2026.02.14 00:30:00,93202.76,93213.50,93202.76,93213.50,180,78,0
2026.02.14 00:27:00,93191.96,93202.70,93191.96,93202.70,180,78,0
2026.02.14 00:24:00,93238.21,93243.97,93187.52,93191.90,180,78,0
2026.02.14 00:21:00,93227.41,93238.15,93227.41,93238.15,180,78,0
2026.02.14 00:18:00,93216.61,93227.35,93216.61,93227.35,180,78,0
2026.02.14 00:15:00,93205.81,93216.55,93205.81,93216.55,180,78,0
2026.02.14 00:12:00,93207.56,93213.80,93201.31,93205.75,180,78,0
2026.02.14 00:09:00,93196.76,93207.50,93196.76,93207.50,180,78,0
2026.02.14 00:06:00,93208.88,93218.36,93195.50,93196.70,180,78,0
2026.02.14 00:03:00,93198.08,93208.82,93198.08,93208.82,180,78,0
2026.02.14 00:00:00,93203.39,93205.49,93189.44,93198.02,180,78,0
2026.02.13 23:57:00,93192.59,93203.33,93192.59,93203.33,180,78,0
2026.02.13 23:54:00,93181.79,93192.53,93181.79,93192.53,180,78,0
2026.02.13 23:51:00,93195.48,93200.22,93175.79,93181.73,180,78,0
2026.02.13 23:48:00,93184.68,93195.42,93184.68,93195.42,180,78,0
2026.02.13 23:45:00,93173.88,93184.62,93173.88,93184.62,180,78,0
2026.02.13 23:42:00,93163.08,93173.82,93163.08,93173.82,180,78,0
2026.02.13 23:39:00,93206.67,93208.29,93161.34,93163.02,180,78,0
2026.02.13 23:36:00,93219.63,93229.17,93205.47,93206.61,180,78,0
2026.02.13 23:33:00,93208.83,93219.57,93208.83,93219.57,180,78,0
2026.02.13 23:30:00,93228.61,93231.49,93200.97,93208.77,180,78,0
2026.02.13 23:27:00,93217.81,93228.55,93217.81,93228.55,180,78,0
2026.02.13 23:24:00,93207.01,93217.75,93207.01,93217.75,180,78,0
2026.02.13 23:21:00,93210.87,93212.49,93197.89,93206.95,180,78,0
2026.02.13 23:18:00,93200.07,93210.81,93200.07,93210.81,180,78,0
2026.02.13 23:15:00,93239.03,93247.01,93198.81,93200.01,180,78,0
2026.02.13 23:12:00,93247.56,93257.82,93238.55,93238.97,180,78,0
2026.02.13 23:09:00,93251.77,93253.33,93238.38,93247.50,180,78,0
2026.02.13 23:06:00,93268.79,93278.51,93250.75,93251.71,180,78,0
2026.02.13 23:03:00,93283.23,93288.87,93263.69,93268.73,180,78,0
2026.02.13 23:00:00,93272.43,93283.17,93272.43,93283.17,180,78,0
2026.02.13 22:57:00,93275.27,93279.41,93265.83,93272.37,180,78,0
2026.02.13 22:54:00,93264.47,93275.21,93264.47,93275.21,180,78,0
2026.02.13 22:51:00,93253.67,93264.41,93253.67,93264.41,180,78,0
2026.02.13 22:48:00,93264.00,93264.18,93243.11,93253.61,180,78,0
2026.02.13 22:45:00,93253.20,93263.94,93253.20,93263.94,180,78,0
2026.02.13 22:42:00,93242.40,93253.14,93242.40,93253.14,180,78,0
2026.02.13 22:39:00,93231.60,93242.34,93231.60,93242.34,180,78,0
2026.02.13 22:36:00,93237.58,93238.90,93222.18,93231.54,180,78,0
2026.02.13 22:33:00,93226.78,93237.52,93226.78,93237.52,180,78,0
2026.02.13 22:30:00,93250.81,93261.55,93250.81,93261.55,180,78,0
2026.02.13 22:27:00,93240.01,93250.75,93240.01,93250.75,180,78,0
2026.02.13 22:24:00,93271.99,93275.59,93232.87,93239.95,180,78,0
2026.02.13 22:21:00,93261.19,93271.93,93261.19,93271.93,180,78,0
2026.02.13 22:18:00,93264.31,93267.91,93254.05,93261.13,180,78,0
2026.02.13 22:15:00,93253.51,93264.25,93253.51,93264.25,180,78,0
2026.02.13 22:12:00,93242.71,93253.45,93242.71,93253.45,180,78,0
2026.02.13 22:09:00,93231.91,93242.65,93231.91,93242.65,180,78,0
2026.02.13 22:06:00,93253.01,93259.67,93227.83,93231.85,180,78,0
2026.02.13 22:03:00,93242.21,93252.95,93242.21,93252.95,180,78,0
2026.02.13 22:00:00,93246.11,93251.21,93236.57,93242.15,180,78,0
2026.02.13 21:57:00,93280.30,93283.72,93245.99,93246.05,180,78,0
2026.02.13 21:54:00,93269.50,93280.24,93269.50,93280.24,180,78,0
2026.02.13 21:51:00,93258.70,93269.44,93258.70,93269.44,180,78,0
2026.02.13 21:48:00,93247.90,93258.64,93247.90,93258.64,180,78,0
2026.02.13 21:45:00,93298.83,93308.37,93247.12,93247.84,180,78,0
2026.02.13 21:42:00,93288.03,93298.77,93288.03,93298.77,180,78,0
2026.02.13 21:39:00,93277.23,93287.97,93277.23,93287.97,180,78,0
2026.02.13 21:36:00,93266.43,93277.17,93266.43,93277.17,180,78,0
2026.02.13 21:33:00,93287.48,93288.08,93256.29,93266.37,180,78,0
2026.02.13 21:30:00,93276.68,93287.42,93276.68,93287.42,180,78,0
2026.02.13 21:27:00,93292.03,93294.79,93268.70,93276.62,180,78,0
2026.02.13 21:24:00,93281.23,93291.97,93281.23,93291.97,180,78,0
2026.02.13 21:21:00,93291.39,93301.05,93280.15,93281.17,180,78,0
2026.02.13 21:18:00,93280.59,93291.33,93280.59,93291.33,180,78,0
2026.02.13 21:15:00,93295.28,93295.88,93270.45,93280.53,180,78,0
2026.02.13 21:12:00,93284.48,93295.22,93284.48,93295.22,180,78,0
2026.02.13 21:09:00,93338.19,93338.79,93279.92,93284.42,180,78,0
2026.02.13 21:06:00,93364.70,93374.36,93337.11,93338.13,180,78,0
2026.02.13 21:03:00,93367.88,93373.04,93359.12,93364.64,180,78,0
2026.02.13 21:00:00,93357.08,93367.82,93357.08,93367.82,180,78,0
2026.02.13 20:57:00,93346.28,93357.02,93346.28,93357.02,180,78,0
2026.02.13 20:54:00,93335.48,93346.22,93335.48,93346.22,180,78,0
2026.02.13 20:51:00,93324.68,93335.42,93324.68,93335.42,180,78,0
2026.02.13 20:48:00,93377.64,93380.34,93319.94,93324.62,180,78,0
2026.02.13 20:45:00,93366.84,93377.58,93366.84,93377.58,180,78,0
2026.02.13 20:42:00,93408.44,93408.74,93366.18,93366.78,180,78,0
2026.02.13 20:39:00,93412.41,93417.21,93402.50,93408.38,180,78,0
2026.02.13 20:36:00,93401.61,93412.35,93401.61,93412.35,180,78,0
2026.02.13 20:33:00,93405.96,93414.24,93399.15,93401.55,180,78,0
2026.02.13 20:30:00,93395.16,93405.90,93395.16,93405.90,180,78,0
2026.02.13 20:27:00,93425.05,93430.81,93391.92,93395.10,180,78,0
2026.02.13 20:24:00,93414.25,93424.99,93414.25,93424.99,180,78,0
2026.02.13 20:21:00,93403.45,93414.19,93403.45,93414.19,180,78,0
2026.02.13 20:18:00,93422.44,93424.36,93394.63,93403.39,180,78,0
2026.02.13 20:15:00,93429.12,93434.28,93416.86,93422.38,180,78,0
2026.02.13 20:12:00,93418.32,93429.06,93418.32,93429.06,180,78,0
2026.02.13 20:09:00,93407.52,93418.26,93407.52,93418.26,180,78,0
2026.02.13 20:06:00,93396.72,93407.46,93396.72,93407.46,180,78,0
2026.02.13 20:03:00,93385.92,93396.66,93385.92,93396.66,180,78,0
2026.02.13 20:00:00,93375.12,93385.86,93375.12,93385.86,180,78,0
2026.02.13 19:57:00,93388.70,93397.22,93372.90,93375.06,180,78,0
2026.02.13 19:54:00,93377.90,93388.64,93377.90,93388.64,180,78,0
2026.02.13 19:51:00,93367.10,93377.84,93367.10,93377.84,180,78,0
2026.02.13 19:48:00,93356.30,93367.04,93356.30,93367.04,180,78,0
2026.02.13 19:45:00,93345.50,93356.24,93345.50,93356.24,180,78,0
2026.02.13 19:42:00,93366.81,93375.51,93343.46,93345.44,180,78,0
2026.02.13 19:39:00,93356.01,93366.75,93356.01,93366.75,180,78,0
2026.02.13 19:36:00,93369.92,93377.18,93352.53,93355.95,180,78,0
2026.02.13 19:33:00,93359.12,93369.86,93359.12,93369.86,180,78,0
2026.02.13 19:30:00,93348.32,93359.06,93348.32,93359.06,180,78,0
2026.02.13 19:27:00,93337.52,93348.26,93337.52,93348.26,180,78,0
2026.02.13 19:24:00,93326.72,93337.46,93326.72,93337.46,180,78,0
2026.02.13 19:21:00,93315.92,93326.66,93315.92,93326.66,180,78,0
2026.02.13 19:18:00,93305.12,93315.86,93305.12,93315.86,180,78,0
2026.02.13 19:15:00,93294.32,93305.06,93294.32,93305.06,180,78,0
2026.02.13 19:12:00,93324.03,93326.85,93290.72,93294.26,180,78,0
2026.02.13 19:09:00,93372.20,93373.04,93314.37,93323.97,180,78,0
2026.02.13 19:06:00,93361.40,93372.14,93361.40,93372.14,180,78,0
2026.02.13 19:03:00,93380.65,93384.91,93354.92,93361.34,180,78,0
2026.02.13 19:00:00,93403.89,93407.13,93373.15,93380.59,180,78,0
2026.02.13 18:57:00,93393.09,93403.83,93393.09,93403.83,180,78,0
2026.02.13 18:54:00,93382.29,93393.03,93382.29,93393.03,180,78,0
2026.02.13 18:51:00,93387.86,93394.82,93378.51,93382.23,180,78,0
2026.02.13 18:48:00,93377.06,93387.80,93377.06,93387.80,180,78,0
2026.02.13 18:45:00,93381.26,93383.48,93368.54,93377.00,180,78,0
2026.02.13 18:42:00,93370.46,93381.20,93370.46,93381.20,180,78,0
2026.02.13 18:39:00,93374.89,93377.23,93362.06,93370.40,180,78,0
2026.02.13 18:36:00,93385.69,93390.91,93369.37,93374.83,180,78,0
2026.02.13 18:33:00,93374.89,93385.63,93374.89,93385.63,180,78,0
2026.02.13 18:30:00,93407.03,93416.93,93374.05,93374.83,180,78,0
2026.02.13 18:27:00,93432.99,93443.01,93406.31,93406.97,180,78,0
2026.02.13 18:24:00,93456.29,93466.67,93432.63,93432.93,180,78,0
2026.02.13 18:21:00,93445.49,93456.23,93445.49,93456.23,180,78,0
2026.02.13 18:18:00,93434.69,93445.43,93434.69,93445.43,180,78,0
2026.02.13 18:15:00,93423.89,93434.63,93423.89,93434.63,180,78,0
2026.02.13 18:12:00,93413.09,93423.83,93413.09,93423.83,180,78,0
2026.02.13 18:09:00,93436.09,93436.99,93403.25,93413.03,180,78,0
2026.02.13 18:06:00,93425.29,93436.03,93425.29,93436.03,180,78,0
2026.02.13 18:03:00,93414.49,93425.23,93414.49,93425.23,180,78,0
2026.02.13 18:00:00,93403.69,93414.43,93403.69,93414.43,180,78,0
2026.02.13 17:57:00,93392.89,93403.63,93392.89,93403.63,180,78,0
2026.02.13 17:54:00,93395.57,93402.47,93389.05,93392.83,180,78,0
2026.02.13 17:51:00,93384.77,93395.51,93384.77,93395.51,180,78,0
2026.02.13 17:48:00,93413.75,93413.81,93374.51,93384.71,180,78,0
2026.02.13 17:45:00,93402.95,93413.69,93402.95,93413.69,180,78,0
2026.02.13 17:42:00,93392.15,93402.89,93392.15,93402.89,180,78,0
2026.02.13 17:39:00,93428.68,93429.52,93384.59,93392.09,180,78,0
2026.02.13 17:36:00,93417.88,93428.62,93417.88,93428.62,180,78,0
2026.02.13 17:33:00,93407.08,93417.82,93407.08,93417.82,180,78,0
2026.02.13 17:30:00,93396.28,93407.02,93396.28,93407.02,180,78,0
2026.02.13 17:27:00,93385.48,93396.22,93385.48,93396.22,180,78,0
2026.02.13 17:24:00,93374.68,93385.42,93374.68,93385.42,180,78,0
2026.02.13 17:21:00,93363.88,93374.62,93363.88,93374.62,180,78,0
2026.02.13 17:18:00,93353.08,93363.82,93353.08,93363.82,180,78,0
2026.02.13 17:15:00,93342.28,93353.02,93342.28,93353.02,180,78,0
2026.02.13 17:12:00,93331.48,93342.22,93331.48,93342.22,180,78,0
2026.02.13 17:09:00,93320.68,93331.42,93320.68,93331.42,180,78,0
2026.02.13 17:06:00,93309.88,93320.62,93309.88,93320.62,180,78,0
2026.02.13 17:03:00,93299.08,93309.82,93299.08,93309.82,180,78,0
2026.02.13 17:00:00,93288.28,93299.02,93288.28,93299.02,180,78,0
2026.02.13 16:57:00,93309.26,93313.58,93281.86,93288.22,180,78,0
2026.02.13 16:54:00,93329.86,93336.52,93305.18,93309.20,180,78,0
2026.02.13 16:51:00,93319.06,93329.80,93319.06,93329.80,180,78,0
2026.02.13 16:48:00,93308.26,93319.00,93308.26,93319.00,180,78,0
2026.02.13 16:45:00,93297.46,93308.20,93297.46,93308.20,180,78,0
2026.02.13 16:42:00,93319.28,93329.78,93297.22,93297.40,180,78,0
2026.02.13 16:39:00,93322.26,93322.32,93308.60,93319.22,180,78,0
2026.02.13 16:36:00,93332.67,93338.37,93317.22,93322.20,180,78,0
2026.02.13 16:33:00,93321.87,93332.61,93321.87,93332.61,180,78,0
2026.02.13 16:30:00,93351.23,93356.69,93316.59,93321.81,180,78,0
2026.02.13 16:27:00,93340.43,93351.17,93340.43,93351.17,180,78,0
2026.02.13 16:24:00,93329.63,93340.37,93329.63,93340.37,180,78,0
2026.02.13 16:21:00,93335.99,93339.59,93322.49,93329.57,180,78,0
2026.02.13 16:18:00,93364.32,93374.40,93335.33,93335.93,180,78,0
2026.02.13 16:15:00,93353.52,93364.26,93353.52,93364.26,180,78,0
2026.02.13 16:12:00,93342.72,93353.46,93342.72,93353.46,180,78,0
2026.02.13 16:09:00,93352.49,93355.79,93335.28,93342.66,180,78,0
2026.02.13 16:06:00,93341.69,93352.43,93341.69,93352.43,180,78,0
2026.02.13 16:03:00,93330.89,93341.63,93330.89,93341.63,180,78,0
2026.02.13 16:00:00,93320.09,93330.83,93320.09,93330.83,180,78,0
2026.02.13 15:57:00,93309.29,93320.03,93309.29,93320.03,180,78,0
2026.02.13 15:54:00,93298.49,93309.23,93298.49,93309.23,180,78,0
2026.02.13 15:51:00,93287.69,93298.43,93287.69,93298.43,180,78,0
2026.02.13 15:48:00,93276.89,93287.63,93276.89,93287.63,180,78,0
2026.02.13 15:45:00,93284.25,93284.61,93266.51,93276.83,180,78,0
2026.02.13 15:42:00,93273.45,93284.19,93273.45,93284.19,180,78,0
2026.02.13 15:39:00,93297.62,93298.28,93263.37,93273.39,180,78,0
2026.02.13 15:36:00,93286.82,93297.56,93286.82,93297.56,180,78,0
2026.02.13 15:33:00,93276.02,93286.76,93276.02,93286.76,180,78,0
2026.02.13 15:30:00,93265.22,93275.96,93265.22,93275.96,180,78,0
2026.02.13 15:27:00,93254.42,93265.16,93254.42,93265.16,180,78,0
2026.02.13 15:24:00,93284.06,93287.18,93246.80,93254.36,180,78,0
2026.02.13 15:21:00,93331.80,93333.60,93275.18,93284.00,180,78,0
2026.02.13 15:18:00,93321.00,93331.74,93321.00,93331.74,180,78,0
2026.02.13 15:15:00,93336.94,93342.04,93315.36,93320.94,180,78,0
2026.02.13 15:12:00,93326.14,93336.88,93326.14,93336.88,180,78,0
2026.02.13 15:09:00,93315.34,93326.08,93315.34,93326.08,180,78,0
2026.02.13 15:06:00,93304.54,93315.28,93304.54,93315.28,180,78,0
2026.02.13 15:03:00,93307.11,93313.89,93300.58,93304.48,180,78,0
2026.02.13 15:00:00,93296.31,93307.05,93296.31,93307.05,180,78,0
2026.02.13 14:57:00,93285.51,93296.25,93285.51,93296.25,180,78,0
2026.02.13 14:54:00,93274.71,93285.45,93274.71,93285.45,180,78,0
2026.02.13 14:51:00,93263.91,93274.65,93263.91,93274.65,180,78,0
2026.02.13 14:48:00,93253.11,93263.85,93253.11,93263.85,180,78,0
2026.02.13 14:45:00,93242.31,93253.05,93242.31,93253.05,180,78,0
2026.02.13 14:42:00,93231.51,93242.25,93231.51,93242.25,180,78,0
2026.02.13 14:39:00,93220.71,93231.45,93220.71,93231.45,180,78,0
2026.02.13 14:36:00,93209.91,93220.65,93209.91,93220.65,180,78,0
2026.02.13 14:33:00,93199.11,93209.85,93199.11,93209.85,180,78,0
2026.02.13 14:30:00,93188.31,93199.05,93188.31,93199.05,180,78,0
2026.02.13 14:27:00,93218.73,93223.59,93184.23,93188.25,180,78,0
2026.02.13 14:24:00,93207.93,93218.67,93207.93,93218.67,180,78,0
2026.02.13 14:21:00,93295.24,93299.26,93205.17,93207.87,180,78,0
2026.02.13 14:18:00,93284.44,93295.18,93284.44,93295.18,180,78,0
2026.02.13 14:15:00,93273.64,93284.38,93273.64,93284.38,180,78,0
2026.02.13 14:12:00,93262.84,93273.58,93262.84,93273.58,180,78,0
2026.02.13 14:09:00,93299.54,93306.86,93261.46,93262.78,180,78,0
2026.02.13 14:06:00,93327.09,93330.75,93293.66,93299.48,180,78,0
2026.02.13 14:03:00,93316.29,93327.03,93316.29,93327.03,180,78,0
2026.02.13 14:00:00,93305.49,93316.23,93305.49,93316.23,180,78,0
2026.02.13 13:57:00,93294.69,93305.43,93294.69,93305.43,180,78,0
2026.02.13 13:54:00,93283.89,93294.63,93283.89,93294.63,180,78,0
2026.02.13 13:51:00,93273.09,93283.83,93273.09,93283.83,180,78,0
2026.02.13 13:48:00,93262.29,93273.03,93262.29,93273.03,180,78,0
2026.02.13 13:45:00,93278.64,93286.92,93259.83,93262.23,180,78,0
2026.02.13 13:42:00,93267.84,93278.58,93267.84,93278.58,180,78,0
2026.02.13 13:39:00,93257.04,93267.78,93257.04,93267.78,180,78,0
2026.02.13 13:36:00,93281.41,93289.93,93254.82,93256.98,180,78,0
2026.02.13 13:33:00,93286.21,93291.13,93275.59,93281.35,180,78,0
2026.02.13 13:30:00,93305.61,93314.25,93284.11,93286.15,180,78,0
2026.02.13 13:27:00,93307.94,93315.20,93302.13,93305.55,180,78,0
2026.02.13 13:24:00,93311.78,93311.90,93297.32,93307.88,180,78,0
2026.02.13 13:21:00,93320.43,93328.23,93308.84,93311.72,180,78,0
2026.02.13 13:18:00,93309.63,93320.37,93309.63,93320.37,180,78,0
2026.02.13 13:15:00,93298.83,93309.57,93298.83,93309.57,180,78,0
2026.02.13 13:12:00,93304.28,93309.74,93293.55,93298.77,180,78,0
2026.02.13 13:09:00,93293.48,93304.22,93293.48,93304.22,180,78,0
2026.02.13 13:06:00,93282.68,93293.42,93282.68,93293.42,180,78,0
2026.02.13 13:03:00,93271.88,93282.62,93271.88,93282.62,180,78,0
2026.02.13 13:00:00,93308.90,93309.50,93268.46,93271.82,180,78,0
2026.02.13 12:57:00,93342.25,93343.57,93303.08,93308.84,180,78,0
2026.02.13 12:54:00,93331.45,93342.19,93331.45,93342.19,180,78,0
2026.02.13 12:51:00,93320.65,93331.39,93320.65,93331.39,180,78,0
2026.02.13 12:48:00,93337.03,93341.77,93314.65,93320.59,180,78,0
2026.02.13 12:45:00,93344.51,93352.25,93334.03,93336.97,180,78,0
2026.02.13 12:42:00,93333.71,93344.45,93333.71,93344.45,180,78,0
2026.02.13 12:39:00,93365.57,93371.21,93332.63,93333.65,180,78,0
2026.02.13 12:36:00,93354.77,93365.51,93354.77,93365.51,180,78,0
2026.02.13 12:33:00,93343.97,93354.71,93343.97,93354.71,180,78,0
2026.02.13 12:30:00,93350.90,93356.18,93338.51,93343.91,180,78,0
2026.02.13 12:27:00,93365.46,93368.52,93343.22,93350.84,180,78,0
2026.02.13 12:24:00,93354.66,93365.40,93354.66,93365.40,180,78,0
2026.02.13 12:21:00,93343.86,93354.60,93343.86,93354.60,180,78,0
2026.02.13 12:18:00,93333.06,93343.80,93333.06,93343.80,180,78,0
2026.02.13 12:15:00,93337.49,93340.67,93325.50,93333.00,180,78,0
2026.02.13 12:12:00,93363.74,93367.76,93330.77,93337.43,180,78,0
2026.02.13 12:09:00,93407.75,93408.41,93362.06,93363.68,180,78,0
2026.02.13 12:06:00,93415.96,93423.22,93404.27,93407.69,180,78,0
2026.02.13 12:03:00,93405.16,93415.90,93405.16,93415.90,180,78,0
2026.02.13 12:00:00,93394.36,93405.10,93394.36,93405.10,180,78,0
2026.02.13 11:57:00,93383.56,93394.30,93383.56,93394.30,180,78,0
2026.02.13 11:54:00,93372.76,93383.50,93372.76,93383.50,180,78,0
2026.02.13 11:51:00,93361.96,93372.70,93361.96,93372.70,180,78,0
2026.02.13 11:48:00,93351.16,93361.90,93351.16,93361.90,180,78,0
2026.02.13 11:45:00,93360.50,93367.04,93346.96,93351.10,180,78,0
2026.02.13 11:42:00,93365.27,93367.01,93351.50,93360.44,180,78,0
2026.02.13 11:39:00,93354.47,93365.21,93354.47,93365.21,180,78,0
2026.02.13 11:36:00,93343.67,93354.41,93343.67,93354.41,180,78,0
2026.02.13 11:33:00,93332.87,93343.61,93332.87,93343.61,180,78,0
2026.02.13 11:30:00,93322.07,93332.81,93322.07,93332.81,180,78,0
2026.02.13 11:27:00,93311.27,93322.01,93311.27,93322.01,180,78,0
2026.02.13 11:24:00,93300.47,93311.21,93300.47,93311.21,180,78,0
2026.02.13 11:21:00,93289.67,93300.41,93289.67,93300.41,180,78,0
2026.02.13 11:18:00,93278.87,93289.61,93278.87,93289.61,180,78,0
2026.02.13 11:15:00,93280.28,93284.36,93272.21,93278.81,180,78,0
2026.02.13 11:12:00,93269.48,93280.22,93269.48,93280.22,180,78,0
2026.02.13 11:09:00,93258.68,93269.42,93258.68,93269.42,180,78,0
2026.02.13 11:06:00,93247.88,93258.62,93247.88,93258.62,180,78,0
2026.02.13 11:03:00,93265.92,93274.92,93246.14,93247.82,180,78,0
2026.02.13 11:00:00,93274.00,93280.30,93261.48,93265.86,180,78,0
2026.02.13 10:57:00,93263.20,93273.94,93263.20,93273.94,180,78,0
2026.02.13 10:54:00,93308.87,93312.05,93259.78,93263.14,180,78,0
2026.02.13 10:51:00,93317.44,93323.80,93304.49,93308.81,180,78,0
2026.02.13 10:48:00,93306.64,93317.38,93306.64,93317.38,180,78,0
2026.02.13 10:45:00,93318.14,93319.70,93297.46,93306.58,180,78,0
2026.02.13 10:42:00,93307.34,93318.08,93307.34,93318.08,180,78,0
2026.02.13 10:39:00,93325.29,93333.93,93305.24,93307.28,180,78,0
2026.02.13 10:36:00,93329.53,93334.27,93319.29,93325.23,180,78,0
2026.02.13 10:33:00,93318.73,93329.47,93318.73,93329.47,180,78,0
2026.02.13 10:30:00,93307.93,93318.67,93307.93,93318.67,180,78,0
2026.02.13 10:27:00,93312.79,93314.71,93299.11,93307.87,180,78,0
2026.02.13 10:24:00,93301.99,93312.73,93301.99,93312.73,180,78,0
2026.02.13 10:21:00,93291.19,93301.93,93291.19,93301.93,180,78,0
2026.02.13 10:18:00,93280.39,93291.13,93280.39,93291.13,180,78,0
2026.02.13 10:15:00,93269.59,93280.33,93269.59,93280.33,180,78,0
2026.02.13 10:12:00,93258.79,93269.53,93258.79,93269.53,180,78,0
2026.02.13 10:09:00,93247.99,93258.73,93247.99,93258.73,180,78,0
2026.02.13 10:06:00,93237.19,93247.93,93237.19,93247.93,180,78,0
2026.02.13 10:03:00,93226.39,93237.13,93226.39,93237.13,180,78,0
2026.02.13 10:00:00,93258.39,93262.59,93225.79,93226.33,180,78,0
2026.02.13 09:57:00,93247.59,93258.33,93247.59,93258.33,180,78,0
2026.02.13 09:54:00,93236.79,93247.53,93236.79,93247.53,180,78,0
2026.02.13 09:51:00,93264.20,93264.98,93226.83,93236.73,180,78,0
2026.02.13 09:48:00,93253.40,93264.14,93253.40,93264.14,180,78,0
2026.02.13 09:45:00,93342.80,93345.02,93247.04,93253.34,180,78,0
2026.02.13 09:42:00,93332.00,93342.74,93332.00,93342.74,180,78,0
2026.02.13 09:39:00,93321.20,93331.94,93321.20,93331.94,180,78,0
2026.02.13 09:36:00,93330.84,93336.30,93315.92,93321.14,180,78,0
2026.02.13 09:33:00,93320.04,93330.78,93320.04,93330.78,180,78,0
2026.02.13 09:30:00,93309.24,93319.98,93309.24,93319.98,180,78,0
2026.02.13 09:27:00,93298.44,93309.18,93298.44,93309.18,180,78,0
2026.02.13 09:24:00,93287.64,93298.38,93287.64,93298.38,180,78,0
2026.02.13 09:21:00,93276.84,93287.58,93276.84,93287.58,180,78,0
2026.02.13 09:18:00,93266.04,93276.78,93266.04,93276.78,180,78,0
2026.02.13 09:15:00,93255.24,93265.98,93255.24,93265.98,180,78,0
2026.02.13 09:12:00,93244.44,93255.18,93244.44,93255.18,180,78,0
2026.02.13 09:09:00,93266.72,93267.44,93236.22,93244.38,180,78,0
2026.02.13 09:06:00,93275.26,93281.92,93262.64,93266.66,180,78,0
2026.02.13 09:03:00,93264.46,93275.20,93264.46,93275.20,180,78,0
2026.02.13 09:00:00,93268.48,93269.68,93254.92,93264.40,180,78,0
2026.02.13 08:57:00,93287.21,93288.53,93263.50,93268.42,180,78,0
2026.02.13 08:54:00,93330.58,93338.74,93286.31,93287.15,180,78,0
2026.02.13 08:51:00,93340.83,93340.83,93319.84,93330.52,180,78,0
2026.02.13 08:48:00,93365.20,93369.52,93334.83,93340.77,180,78,0
2026.02.13 08:45:00,93354.40,93365.14,93354.40,93365.14,180,78,0
2026.02.13 08:42:00,93343.60,93354.34,93343.60,93354.34,180,78,0
2026.02.13 08:39:00,93332.80,93343.54,93332.80,93343.54,180,78,0
2026.02.13 08:36:00,93322.00,93332.74,93322.00,93332.74,180,78,0
2026.02.13 08:33:00,93311.20,93321.94,93311.20,93321.94,180,78,0
2026.02.13 08:30:00,93300.40,93311.14,93300.40,93311.14,180,78,0
2026.02.13 08:27:00,93289.60,93300.34,93289.60,93300.34,180,78,0
2026.02.13 08:24:00,93278.80,93289.54,93278.80,93289.54,180,78,0
2026.02.13 08:21:00,93268.00,93278.74,93268.00,93278.74,180,78,0
2026.02.13 08:18:00,93276.89,93277.43,93257.80,93267.94,180,78,0
2026.02.13 08:15:00,93266.09,93276.83,93266.09,93276.83,180,78,0
2026.02.13 08:12:00,93289.46,93293.00,93258.89,93266.03,180,78,0
2026.02.13 08:09:00,93278.66,93289.40,93278.66,93289.40,180,78,0
2026.02.13 08:06:00,93284.28,93290.22,93273.86,93278.60,180,78,0
2026.02.13 08:03:00,93273.48,93284.22,93273.48,93284.22,180,78,0
2026.02.13 08:00:00,93262.68,93273.42,93262.68,93273.42,180,78,0
2026.02.13 07:57:00,93294.68,93303.26,93261.66,93262.62,180,78,0
2026.02.13 07:54:00,93316.06,93325.96,93293.84,93294.62,180,78,0
2026.02.13 07:51:00,93305.26,93316.00,93305.26,93316.00,180,78,0
2026.02.13 07:48:00,93327.66,93328.26,93295.12,93305.20,180,78,0
2026.02.13 07:45:00,93357.01,93357.37,93320.64,93327.60,180,78,0
2026.02.13 07:42:00,93406.08,93413.22,93355.39,93356.95,180,78,0
2026.02.13 07:39:00,93395.28,93406.02,93395.28,93406.02,180,78,0
2026.02.13 07:36:00,93384.48,93395.22,93384.48,93395.22,180,78,0
2026.02.13 07:33:00,93373.68,93384.42,93373.68,93384.42,180,78,0
2026.02.13 07:30:00,93362.88,93373.62,93362.88,93373.62,180,78,0
2026.02.13 07:27:00,93368.55,93373.65,93357.24,93362.82,180,78,0
2026.02.13 07:24:00,93357.75,93368.49,93357.75,93368.49,180,78,0
2026.02.13 07:21:00,93385.70,93391.28,93352.59,93357.69,180,78,0
2026.02.13 07:18:00,93374.90,93385.64,93374.90,93385.64,180,78,0
2026.02.13 07:15:00,93364.10,93374.84,93364.10,93374.84,180,78,0
2026.02.13 07:12:00,93353.30,93364.04,93353.30,93364.04,180,78,0
2026.02.13 07:09:00,93373.43,93375.65,93344.78,93353.24,180,78,0
2026.02.13 07:06:00,93377.83,93383.71,93368.57,93373.37,180,78,0
2026.02.13 07:03:00,93386.68,93394.66,93375.07,93377.77,180,78,0
2026.02.13 07:00:00,93375.88,93386.62,93375.88,93386.62,180,78,0
2026.02.13 06:57:00,93388.07,93397.49,93374.56,93375.82,180,78,0
2026.02.13 06:54:00,93377.27,93388.01,93377.27,93388.01,180,78,0
2026.02.13 06:51:00,93366.47,93377.21,93366.47,93377.21,180,78,0
2026.02.13 06:48:00,93355.67,93366.41,93355.67,93366.41,180,78,0
2026.02.13 06:45:00,93344.87,93355.61,93344.87,93355.61,180,78,0
2026.02.13 06:42:00,93358.75,93359.83,93335.21,93344.81,180,78,0
2026.02.13 06:39:00,93347.95,93358.69,93347.95,93358.69,180,78,0
2026.02.13 06:36:00,93337.15,93347.89,93337.15,93347.89,180,78,0
2026.02.13 06:33:00,93326.35,93337.09,93326.35,93337.09,180,78,0
2026.02.13 06:30:00,93315.55,93326.29,93315.55,93326.29,180,78,0
2026.02.13 06:27:00,93304.75,93315.49,93304.75,93315.49,180,78,0
2026.02.13 06:24:00,93293.95,93304.69,93293.95,93304.69,180,78,0
2026.02.13 06:21:00,93283.15,93293.89,93283.15,93293.89,180,78,0
2026.02.13 06:18:00,93272.35,93283.09,93272.35,93283.09,180,78,0
2026.02.13 06:15:00,93261.55,93272.29,93261.55,93272.29,180,78,0
2026.02.13 06:12:00,93292.86,93297.60,93256.99,93261.49,180,78,0
2026.02.13 06:09:00,93282.06,93292.80,93282.06,93292.80,180,78,0
2026.02.13 06:06:00,93309.87,93315.87,93281.04,93282.00,180,78,0
2026.02.13 06:03:00,93299.07,93309.81,93299.07,93309.81,180,78,0
2026.02.13 06:00:00,93288.27,93299.01,93288.27,93299.01,180,78,0
2026.02.13 05:57:00,93298.84,93308.74,93287.43,93288.21,180,78,0
2026.02.13 05:54:00,93310.77,93320.49,93297.82,93298.78,180,78,0
2026.02.13 05:51:00,93299.97,93310.71,93299.97,93310.71,180,78,0
2026.02.13 05:48:00,93289.17,93299.91,93289.17,93299.91,180,78,0
2026.02.13 05:45:00,93278.37,93289.11,93278.37,93289.11,180,78,0
2026.02.13 05:42:00,93267.57,93278.31,93267.57,93278.31,180,78,0
2026.02.13 05:39:00,93256.77,93267.51,93256.77,93267.51,180,78,0
2026.02.13 05:36:00,93245.97,93256.71,93245.97,93256.71,180,78,0
2026.02.13 05:33:00,93309.75,93309.81,93239.19,93245.91,180,78,0
2026.02.13 05:30:00,93314.69,93315.77,93300.09,93309.69,180,78,0
2026.02.13 05:27:00,93303.89,93314.63,93303.89,93314.63,180,78,0
2026.02.13 05:24:00,93293.09,93303.83,93293.09,93303.83,180,78,0
2026.02.13 05:21:00,93308.99,93309.59,93282.95,93293.03,180,78,0
2026.02.13 05:18:00,93298.19,93308.93,93298.19,93308.93,180,78,0
2026.02.13 05:15:00,93287.39,93298.13,93287.39,93298.13,180,78,0
2026.02.13 05:12:00,93336.80,93343.94,93286.49,93287.33,180,78,0
2026.02.13 05:09:00,93326.00,93336.74,93326.00,93336.74,180,78,0
2026.02.13 05:06:00,93359.84,93361.46,93323.66,93325.94,180,78,0
2026.02.13 05:03:00,93349.04,93359.78,93349.04,93359.78,180,78,0
2026.02.13 05:00:00,93365.00,93366.32,93339.62,93348.98,180,78,0
2026.02.13 04:57:00,93387.80,93389.54,93356.00,93364.94,180,78,0
2026.02.13 04:54:00,93377.00,93387.74,93377.00,93387.74,180,78,0
2026.02.13 04:51:00,93366.20,93376.94,93366.20,93376.94,180,78,0
2026.02.13 04:48:00,93355.40,93366.14,93355.40,93366.14,180,78,0
2026.02.13 04:45:00,93366.58,93370.30,93348.38,93355.34,180,78,0
2026.02.13 04:42:00,93371.79,93380.91,93364.96,93366.52,180,78,0
2026.02.13 04:39:00,93360.99,93371.73,93360.99,93371.73,180,78,0
2026.02.13 04:36:00,93350.19,93360.93,93350.19,93360.93,180,78,0
2026.02.13 04:33:00,93352.16,93355.52,93342.81,93350.13,180,78,0
2026.02.13 04:30:00,93341.36,93352.10,93341.36,93352.10,180,78,0
2026.02.13 04:27:00,93330.56,93341.30,93330.56,93341.30,180,78,0
2026.02.13 04:24:00,93376.04,93376.04,93325.58,93330.50,180,78,0
2026.02.13 04:21:00,93365.24,93375.98,93365.24,93375.98,180,78,0
2026.02.13 04:18:00,93376.19,93376.97,93355.28,93365.18,180,78,0
2026.02.13 04:15:00,93382.63,93386.89,93369.71,93376.13,180,78,0
2026.02.13 04:12:00,93371.83,93382.57,93371.83,93382.57,180,78,0
2026.02.13 04:09:00,93376.02,93378.30,93363.37,93371.77,180,78,0
2026.02.13 04:06:00,93365.22,93375.96,93365.22,93375.96,180,78,0
2026.02.13 04:03:00,93394.35,93394.77,93354.90,93365.16,180,78,0
2026.02.13 04:00:00,93383.55,93394.29,93383.55,93394.29,180,78,0
2026.02.13 03:57:00,93372.75,93383.49,93372.75,93383.49,180,78,0
2026.02.13 03:54:00,93361.95,93372.69,93361.95,93372.69,180,78,0
2026.02.13 03:51:00,93351.15,93361.89,93351.15,93361.89,180,78,0
2026.02.13 03:48:00,93340.35,93351.09,93340.35,93351.09,180,78,0
2026.02.13 03:45:00,93329.55,93340.29,93329.55,93340.29,180,78,0
2026.02.13 03:42:00,93341.97,93349.89,93326.73,93329.49,180,78,0
2026.02.13 03:39:00,93331.17,93341.91,93331.17,93341.91,180,78,0
2026.02.13 03:36:00,93333.48,93343.08,93330.03,93331.11,180,78,0
2026.02.13 03:33:00,93352.35,93357.51,93327.90,93333.42,180,78,0
2026.02.13 03:30:00,93341.55,93352.29,93341.55,93352.29,180,78,0
2026.02.13 03:27:00,93330.75,93341.49,93330.75,93341.49,180,78,0
2026.02.13 03:24:00,93319.95,93330.69,93319.95,93330.69,180,78,0
2026.02.13 03:21:00,93309.15,93319.89,93309.15,93319.89,180,78,0
2026.02.13 03:18:00,93298.35,93309.09,93298.35,93309.09,180,78,0
2026.02.13 03:15:00,93287.55,93298.29,93287.55,93298.29,180,78,0
2026.02.13 03:12:00,93276.75,93287.49,93276.75,93287.49,180,78,0
2026.02.13 03:09:00,93287.18,93293.24,93272.07,93276.69,180,78,0
2026.02.13 03:06:00,93338.54,93342.38,93283.64,93287.12,180,78,0
2026.02.13 03:03:00,93327.74,93338.48,93327.74,93338.48,180,78,0
2026.02.13 03:00:00,93316.94,93327.68,93316.94,93327.68,180,78,0
2026.02.13 02:57:00,93342.30,93342.66,93306.56,93316.88,180,78,0
2026.02.13 02:54:00,93377.02,93383.44,93337.98,93342.24,180,78,0
2026.02.13 02:51:00,93384.87,93385.95,93367.36,93376.96,180,78,0
2026.02.13 02:48:00,93374.07,93384.81,93374.07,93384.81,180,78,0
2026.02.13 02:45:00,93380.68,93381.52,93364.17,93374.01,180,78,0
2026.02.13 02:42:00,93369.88,93380.62,93369.88,93380.62,180,78,0
2026.02.13 02:39:00,93359.08,93369.82,93359.08,93369.82,180,78,0
2026.02.13 02:36:00,93348.28,93359.02,93348.28,93359.02,180,78,0
2026.02.13 02:33:00,93337.48,93348.22,93337.48,93348.22,180,78,0
2026.02.13 02:30:00,93326.68,93337.42,93326.68,93337.42,180,78,0
2026.02.13 02:27:00,93330.73,93339.43,93324.64,93326.62,180,78,0
2026.02.13 02:24:00,93319.93,93330.67,93319.93,93330.67,180,78,0
2026.02.13 02:21:00,93309.13,93319.87,93309.13,93319.87,180,78,0
2026.02.13 02:18:00,93313.43,93320.75,93305.71,93309.07,180,78,0
2026.02.13 02:15:00,93341.59,93343.57,93304.67,93313.37,180,78,0
2026.02.13 02:12:00,93330.79,93341.53,93330.79,93341.53,180,78,0
2026.02.13 02:09:00,93319.99,93330.73,93319.99,93330.73,180,78,0
2026.02.13 02:06:00,93338.10,93343.92,93315.07,93319.93,180,78,0
2026.02.13 02:03:00,93354.70,93360.58,93333.24,93338.04,180,78,0
2026.02.13 02:00:00,93343.90,93354.64,93343.90,93354.64,180,78,0
2026.02.13 01:57:00,93333.10,93343.84,93333.10,93343.84,180,78,0
2026.02.13 01:54:00,93322.30,93333.04,93322.30,93333.04,180,78,0
2026.02.13 01:51:00,93311.50,93322.24,93311.50,93322.24,180,78,0
2026.02.13 01:48:00,93300.70,93311.44,93300.70,93311.44,180,78,0
2026.02.13 01:45:00,93289.90,93300.64,93289.90,93300.64,180,78,0
2026.02.13 01:42:00,93303.06,93305.82,93281.92,93289.84,180,78,0
2026.02.13 01:39:00,93292.26,93303.00,93292.26,93303.00,180,78,0
2026.02.13 01:36:00,93281.46,93292.20,93281.46,93292.20,180,78,0
2026.02.13 01:33:00,93299.57,93300.41,93271.56,93281.40,180,78,0
2026.02.13 01:30:00,93288.77,93299.51,93288.77,93299.51,180,78,0
2026.02.13 01:27:00,93277.97,93288.71,93277.97,93288.71,180,78,0
2026.02.13 01:24:00,93296.32,93304.60,93275.51,93277.91,180,78,0
2026.02.13 01:21:00,93285.52,93296.26,93285.52,93296.26,180,78,0
2026.02.13 01:18:00,93298.26,93299.82,93276.34,93285.46,180,78,0
2026.02.13 01:15:00,93287.46,93298.20,93287.46,93298.20,180,78,0
2026.02.13 01:12:00,93308.10,93314.28,93285.96,93287.40,180,78,0
2026.02.13 01:09:00,93297.30,93308.04,93297.30,93308.04,180,78,0
2026.02.13 01:06:00,93286.50,93297.24,93286.50,93297.24,180,78,0
2026.02.13 01:03:00,93318.69,93320.67,93283.56,93286.44,180,78,0
2026.02.13 01:00:00,93320.06,93326.48,93314.37,93318.63,180,78,0
2026.02.13 00:57:00,93309.26,93320.00,93309.26,93320.00,180,78,0
2026.02.13 00:54:00,93332.74,93340.90,93306.68,93309.20,180,78,0
2026.02.13 00:51:00,93334.44,93343.26,93330.82,93332.68,180,78,0
2026.02.13 00:48:00,93323.64,93334.38,93323.64,93334.38,180,78,0
2026.02.13 00:45:00,93312.84,93323.58,93312.84,93323.58,180,78,0
2026.02.13 00:42:00,93302.04,93312.78,93302.04,93312.78,180,78,0
2026.02.13 00:39:00,93305.58,93314.76,93300.48,93301.98,180,78,0
2026.02.13 00:36:00,93294.78,93305.52,93294.78,93305.52,180,78,0
2026.02.13 00:33:00,93333.90,93341.22,93291.36,93294.72,180,78,0
2026.02.13 00:30:00,93354.12,93357.90,93326.94,93333.84,180,78,0
2026.02.13 00:27:00,93343.32,93354.06,93343.32,93354.06,180,78,0
2026.02.13 00:24:00,93347.19,93357.93,93347.19,93357.93,180,78,0
2026.02.13 00:21:00,93336.39,93347.13,93336.39,93347.13,180,78,0
2026.02.13 00:18:00,93367.19,93368.75,93328.11,93336.33,180,78,0
2026.02.13 00:15:00,93356.39,93367.13,93356.39,93367.13,180,78,0
2026.02.13 00:12:00,93359.52,93360.12,93346.25,93356.33,180,78,0
2026.02.13 00:09:00,93348.72,93359.46,93348.72,93359.46,180,78,0
2026.02.13 00:06:00,93337.92,93348.66,93337.92,93348.66,180,78,0
2026.02.13 00:03:00,93327.12,93337.86,93327.12,93337.86,180,78,0
2026.02.13 00:00:00,93335.61,93340.95,93321.72,93327.06,180,78,0
2026.02.12 23:57:00,93324.81,93335.55,93324.81,93335.55,180,78,0
2026.02.12 23:54:00,93314.01,93324.75,93314.01,93324.75,180,78,0
2026.02.12 23:51:00,93352.20,93354.72,93308.73,93313.95,180,78,0
2026.02.12 23:48:00,93341.40,93352.14,93341.40,93352.14,180,78,0
2026.02.12 23:45:00,93346.13,93349.19,93333.72,93341.34,180,78,0
2026.02.12 23:42:00,93335.33,93346.07,93335.33,93346.07,180,78,0
2026.02.12 23:39:00,93324.53,93335.27,93324.53,93335.27,180,78,0
2026.02.12 23:36:00,93313.73,93324.47,93313.73,93324.47,180,78,0
2026.02.12 23:33:00,93302.93,93313.67,93302.93,93313.67,180,78,0
2026.02.12 23:30:00,93321.98,93330.08,93300.29,93302.87,180,78,0
2026.02.12 23:27:00,93311.18,93321.92,93311.18,93321.92,180,78,0
2026.02.12 23:24:00,93316.10,93319.76,93304.10,93311.12,180,78,0
2026.02.12 23:21:00,93340.15,93340.93,93311.60,93316.04,180,78,0
2026.02.12 23:18:00,93329.35,93340.09,93329.35,93340.09,180,78,0
2026.02.12 23:15:00,93318.55,93329.29,93318.55,93329.29,180,78,0
2026.02.12 23:12:00,93307.75,93318.49,93307.75,93318.49,180,78,0
2026.02.12 23:09:00,93326.36,93328.40,93299.05,93307.69,180,78,0
2026.02.12 23:06:00,93315.56,93326.30,93315.56,93326.30,180,78,0
2026.02.12 23:03:00,93325.46,93334.28,93313.64,93315.50,180,78,0
2026.02.12 23:00:00,93341.55,93351.87,93325.04,93325.40,180,78,0
2026.02.12 22:57:00,93330.75,93341.49,93330.75,93341.49,180,78,0
2026.02.12 22:54:00,93319.95,93330.69,93319.95,93330.69,180,78,0
2026.02.12 22:51:00,93309.15,93319.89,93309.15,93319.89,180,78,0
2026.02.12 22:48:00,93298.35,93309.09,93298.35,93309.09,180,78,0
2026.02.12 22:45:00,93303.21,93304.77,93289.17,93298.29,180,78,0
2026.02.12 22:42:00,93292.41,93303.15,93292.41,93303.15,180,78,0
2026.02.12 22:39:00,93281.61,93292.35,93281.61,93292.35,180,78,0
2026.02.12 22:36:00,93305.95,93311.95,93276.87,93281.55,180,78,0
2026.02.12 22:33:00,93295.15,93305.89,93295.15,93305.89,180,78,0
2026.02.12 22:30:00,93323.68,93331.42,93292.15,93295.09,180,78,0
2026.02.12 22:27:00,93312.88,93323.62,93312.88,93323.62,180,78,0
2026.02.12 22:24:00,93331.75,93342.25,93312.64,93312.82,180,78,0
2026.02.12 22:21:00,93346.23,93355.95,93330.73,93331.69,180,78,0
2026.02.12 22:18:00,93352.85,93362.87,93345.51,93346.17,180,78,0
2026.02.12 22:15:00,93342.05,93352.79,93342.05,93352.79,180,78,0
2026.02.12 22:12:00,93331.25,93341.99,93331.25,93341.99,180,78,0
2026.02.12 22:09:00,93320.45,93331.19,93320.45,93331.19,180,78,0
2026.02.12 22:06:00,93309.65,93320.39,93309.65,93320.39,180,78,0
2026.02.12 22:03:00,93355.06,93360.22,93307.19,93309.59,180,78,0
2026.02.12 22:00:00,93344.26,93355.00,93344.26,93355.00,180,78,0
2026.02.12 21:57:00,93333.46,93344.20,93333.46,93344.20,180,78,0
2026.02.12 21:54:00,93322.66,93333.40,93322.66,93333.40,180,78,0
2026.02.12 21:51:00,93311.86,93322.60,93311.86,93322.60,180,78,0
2026.02.12 21:48:00,93319.55,93323.39,93304.96,93311.80,180,78,0
2026.02.12 21:45:00,93329.75,93331.73,93310.79,93319.49,180,78,0
2026.02.12 21:42:00,93350.68,93359.08,93327.83,93329.69,180,78,0
2026.02.12 21:39:00,93339.88,93350.62,93339.88,93350.62,180,78,0
2026.02.12 21:36:00,93372.28,93373.36,93331.96,93339.82,180,78,0
2026.02.12 21:33:00,93361.48,93372.22,93361.48,93372.22,180,78,0
2026.02.12 21:30:00,93350.68,93361.42,93350.68,93361.42,180,78,0
2026.02.12 21:27:00,93339.88,93350.62,93339.88,93350.62,180,78,0
2026.02.12 21:24:00,93345.80,93355.46,93338.80,93339.82,180,78,0
2026.02.12 21:21:00,93335.00,93345.74,93335.00,93345.74,180,78,0
2026.02.12 21:18:00,93358.68,93363.60,93329.18,93334.94,180,78,0
2026.02.12 21:15:00,93347.88,93358.62,93347.88,93358.62,180,78,0
2026.02.12 21:12:00,93337.08,93347.82,93337.08,93347.82,180,78,0
2026.02.12 21:09:00,93342.39,93352.83,93336.78,93337.02,180,78,0
2026.02.12 21:06:00,93331.59,93342.33,93331.59,93342.33,180,78,0
2026.02.12 21:03:00,93320.79,93331.53,93320.79,93331.53,180,78,0
2026.02.12 21:00:00,93309.99,93320.73,93309.99,93320.73,180,78,0
2026.02.12 20:57:00,93299.19,93309.93,93299.19,93309.93,180,78,0
2026.02.12 20:54:00,93303.26,93305.06,93290.25,93299.13,180,78,0
2026.02.12 20:51:00,93329.79,93331.17,93301.04,93303.20,180,78,0
2026.02.12 20:48:00,93318.99,93329.73,93318.99,93329.73,180,78,0
2026.02.12 20:45:00,93308.19,93318.93,93308.19,93318.93,180,78,0
2026.02.12 20:42:00,93297.39,93308.13,93297.39,93308.13,180,78,0
2026.02.12 20:39:00,93302.95,93306.61,93290.31,93297.33,180,78,0
2026.02.12 20:36:00,93333.86,93334.70,93297.79,93302.89,180,78,0
2026.02.12 20:33:00,93353.23,93354.43,93324.32,93333.80,180,78,0
2026.02.12 20:30:00,93342.43,93353.17,93342.43,93353.17,180,78,0
2026.02.12 20:27:00,93358.14,93367.32,93340.87,93342.37,180,78,0
2026.02.12 20:24:00,93347.34,93358.08,93347.34,93358.08,180,78,0
2026.02.12 20:21:00,93336.54,93347.28,93336.54,93347.28,180,78,0
2026.02.12 20:18:00,93325.74,93336.48,93325.74,93336.48,180,78,0
2026.02.12 20:15:00,93314.94,93325.68,93314.94,93325.68,180,78,0
2026.02.12 20:12:00,93304.14,93314.88,93304.14,93314.88,180,78,0
2026.02.12 20:09:00,93293.34,93304.08,93293.34,93304.08,180,78,0
2026.02.12 20:06:00,93282.54,93293.28,93282.54,93293.28,180,78,0
2026.02.12 20:03:00,93290.26,93300.94,93282.48,93282.48,180,78,0
2026.02.12 20:00:00,93334.49,93336.35,93285.16,93290.20,180,78,0
2026.02.12 19:57:00,93360.51,93367.05,93330.29,93334.43,180,78,0
2026.02.12 19:54:00,93364.06,93373.42,93359.13,93360.45,180,78,0
2026.02.12 19:51:00,93353.26,93364.00,93353.26,93364.00,180,78,0
2026.02.12 19:48:00,93342.46,93353.20,93342.46,93353.20,180,78,0
2026.02.12 19:45:00,93331.66,93342.40,93331.66,93342.40,180,78,0
2026.02.12 19:42:00,93320.86,93331.60,93320.86,93331.60,180,78,0
2026.02.12 19:39:00,93355.37,93361.55,93318.10,93320.80,180,78,0
2026.02.12 19:36:00,93344.57,93355.31,93344.57,93355.31,180,78,0
2026.02.12 19:33:00,93361.09,93362.53,93335.27,93344.51,180,78,0
2026.02.12 19:30:00,93364.78,93365.32,93350.89,93361.03,180,78,0
2026.02.12 19:27:00,93395.40,93399.42,93358.06,93364.72,180,78,0
2026.02.12 19:24:00,93416.27,93419.27,93387.66,93395.34,180,78,0
2026.02.12 19:21:00,93430.82,93433.76,93408.47,93416.21,180,78,0
2026.02.12 19:18:00,93443.22,93453.48,93430.34,93430.76,180,78,0
2026.02.12 19:15:00,93432.42,93443.16,93432.42,93443.16,180,78,0
2026.02.12 19:12:00,93440.41,93442.21,93423.48,93432.36,180,78,0
2026.02.12 19:09:00,93471.53,93472.73,93438.91,93440.35,180,78,0
2026.02.12 19:06:00,93460.73,93471.47,93460.73,93471.47,180,78,0
2026.02.12 19:03:00,93474.43,93478.75,93454.31,93460.67,180,78,0
2026.02.12 19:00:00,93463.63,93474.37,93463.63,93474.37,180,78,0
2026.02.12 18:57:00,93452.83,93463.57,93452.83,93463.57,180,78,0
2026.02.12 18:54:00,93442.03,93452.77,93442.03,93452.77,180,78,0
2026.02.12 18:51:00,93431.23,93441.97,93431.23,93441.97,180,78,0
2026.02.12 18:48:00,93420.43,93431.17,93420.43,93431.17,180,78,0
2026.02.12 18:45:00,93437.87,93448.55,93420.37,93420.37,180,78,0
2026.02.12 18:42:00,93497.79,93498.09,93432.41,93437.81,180,78,0
2026.02.12 18:39:00,93486.99,93497.73,93486.99,93497.73,180,78,0
2026.02.12 18:36:00,93476.19,93486.93,93476.19,93486.93,180,78,0
2026.02.12 18:33:00,93465.39,93476.13,93465.39,93476.13,180,78,0
2026.02.12 18:30:00,93496.75,93502.09,93459.99,93465.33,180,78,0
2026.02.12 18:27:00,93485.95,93496.69,93485.95,93496.69,180,78,0
2026.02.12 18:24:00,93475.15,93485.89,93475.15,93485.89,180,78,0
2026.02.12 18:21:00,93464.35,93475.09,93464.35,93475.09,180,78,0
2026.02.12 18:18:00,93453.55,93464.29,93453.55,93464.29,180,78,0
2026.02.12 18:15:00,93442.75,93453.49,93442.75,93453.49,180,78,0
2026.02.12 18:12:00,93459.27,93466.89,93439.63,93442.69,180,78,0
2026.02.12 18:09:00,93477.51,93486.81,93457.83,93459.21,180,78,0
2026.02.12 18:06:00,93466.71,93477.45,93466.71,93477.45,180,78,0
2026.02.12 18:03:00,93455.91,93466.65,93455.91,93466.65,180,78,0
2026.02.12 18:00:00,93445.11,93455.85,93445.11,93455.85,180,78,0
2026.02.12 17:57:00,93448.46,93448.70,93434.61,93445.05,180,78,0
2026.02.12 17:54:00,93437.66,93448.40,93437.66,93448.40,180,78,0
2026.02.12 17:51:00,93426.86,93437.60,93426.86,93437.60,180,78,0
2026.02.12 17:48:00,93445.37,93455.87,93426.62,93426.80,180,78,0
2026.02.12 17:45:00,93509.18,93509.48,93444.35,93445.31,180,78,0
2026.02.12 17:42:00,93559.55,93563.51,93505.88,93509.12,180,78,0
2026.02.12 17:39:00,93595.87,93595.99,93557.03,93559.49,180,78,0
2026.02.12 17:36:00,93585.07,93595.81,93585.07,93595.81,180,78,0
2026.02.12 17:33:00,93574.27,93585.01,93574.27,93585.01,180,78,0
2026.02.12 17:30:00,93563.47,93574.21,93563.47,93574.21,180,78,0
2026.02.12 17:27:00,93580.96,93587.20,93560.11,93563.41,180,78,0
2026.02.12 17:24:00,93570.16,93580.90,93570.16,93580.90,180,78,0
2026.02.12 17:21:00,93581.41,93582.97,93560.98,93570.10,180,78,0
2026.02.12 17:18:00,93570.61,93581.35,93570.61,93581.35,180,78,0
2026.02.12 17:15:00,93575.60,93583.88,93568.15,93570.55,180,78,0
2026.02.12 17:12:00,93564.80,93575.54,93564.80,93575.54,180,78,0
2026.02.12 17:09:00,93554.00,93564.74,93554.00,93564.74,180,78,0
2026.02.12 17:06:00,93543.20,93553.94,93543.20,93553.94,180,78,0
2026.02.12 17:03:00,93532.40,93543.14,93532.40,93543.14,180,78,0
2026.02.12 17:00:00,93521.60,93532.34,93521.60,93532.34,180,78,0
2026.02.12 16:57:00,93525.99,93529.53,93514.40,93521.54,180,78,0
2026.02.12 16:54:00,93515.19,93525.93,93515.19,93525.93,180,78,0
2026.02.12 16:51:00,93504.39,93515.13,93504.39,93515.13,180,78,0
2026.02.12 16:48:00,93493.59,93504.33,93493.59,93504.33,180,78,0
2026.02.12 16:45:00,93482.79,93493.53,93482.79,93493.53,180,78,0
2026.02.12 16:42:00,93517.90,93522.64,93476.79,93482.73,180,78,0
2026.02.12 16:39:00,93531.88,93540.34,93515.62,93517.84,180,78,0
2026.02.12 16:36:00,93521.08,93531.82,93521.08,93531.82,180,78,0
2026.02.12 16:33:00,93510.28,93521.02,93510.28,93521.02,180,78,0
2026.02.12 16:30:00,93499.48,93510.22,93499.48,93510.22,180,78,0
2026.02.12 16:27:00,93488.68,93499.42,93488.68,93499.42,180,78,0
2026.02.12 16:24:00,93477.88,93488.62,93477.88,93488.62,180,78,0
2026.02.12 16:21:00,93490.08,93497.58,93474.64,93477.82,180,78,0
2026.02.12 16:18:00,93479.28,93490.02,93479.28,93490.02,180,78,0
2026.02.12 16:15:00,93468.48,93479.22,93468.48,93479.22,180,78,0
2026.02.12 16:12:00,93457.68,93468.42,93457.68,93468.42,180,78,0
2026.02.12 16:09:00,93446.88,93457.62,93446.88,93457.62,180,78,0
2026.02.12 16:06:00,93436.08,93446.82,93436.08,93446.82,180,78,0
2026.02.12 16:03:00,93425.28,93436.02,93425.28,93436.02,180,78,0
2026.02.12 16:00:00,93414.48,93425.22,93414.48,93425.22,180,78,0
2026.02.12 15:57:00,93403.68,93414.42,93403.68,93414.42,180,78,0
2026.02.12 15:54:00,93426.41,93427.85,93394.38,93403.62,180,78,0
2026.02.12 15:51:00,93415.61,93426.35,93415.61,93426.35,180,78,0
2026.02.12 15:48:00,93430.80,93434.88,93408.95,93415.55,180,78,0
2026.02.12 15:45:00,93420.00,93430.74,93420.00,93430.74,180,78,0
2026.02.12 15:42:00,93409.20,93419.94,93409.20,93419.94,180,78,0
2026.02.12 15:39:00,93398.40,93409.14,93398.40,93409.14,180,78,0
2026.02.12 15:36:00,93387.60,93398.34,93387.60,93398.34,180,78,0
2026.02.12 15:33:00,93376.80,93387.54,93376.80,93387.54,180,78,0
2026.02.12 15:30:00,93381.44,93389.48,93374.10,93376.74,180,78,0
2026.02.12 15:27:00,93370.64,93381.38,93370.64,93381.38,180,78,0
2026.02.12 15:24:00,93411.99,93416.85,93368.00,93370.58,180,78,0
2026.02.12 15:21:00,93401.19,93411.93,93401.19,93411.93,180,78,0
2026.02.12 15:18:00,93390.39,93401.13,93390.39,93401.13,180,78,0
2026.02.12 15:15:00,93379.59,93390.33,93379.59,93390.33,180,78,0
2026.02.12 15:12:00,93417.31,93423.13,93375.87,93379.53,180,78,0
2026.02.12 15:09:00,93406.51,93417.25,93406.51,93417.25,180,78,0
2026.02.12 15:06:00,93395.71,93406.45,93395.71,93406.45,180,78,0
2026.02.12 15:03:00,93384.91,93395.65,93384.91,93395.65,180,78,0
2026.02.12 15:00:00,93374.11,93384.85,93374.11,93384.85,180,78,0
2026.02.12 14:57:00,93363.31,93374.05,93363.31,93374.05,180,78,0
2026.02.12 14:54:00,93352.51,93363.25,93352.51,93363.25,180,78,0
2026.02.12 14:51:00,93341.71,93352.45,93341.71,93352.45,180,78,0
2026.02.12 14:48:00,93330.91,93341.65,93330.91,93341.65,180,78,0
2026.02.12 14:45:00,93361.37,93364.55,93323.35,93330.85,180,78,0
2026.02.12 14:42:00,93350.57,93361.31,93350.57,93361.31,180,78,0
2026.02.12 14:39:00,93339.77,93350.51,93339.77,93350.51,180,78,0
2026.02.12 14:36:00,93346.03,93349.75,93332.75,93339.71,180,78,0
2026.02.12 14:33:00,93335.23,93345.97,93335.23,93345.97,180,78,0
2026.02.12 14:30:00,93324.43,93335.17,93324.43,93335.17,180,78,0
2026.02.12 14:27:00,93313.63,93324.37,93313.63,93324.37,180,78,0
2026.02.12 14:24:00,93332.11,93342.07,93312.85,93313.57,180,78,0
2026.02.12 14:21:00,93321.31,93332.05,93321.31,93332.05,180,78,0
2026.02.12 14:18:00,93323.20,93333.88,93321.25,93321.25,180,78,0
2026.02.12 14:15:00,93312.40,93323.14,93312.40,93323.14,180,78,0
2026.02.12 14:12:00,93317.75,93319.19,93303.10,93312.34,180,78,0
2026.02.12 14:09:00,93326.18,93334.88,93315.71,93317.69,180,78,0
2026.02.12 14:06:00,93315.38,93326.12,93315.38,93326.12,180,78,0
2026.02.12 14:03:00,93304.58,93315.32,93304.58,93315.32,180,78,0
2026.02.12 14:00:00,93293.78,93304.52,93293.78,93304.52,180,78,0
2026.02.12 13:57:00,93303.40,93304.96,93284.60,93293.72,180,78,0
2026.02.12 13:54:00,93310.36,93311.68,93293.98,93303.34,180,78,0
2026.02.12 13:51:00,93299.56,93310.30,93299.56,93310.30,180,78,0
2026.02.12 13:48:00,93288.76,93299.50,93288.76,93299.50,180,78,0
2026.02.12 13:45:00,93319.99,93320.17,93281.68,93288.70,180,78,0
2026.02.12 13:42:00,93327.78,93333.90,93315.37,93319.93,180,78,0
2026.02.12 13:39:00,93316.98,93327.72,93316.98,93327.72,180,78,0
2026.02.12 13:36:00,93306.18,93316.92,93306.18,93316.92,180,78,0
2026.02.12 13:33:00,93310.90,93317.32,93301.86,93306.12,180,78,0
2026.02.12 13:30:00,93399.03,93399.39,93307.60,93310.84,180,78,0
2026.02.12 13:27:00,93388.23,93398.97,93388.23,93398.97,180,78,0
2026.02.12 13:24:00,93407.97,93418.23,93387.75,93388.17,180,78,0
2026.02.12 13:21:00,93397.17,93407.91,93397.17,93407.91,180,78,0
2026.02.12 13:18:00,93463.54,93465.28,93392.31,93397.11,180,78,0
2026.02.12 13:15:00,93452.74,93463.48,93452.74,93463.48,180,78,0
2026.02.12 13:12:00,93465.52,93473.56,93450.04,93452.68,180,78,0
2026.02.12 13:09:00,93454.72,93465.46,93454.72,93465.46,180,78,0
2026.02.12 13:06:00,93443.92,93454.66,93443.92,93454.66,180,78,0
2026.02.12 13:03:00,93433.12,93443.86,93433.12,93443.86,180,78,0
2026.02.12 13:00:00,93422.32,93433.06,93422.32,93433.06,180,78,0
2026.02.12 12:57:00,93433.78,93441.58,93419.38,93422.26,180,78,0
2026.02.12 12:54:00,93422.98,93433.72,93422.98,93433.72,180,78,0
2026.02.12 12:51:00,93441.80,93444.56,93415.00,93422.92,180,78,0
2026.02.12 12:48:00,93431.00,93441.74,93431.00,93441.74,180,78,0
2026.02.12 12:45:00,93420.20,93430.94,93420.20,93430.94,180,78,0
2026.02.12 12:42:00,93409.40,93420.14,93409.40,93420.14,180,78,0
2026.02.12 12:39:00,93398.60,93409.34,93398.60,93409.34,180,78,0
2026.02.12 12:36:00,93387.80,93398.54,93387.80,93398.54,180,78,0
2026.02.12 12:33:00,93377.00,93387.74,93377.00,93387.74,180,78,0
2026.02.12 12:30:00,93366.20,93376.94,93366.20,93376.94,180,78,0
2026.02.12 12:27:00,93355.40,93366.14,93355.40,93366.14,180,78,0
2026.02.12 12:24:00,93357.77,93366.35,93353.24,93355.34,180,78,0
2026.02.12 12:21:00,93346.97,93357.71,93346.97,93357.71,180,78,0
2026.02.12 12:18:00,93336.17,93346.91,93336.17,93346.91,180,78,0
2026.02.12 12:15:00,93325.37,93336.11,93325.37,93336.11,180,78,0
2026.02.12 12:12:00,93353.74,93360.22,93321.11,93325.31,180,78,0
2026.02.12 12:09:00,93387.68,93389.18,93349.12,93353.68,180,78,0
2026.02.12 12:06:00,93376.88,93387.62,93376.88,93387.62,180,78,0
2026.02.12 12:03:00,93366.08,93376.82,93366.08,93376.82,180,78,0
2026.02.12 12:00:00,93355.28,93366.02,93355.28,93366.02,180,78,0
2026.02.12 11:57:00,93344.48,93355.22,93344.48,93355.22,180,78,0
2026.02.12 11:54:00,93333.68,93344.42,93333.68,93344.42,180,78,0
2026.02.12 11:51:00,93377.30,93379.82,93328.34,93333.62,180,78,0
2026.02.12 11:48:00,93366.50,93377.24,93366.50,93377.24,180,78,0
2026.02.12 11:45:00,93368.84,93377.78,93364.70,93366.44,180,78,0
2026.02.12 11:42:00,93372.45,93374.85,93360.50,93368.78,180,78,0
2026.02.12 11:39:00,93361.65,93372.39,93361.65,93372.39,180,78,0
2026.02.12 11:36:00,93350.85,93361.59,93350.85,93361.59,180,78,0
2026.02.12 11:33:00,93383.89,93389.95,93350.19,93350.79,180,78,0
2026.02.12 11:30:00,93373.09,93383.83,93373.09,93383.83,180,78,0
2026.02.12 11:27:00,93362.29,93373.03,93362.29,93373.03,180,78,0
2026.02.12 11:24:00,93375.38,93384.68,93360.85,93362.23,180,78,0
2026.02.12 11:21:00,93364.58,93375.32,93364.58,93375.32,180,78,0
2026.02.12 11:18:00,93353.78,93364.52,93353.78,93364.52,180,78,0
2026.02.12 11:15:00,93342.98,93353.72,93342.98,93353.72,180,78,0
2026.02.12 11:12:00,93359.61,93360.57,93333.20,93342.92,180,78,0
2026.02.12 11:09:00,93374.45,93378.77,93353.19,93359.55,180,78,0
2026.02.12 11:06:00,93363.65,93374.39,93363.65,93374.39,180,78,0
2026.02.12 11:03:00,93405.90,93408.72,93357.11,93363.59,180,78,0
2026.02.12 11:00:00,93395.10,93405.84,93395.10,93405.84,180,78,0
2026.02.12 10:57:00,93384.30,93395.04,93384.30,93395.04,180,78,0
2026.02.12 10:54:00,93373.50,93384.24,93373.50,93384.24,180,78,0
2026.02.12 10:51:00,93375.71,93383.69,93370.74,93373.44,180,78,0
2026.02.12 10:48:00,93364.91,93375.65,93364.91,93375.65,180,78,0
2026.02.12 10:45:00,93354.11,93364.85,93354.11,93364.85,180,78,0
2026.02.12 10:42:00,93343.31,93354.05,93343.31,93354.05,180,78,0
2026.02.12 10:39:00,93332.51,93343.25,93332.51,93343.25,180,78,0
2026.02.12 10:36:00,93321.71,93332.45,93321.71,93332.45,180,78,0
2026.02.12 10:33:00,93330.66,93335.40,93315.71,93321.65,180,78,0
2026.02.12 10:30:00,93319.86,93330.60,93319.86,93330.60,180,78,0
2026.02.12 10:27:00,93353.62,93356.74,93316.56,93319.80,180,78,0
2026.02.12 10:24:00,93361.89,93366.99,93347.98,93353.56,180,78,0
2026.02.12 10:21:00,93351.09,93361.83,93351.09,93361.83,180,78,0
2026.02.12 10:18:00,93340.29,93351.03,93340.29,93351.03,180,78,0
2026.02.12 10:15:00,93329.49,93340.23,93329.49,93340.23,180,78,0
2026.02.12 10:12:00,93318.69,93329.43,93318.69,93329.43,180,78,0
2026.02.12 10:09:00,93323.37,93333.63,93318.21,93318.63,180,78,0
2026.02.12 10:06:00,93335.92,93342.52,93319.23,93323.31,180,78,0
2026.02.12 10:03:00,93325.12,93335.86,93325.12,93335.86,180,78,0
2026.02.12 10:00:00,93352.47,93358.35,93320.26,93325.06,180,78,0
2026.02.12 09:57:00,93341.67,93352.41,93341.67,93352.41,180,78,0
2026.02.12 09:54:00,93330.87,93341.61,93330.87,93341.61,180,78,0
2026.02.12 09:51:00,93320.07,93330.81,93320.07,93330.81,180,78,0
2026.02.12 09:48:00,93309.27,93320.01,93309.27,93320.01,180,78,0
2026.02.12 09:45:00,93298.47,93309.21,93298.47,93309.21,180,78,0
2026.02.12 09:42:00,93287.67,93298.41,93287.67,93298.41,180,78,0
2026.02.12 09:39:00,93333.89,93334.61,93295.88,93304.22,180,78,0
2026.02.12 09:36:00,93387.34,93394.18,93332.09,93333.83,180,78,0
2026.02.12 09:33:00,93376.54,93387.28,93376.54,93387.28,180,78,0
2026.02.12 09:30:00,93383.05,93387.07,93369.82,93376.48,180,78,0
2026.02.12 09:27:00,93372.25,93382.99,93372.25,93382.99,180,78,0
2026.02.12 09:24:00,93377.79,93383.49,93367.21,93372.19,180,78,0
2026.02.12 09:21:00,93366.99,93377.73,93366.99,93377.73,180,78,0
2026.02.12 09:18:00,93356.19,93366.93,93356.19,93366.93,180,78,0
2026.02.12 09:15:00,93396.21,93401.07,93353.55,93356.13,180,78,0
2026.02.12 09:12:00,93385.41,93396.15,93385.41,93396.15,180,78,0
2026.02.12 09:09:00,93416.08,93421.06,93379.65,93385.35,180,78,0
2026.02.12 09:06:00,93405.28,93416.02,93405.28,93416.02,180,78,0
2026.02.12 09:03:00,93430.27,93430.69,93403.90,93405.22,180,78,0
2026.02.12 09:00:00,93464.21,93472.61,93427.93,93430.21,180,78,0
2026.02.12 08:57:00,93453.41,93464.15,93453.41,93464.15,180,78,0
2026.02.12 08:54:00,93442.61,93453.35,93442.61,93453.35,180,78,0
2026.02.12 08:51:00,93460.81,93463.27,93434.33,93442.55,180,78,0
2026.02.12 08:48:00,93487.56,93496.26,93458.77,93460.75,180,78,0
2026.02.12 08:45:00,93476.76,93487.50,93476.76,93487.50,180,78,0
2026.02.12 08:42:00,93521.21,93526.79,93476.52,93476.70,180,78,0
2026.02.12 08:39:00,93510.41,93521.15,93510.41,93521.15,180,78,0
2026.02.12 08:36:00,93499.61,93510.35,93499.61,93510.35,180,78,0
2026.02.12 08:33:00,93488.81,93499.55,93488.81,93499.55,180,78,0
2026.02.12 08:30:00,93478.01,93488.75,93478.01,93488.75,180,78,0
2026.02.12 08:27:00,93501.44,93506.90,93472.73,93477.95,180,78,0
2026.02.12 08:24:00,93490.64,93501.38,93490.64,93501.38,180,78,0
2026.02.12 08:21:00,93498.31,93501.19,93482.78,93490.58,180,78,0
2026.02.12 08:18:00,93531.54,93539.76,93495.79,93498.25,180,78,0
2026.02.12 08:15:00,93520.74,93531.48,93520.74,93531.48,180,78,0
2026.02.12 08:12:00,93538.82,93547.10,93518.28,93520.68,180,78,0
2026.02.12 08:09:00,93528.02,93538.76,93528.02,93538.76,180,78,0
2026.02.12 08:06:00,93517.22,93527.96,93517.22,93527.96,180,78,0
2026.02.12 08:03:00,93506.42,93517.16,93506.42,93517.16,180,78,0
2026.02.12 08:00:00,93495.62,93506.36,93495.62,93506.36,180,78,0
2026.02.12 07:57:00,93484.82,93495.56,93484.82,93495.56,180,78,0
2026.02.12 07:54:00,93474.02,93484.76,93474.02,93484.76,180,78,0
2026.02.12 07:51:00,93463.22,93473.96,93463.22,93473.96,180,78,0
2026.02.12 07:48:00,93452.42,93463.16,93452.42,93463.16,180,78,0
2026.02.12 07:45:00,93441.62,93452.36,93441.62,93452.36,180,78,0
2026.02.12 07:42:00,93462.16,93468.40,93440.30,93441.56,180,78,0
2026.02.12 07:39:00,93451.36,93462.10,93451.36,93462.10,180,78,0
2026.02.12 07:36:00,93440.56,93451.30,93440.56,93451.30,180,78,0
2026.02.12 07:33:00,93480.32,93482.24,93435.46,93440.50,180,78,0
2026.02.12 07:30:00,93469.52,93480.26,93469.52,93480.26,180,78,0
2026.02.12 07:27:00,93458.72,93469.46,93458.72,93469.46,180,78,0
2026.02.12 07:24:00,93447.92,93458.66,93447.92,93458.66,180,78,0
2026.02.12 07:21:00,93437.12,93447.86,93437.12,93447.86,180,78,0
2026.02.12 07:18:00,93449.31,93459.45,93436.52,93437.06,180,78,0
2026.02.12 07:15:00,93438.51,93449.25,93438.51,93449.25,180,78,0
2026.02.12 07:12:00,93464.37,93474.45,93437.85,93438.45,180,78,0
2026.02.12 07:09:00,93453.57,93464.31,93453.57,93464.31,180,78,0
2026.02.12 07:06:00,93442.77,93453.51,93442.77,93453.51,180,78,0
2026.02.12 07:03:00,93431.97,93442.71,93431.97,93442.71,180,78,0
2026.02.12 07:00:00,93421.17,93431.91,93421.17,93431.91,180,78,0
2026.02.12 06:57:00,93410.37,93421.11,93410.37,93421.11,180,78,0
2026.02.12 06:54:00,93412.41,93420.87,93408.09,93410.31,180,78,0
2026.02.12 06:51:00,93401.61,93412.35,93401.61,93412.35,180,78,0
2026.02.12 06:48:00,93405.63,93407.01,93392.25,93401.55,180,78,0
2026.02.12 06:45:00,93460.74,93460.98,93401.31,93405.57,180,78,0
2026.02.12 06:42:00,93449.94,93460.68,93449.94,93460.68,180,78,0
2026.02.12 06:39:00,93469.81,93477.37,93446.76,93449.88,180,78,0
2026.02.12 06:36:00,93459.01,93469.75,93459.01,93469.75,180,78,0
2026.02.12 06:33:00,93448.21,93458.95,93448.21,93458.95,180,78,0
2026.02.12 06:30:00,93451.30,93461.44,93447.61,93448.15,180,78,0
2026.02.12 06:27:00,93440.50,93451.24,93440.50,93451.24,180,78,0
2026.02.12 06:24:00,93429.70,93440.44,93429.70,93440.44,180,78,0
2026.02.12 06:21:00,93418.90,93429.64,93418.90,93429.64,180,78,0
2026.02.12 06:18:00,93408.10,93418.84,93408.10,93418.84,180,78,0
2026.02.12 06:15:00,93397.30,93408.04,93397.30,93408.04,180,78,0
2026.02.12 06:12:00,93423.19,93429.25,93396.04,93397.24,180,78,0
2026.02.12 06:09:00,93451.02,93456.36,93421.63,93423.13,180,78,0
2026.02.12 06:06:00,93472.87,93477.19,93444.60,93450.96,180,78,0
2026.02.12 06:03:00,93499.45,93501.67,93464.35,93472.81,180,78,0
2026.02.12 06:00:00,93488.65,93499.39,93488.65,93499.39,180,78,0
2026.02.12 05:57:00,93477.85,93488.59,93477.85,93488.59,180,78,0
2026.02.12 05:54:00,93467.05,93477.79,93467.05,93477.79,180,78,0
2026.02.12 05:51:00,93456.25,93466.99,93456.25,93466.99,180,78,0
2026.02.12 05:48:00,93445.45,93456.19,93445.45,93456.19,180,78,0
2026.02.12 05:45:00,93459.52,93467.56,93442.75,93445.39,180,78,0
2026.02.12 05:42:00,93448.72,93459.46,93448.72,93459.46,180,78,0
2026.02.12 05:39:00,93437.92,93448.66,93437.92,93448.66,180,78,0
2026.02.12 05:36:00,93427.12,93437.86,93427.12,93437.86,180,78,0
2026.02.12 05:33:00,93416.32,93427.06,93416.32,93427.06,180,78,0
2026.02.12 05:30:00,93405.52,93416.26,93405.52,93416.26,180,78,0
2026.02.12 05:27:00,93411.46,93413.44,93396.76,93405.46,180,78,0
2026.02.12 05:24:00,93436.80,93440.52,93404.44,93411.40,180,78,0
2026.02.12 05:21:00,93445.99,93449.11,93429.18,93436.74,180,78,0
2026.02.12 05:18:00,93435.19,93445.93,93435.19,93445.93,180,78,0
2026.02.12 05:15:00,93451.51,93454.21,93427.15,93435.13,180,78,0
2026.02.12 05:12:00,93440.71,93451.45,93440.71,93451.45,180,78,0
2026.02.12 05:09:00,93429.91,93440.65,93429.91,93440.65,180,78,0
2026.02.12 05:06:00,93450.24,93454.02,93422.95,93429.85,180,78,0
2026.02.12 05:03:00,93469.70,93477.32,93447.12,93450.18,180,78,0
2026.02.12 05:00:00,93458.90,93469.64,93458.90,93469.64,180,78,0
2026.02.12 04:57:00,93481.86,93489.48,93455.78,93458.84,180,78,0
2026.02.12 04:54:00,93471.06,93481.80,93471.06,93481.80,180,78,0
2026.02.12 04:51:00,93485.61,93491.01,93465.72,93471.00,180,78,0
2026.02.12 04:48:00,93496.64,93506.54,93484.77,93485.55,180,78,0
2026.02.12 04:45:00,93504.36,93514.38,93495.92,93496.58,180,78,0
2026.02.12 04:42:00,93493.56,93504.30,93493.56,93504.30,180,78,0
2026.02.12 04:39:00,93482.76,93493.50,93482.76,93493.50,180,78,0
2026.02.12 04:36:00,93471.96,93482.70,93471.96,93482.70,180,78,0
2026.02.12 04:33:00,93461.16,93471.90,93461.16,93471.90,180,78,0
2026.02.12 04:30:00,93450.36,93461.10,93450.36,93461.10,180,78,0
2026.02.12 04:27:00,93439.56,93450.30,93439.56,93450.30,180,78,0
2026.02.12 04:24:00,93428.76,93439.50,93428.76,93439.50,180,78,0
2026.02.12 04:21:00,93417.96,93428.70,93417.96,93428.70,180,78,0
2026.02.12 04:18:00,93407.16,93417.90,93407.16,93417.90,180,78,0
2026.02.12 04:15:00,93396.36,93407.10,93396.36,93407.10,180,78,0
2026.02.12 04:12:00,93385.56,93396.30,93385.56,93396.30,180,78,0
2026.02.12 04:09:00,93374.76,93385.50,93374.76,93385.50,180,78,0
2026.02.12 04:06:00,93380.93,93384.23,93367.32,93374.70,180,78,0
2026.02.12 04:03:00,93383.78,93383.96,93370.37,93380.87,180,78,0
2026.02.12 04:00:00,93372.98,93383.72,93372.98,93383.72,180,78,0
2026.02.12 03:57:00,93362.18,93372.92,93362.18,93372.92,180,78,0
2026.02.12 03:54:00,93372.29,93382.97,93362.12,93362.12,180,78,0
2026.02.12 03:51:00,93361.49,93372.23,93361.49,93372.23,180,78,0
2026.02.12 03:48:00,93408.32,93408.86,93359.03,93361.43,180,78,0
2026.02.12 03:45:00,93423.91,93424.03,93397.70,93408.26,180,78,0
2026.02.12 03:42:00,93432.47,93437.99,93418.69,93423.85,180,78,0
2026.02.12 03:39:00,93421.67,93432.41,93421.67,93432.41,180,78,0
2026.02.12 03:36:00,93410.87,93421.61,93410.87,93421.61,180,78,0
2026.02.12 03:33:00,93400.07,93410.81,93400.07,93410.81,180,78,0
2026.02.12 03:30:00,93408.18,93414.36,93395.51,93400.01,180,78,0
2026.02.12 03:27:00,93397.38,93408.12,93397.38,93408.12,180,78,0
2026.02.12 03:24:00,93401.88,93402.54,93387.30,93397.32,180,78,0
2026.02.12 03:21:00,93408.74,93413.48,93395.88,93401.82,180,78,0
2026.02.12 03:18:00,93397.94,93408.68,93397.94,93408.68,180,78,0
2026.02.12 03:15:00,93387.14,93397.88,93387.14,93397.88,180,78,0
2026.02.12 03:12:00,93376.34,93387.08,93376.34,93387.08,180,78,0
2026.02.12 03:09:00,93365.54,93376.28,93365.54,93376.28,180,78,0
2026.02.12 03:06:00,93419.08,93420.34,93358.22,93365.48,180,78,0
2026.02.12 03:03:00,93408.28,93419.02,93408.28,93419.02,180,78,0
2026.02.12 03:00:00,93397.48,93408.22,93397.48,93408.22,180,78,0
2026.02.12 02:57:00,93386.68,93397.42,93386.68,93397.42,180,78,0
2026.02.12 02:54:00,93375.88,93386.62,93375.88,93386.62,180,78,0
2026.02.12 02:51:00,93365.08,93375.82,93365.08,93375.82,180,78,0
2026.02.12 02:48:00,93354.28,93365.02,93354.28,93365.02,180,78,0
2026.02.12 02:45:00,93343.48,93354.22,93343.48,93354.22,180,78,0
2026.02.12 02:42:00,93355.00,93358.42,93336.16,93343.42,180,78,0
2026.02.12 02:39:00,93344.20,93354.94,93344.20,93354.94,180,78,0
2026.02.12 02:36:00,93361.54,93366.76,93338.68,93344.14,180,78,0
2026.02.12 02:33:00,93385.84,93388.66,93353.62,93361.48,180,78,0
2026.02.12 02:30:00,93375.04,93385.78,93375.04,93385.78,180,78,0
2026.02.12 02:27:00,93378.43,93388.93,93374.80,93374.98,180,78,0
2026.02.12 02:24:00,93367.63,93378.37,93367.63,93378.37,180,78,0
2026.02.12 02:21:00,93356.83,93367.57,93356.83,93367.57,180,78,0
2026.02.12 02:18:00,93369.90,93377.88,93354.07,93356.77,180,78,0
2026.02.12 02:15:00,93383.18,93392.84,93368.82,93369.84,180,78,0
2026.02.12 02:12:00,93372.38,93383.12,93372.38,93383.12,180,78,0
2026.02.12 02:09:00,93361.58,93372.32,93361.58,93372.32,180,78,0
2026.02.12 02:06:00,93350.78,93361.52,93350.78,93361.52,180,78,0
2026.02.12 02:03:00,93356.63,93364.31,93347.72,93350.72,180,78,0
2026.02.12 02:00:00,93345.83,93356.57,93345.83,93356.57,180,78,0
2026.02.12 01:57:00,93335.03,93345.77,93335.03,93345.77,180,78,0
2026.02.12 01:54:00,93324.23,93334.97,93324.23,93334.97,180,78,0
2026.02.12 01:51:00,93313.43,93324.17,93313.43,93324.17,180,78,0
2026.02.12 01:48:00,93302.63,93313.37,93302.63,93313.37,180,78,0
2026.02.12 01:45:00,93291.83,93302.57,93291.83,93302.57,180,78,0
2026.02.12 01:42:00,93307.25,93308.03,93281.87,93291.77,180,78,0
2026.02.12 01:39:00,93313.84,93319.96,93302.63,93307.19,180,78,0
2026.02.12 01:36:00,93344.37,93352.05,93310.78,93313.78,180,78,0
2026.02.12 01:33:00,93333.57,93344.31,93333.57,93344.31,180,78,0
2026.02.12 01:30:00,93322.77,93333.51,93322.77,93333.51,180,78,0
2026.02.12 01:27:00,93311.97,93322.71,93311.97,93322.71,180,78,0
2026.02.12 01:24:00,93316.14,93323.88,93308.97,93311.91,180,78,0
2026.02.12 01:21:00,93332.25,93339.03,93312.18,93316.08,180,78,0
2026.02.12 01:18:00,93321.45,93332.19,93321.45,93332.19,180,78,0
2026.02.12 01:15:00,93310.65,93321.39,93310.65,93321.39,180,78,0
2026.02.12 01:12:00,93314.22,93320.64,93306.33,93310.59,180,78,0
2026.02.12 01:09:00,93303.42,93314.16,93303.42,93314.16,180,78,0
2026.02.12 01:06:00,93292.62,93303.36,93292.62,93303.36,180,78,0
2026.02.12 01:03:00,93281.82,93292.56,93281.82,93292.56,180,78,0
2026.02.12 01:00:00,93271.02,93281.76,93271.02,93281.76,180,78,0
2026.02.12 00:57:00,93260.22,93270.96,93260.22,93270.96,180,78,0
2026.02.12 00:54:00,93249.42,93260.16,93249.42,93260.16,180,78,0
2026.02.12 00:51:00,93238.62,93249.36,93238.62,93249.36,180,78,0
2026.02.12 00:48:00,93227.82,93238.56,93227.82,93238.56,180,78,0
2026.02.12 00:45:00,93217.02,93227.76,93217.02,93227.76,180,78,0
2026.02.12 00:42:00,93206.22,93216.96,93206.22,93216.96,180,78,0
2026.02.12 00:39:00,93219.69,93219.69,93195.48,93206.16,180,78,0
2026.02.12 00:36:00,93208.89,93219.63,93208.89,93219.63,180,78,0
2026.02.12 00:33:00,93198.09,93208.83,93198.09,93208.83,180,78,0
2026.02.12 00:30:00,93203.56,93205.12,93188.91,93198.03,180,78,0
2026.02.12 00:27:00,93205.68,93206.16,93193.30,93203.50,180,78,0
2026.02.12 00:24:00,93194.88,93205.62,93194.88,93205.62,180,78,0
2026.02.12 00:21:00,93184.08,93194.82,93184.08,93194.82,180,78,0
2026.02.12 00:18:00,93173.28,93184.02,93173.28,93184.02,180,78,0
2026.02.12 00:15:00,93186.46,93192.34,93168.42,93173.22,180,78,0
2026.02.12 00:12:00,93194.98,93205.60,93186.34,93186.40,180,78,0
2026.02.12 00:09:00,93184.18,93194.92,93184.18,93194.92,180,78,0
2026.02.12 00:06:00,93173.38,93184.12,93173.38,93184.12,180,78,0
2026.02.12 00:03:00,93190.73,93198.83,93170.74,93173.32,180,78,0
2026.02.12 00:00:00,93207.93,93213.33,93185.39,93190.67,180,78,0
2026.02.11 23:57:00,93197.13,93207.87,93197.13,93207.87,180,78,0
2026.02.11 23:54:00,93186.33,93197.07,93186.33,93197.07,180,78,0
2026.02.11 23:51:00,93175.53,93186.27,93175.53,93186.27,180,78,0
2026.02.11 23:48:00,93188.02,93190.36,93167.13,93175.47,180,78,0
2026.02.11 23:45:00,93205.54,93215.50,93187.24,93187.96,180,78,0
2026.02.11 23:42:00,93194.74,93205.48,93194.74,93205.48,180,78,0
2026.02.11 23:39:00,93183.94,93194.68,93183.94,93194.68,180,78,0
2026.02.11 23:36:00,93173.14,93183.88,93173.14,93183.88,180,78,0
2026.02.11 23:33:00,93162.34,93173.08,93162.34,93173.08,180,78,0
2026.02.11 23:30:00,93165.93,93174.81,93160.48,93162.28,180,78,0
2026.02.11 23:27:00,93155.13,93165.87,93155.13,93165.87,180,78,0
2026.02.11 23:24:00,93144.33,93155.07,93144.33,93155.07,180,78,0
2026.02.11 23:21:00,93133.53,93144.27,93133.53,93144.27,180,78,0
2026.02.11 23:18:00,93156.28,93167.02,93156.28,93167.02,180,78,0
2026.02.11 23:15:00,93160.82,93166.88,93151.60,93156.22,180,78,0
2026.02.11 23:12:00,93150.02,93160.76,93150.02,93160.76,180,78,0
2026.02.11 23:09:00,93188.52,93190.50,93146.78,93149.96,180,78,0
2026.02.11 23:06:00,93177.72,93188.46,93177.72,93188.46,180,78,0
2026.02.11 23:03:00,93192.50,93193.64,93168.12,93177.66,180,78,0
2026.02.11 23:00:00,93210.20,93220.58,93192.14,93192.44,180,78,0
2026.02.11 22:57:00,93213.34,93216.88,93203.00,93210.14,180,78,0
2026.02.11 22:54:00,93202.54,93213.28,93202.54,93213.28,180,78,0
2026.02.11 22:51:00,93191.74,93202.48,93191.74,93202.48,180,78,0
2026.02.11 22:48:00,93180.94,93191.68,93180.94,93191.68,180,78,0
2026.02.11 22:45:00,93170.14,93180.88,93170.14,93180.88,180,78,0
2026.02.11 22:42:00,93181.25,93184.49,93162.64,93170.08,180,78,0
2026.02.11 22:39:00,93170.45,93181.19,93170.45,93181.19,180,78,0
2026.02.11 22:36:00,93159.65,93170.39,93159.65,93170.39,180,78,0
2026.02.11 22:33:00,93175.98,93178.74,93151.67,93159.59,180,78,0
2026.02.11 22:30:00,93180.51,93189.63,93174.36,93175.92,180,78,0
2026.02.11 22:27:00,93196.58,93207.14,93180.33,93180.45,180,78,0
2026.02.11 22:24:00,93185.78,93196.52,93185.78,93196.52,180,78,0
2026.02.11 22:21:00,93197.93,93199.67,93176.78,93185.72,180,78,0
2026.02.11 22:18:00,93187.13,93197.87,93187.13,93197.87,180,78,0
2026.02.11 22:15:00,93176.33,93187.07,93176.33,93187.07,180,78,0
2026.02.11 22:12:00,93165.53,93176.27,93165.53,93176.27,180,78,0
2026.02.11 22:09:00,93154.73,93165.47,93154.73,93165.47,180,78,0
2026.02.11 22:06:00,93143.93,93154.67,93143.93,93154.67,180,78,0
2026.02.11 22:03:00,93133.13,93143.87,93133.13,93143.87,180,78,0
2026.02.11 22:00:00,93122.33,93133.07,93122.33,93133.07,180,78,0
2026.02.11 21:57:00,93111.53,93122.27,93111.53,93122.27,180,78,0
2026.02.11 21:54:00,93100.73,93111.47,93100.73,93111.47,180,78,0
2026.02.11 21:51:00,93089.93,93100.67,93089.93,93100.67,180,78,0
2026.02.11 21:48:00,93079.13,93089.87,93079.13,93089.87,180,78,0
2026.02.11 21:45:00,93068.33,93079.07,93068.33,93079.07,180,78,0
2026.02.11 21:42:00,93057.53,93068.27,93057.53,93068.27,180,78,0
2026.02.11 21:39:00,93046.73,93057.47,93046.73,93057.47,180,78,0
2026.02.11 21:36:00,93070.58,93081.08,93046.49,93046.67,180,78,0
2026.02.11 21:33:00,93059.78,93070.52,93059.78,93070.52,180,78,0
2026.02.11 21:30:00,93067.56,93068.10,93049.58,93059.72,180,78,0
2026.02.11 21:27:00,93056.76,93067.50,93056.76,93067.50,180,78,0
2026.02.11 21:24:00,93045.96,93056.70,93045.96,93056.70,180,78,0
2026.02.11 21:21:00,93035.16,93045.90,93035.16,93045.90,180,78,0
2026.02.11 21:18:00,93044.51,93050.45,93030.36,93035.10,180,78,0
2026.02.11 21:15:00,93033.71,93044.45,93033.71,93044.45,180,78,0
2026.02.11 21:12:00,93060.78,93065.64,93027.83,93033.65,180,78,0
2026.02.11 21:09:00,93072.19,93077.23,93055.08,93060.72,180,78,0
2026.02.11 21:06:00,93098.26,93106.00,93069.19,93072.13,180,78,0
2026.02.11 21:03:00,93087.46,93098.20,93087.46,93098.20,180,78,0
2026.02.11 21:00:00,93076.66,93087.40,93076.66,93087.40,180,78,0
2026.02.11 20:57:00,93065.86,93076.60,93065.86,93076.60,180,78,0
2026.02.11 20:54:00,93055.06,93065.80,93055.06,93065.80,180,78,0
2026.02.11 20:51:00,93077.40,93085.56,93052.48,93055.00,180,78,0
2026.02.11 20:48:00,93066.60,93077.34,93066.60,93077.34,180,78,0
2026.02.11 20:45:00,93076.21,93078.61,93058.26,93066.54,180,78,0
2026.02.11 20:42:00,93089.08,93092.02,93068.41,93076.15,180,78,0
2026.02.11 20:39:00,93078.28,93089.02,93078.28,93089.02,180,78,0
2026.02.11 20:36:00,93067.48,93078.22,93067.48,93078.22,180,78,0
2026.02.11 20:33:00,93105.98,93107.06,93061.36,93067.42,180,78,0
2026.02.11 20:30:00,93095.18,93105.92,93095.18,93105.92,180,78,0
2026.02.11 20:27:00,93084.38,93095.12,93084.38,93095.12,180,78,0
2026.02.11 20:24:00,93073.58,93084.32,93073.58,93084.32,180,78,0
2026.02.11 20:21:00,93092.80,93093.46,93063.50,93073.52,180,78,0
2026.02.11 20:18:00,93082.00,93092.74,93082.00,93092.74,180,78,0
2026.02.11 20:15:00,93087.68,93087.86,93071.44,93081.94,180,78,0
2026.02.11 20:12:00,93076.88,93087.62,93076.88,93087.62,180,78,0
2026.02.11 20:09:00,93066.08,93076.82,93066.08,93076.82,180,78,0
2026.02.11 20:06:00,93077.99,93078.77,93056.12,93066.02,180,78,0
2026.02.11 20:03:00,93081.43,93083.47,93069.29,93077.93,180,78,0
2026.02.11 20:00:00,93091.81,93097.03,93075.91,93081.37,180,78,0
2026.02.11 19:57:00,93081.01,93091.75,93081.01,93091.75,180,78,0
2026.02.11 19:54:00,93097.98,93101.52,93073.81,93080.95,180,78,0
2026.02.11 19:51:00,93113.75,93123.59,93097.08,93097.92,180,78,0
2026.02.11 19:48:00,93102.95,93113.69,93102.95,93113.69,180,78,0
2026.02.11 19:45:00,93092.15,93102.89,93092.15,93102.89,180,78,0
2026.02.11 19:42:00,93114.05,93118.37,93091.31,93092.09,180,78,0
2026.02.11 19:39:00,93103.25,93113.99,93103.25,93113.99,180,78,0
2026.02.11 19:36:00,93131.57,93137.69,93098.63,93103.19,180,78,0
2026.02.11 19:33:00,93120.77,93131.51,93120.77,93131.51,180,78,0
2026.02.11 19:30:00,93109.97,93120.71,93109.97,93120.71,180,78,0
2026.02.11 19:27:00,93099.17,93109.91,93099.17,93109.91,180,78,0
2026.02.11 19:24:00,93116.70,93116.70,93088.43,93099.11,180,78,0
2026.02.11 19:21:00,93105.90,93116.64,93105.90,93116.64,180,78,0
2026.02.11 19:18:00,93095.10,93105.84,93095.10,93105.84,180,78,0
2026.02.11 19:15:00,93084.30,93095.04,93084.30,93095.04,180,78,0
2026.02.11 19:12:00,93073.50,93084.24,93073.50,93084.24,180,78,0
2026.02.11 19:09:00,93062.70,93073.44,93062.70,93073.44,180,78,0
2026.02.11 19:06:00,93051.90,93062.64,93051.90,93062.64,180,78,0
2026.02.11 19:03:00,93041.10,93051.84,93041.10,93051.84,180,78,0
2026.02.11 19:00:00,93030.30,93041.04,93030.30,93041.04,180,78,0
2026.02.11 18:57:00,93019.50,93030.24,93019.50,93030.24,180,78,0
2026.02.11 18:54:00,93008.70,93019.44,93008.70,93019.44,180,78,0
2026.02.11 18:51:00,93021.54,93031.14,93007.56,93008.64,180,78,0
2026.02.11 18:48:00,93010.74,93021.48,93010.74,93021.48,180,78,0
2026.02.11 18:45:00,92999.94,93010.68,92999.94,93010.68,180,78,0
2026.02.11 18:42:00,92989.14,92999.88,92989.14,92999.88,180,78,0
2026.02.11 18:39:00,93011.29,93015.31,92982.42,92989.08,180,78,0
2026.02.11 18:36:00,93000.49,93011.23,93000.49,93011.23,180,78,0
2026.02.11 18:33:00,92989.69,93000.43,92989.69,93000.43,180,78,0
2026.02.11 18:30:00,92978.89,92989.63,92978.89,92989.63,180,78,0
2026.02.11 18:27:00,92980.78,92990.92,92978.29,92978.83,180,78,0
2026.02.11 18:24:00,92969.98,92980.72,92969.98,92980.72,180,78,0
2026.02.11 18:21:00,92959.18,92969.92,92959.18,92969.92,180,78,0
2026.02.11 18:18:00,92963.90,92969.60,92954.14,92959.12,180,78,0
2026.02.11 18:15:00,92953.10,92963.84,92953.10,92963.84,180,78,0
2026.02.11 18:12:00,92942.30,92953.04,92942.30,92953.04,180,78,0
2026.02.11 18:09:00,92955.44,92956.76,92932.88,92942.24,180,78,0
2026.02.11 18:06:00,92960.34,92965.62,92949.98,92955.38,180,78,0
2026.02.11 18:03:00,93000.25,93001.87,92960.28,92960.28,180,78,0
2026.02.11 18:00:00,93027.30,93027.36,92994.91,93000.19,180,78,0
2026.02.11 17:57:00,93016.50,93027.24,93016.50,93027.24,180,78,0
2026.02.11 17:54:00,93005.70,93016.44,93005.70,93016.44,180,78,0
2026.02.11 17:51:00,92994.90,93005.64,92994.90,93005.64,180,78,0
2026.02.11 17:48:00,93021.59,93030.47,92993.04,92994.84,180,78,0
2026.02.11 17:45:00,93010.79,93021.53,93010.79,93021.53,180,78,0
2026.02.11 17:42:00,92999.99,93010.73,92999.99,93010.73,180,78,0
2026.02.11 17:39:00,92989.19,92999.93,92989.19,92999.93,180,78,0
2026.02.11 17:36:00,92978.39,92989.13,92978.39,92989.13,180,78,0
2026.02.11 17:33:00,92967.59,92978.33,92967.59,92978.33,180,78,0
2026.02.11 17:30:00,92956.79,92967.53,92956.79,92967.53,180,78,0
2026.02.11 17:27:00,92945.99,92956.73,92945.99,92956.73,180,78,0
2026.02.11 17:24:00,92935.19,92945.93,92935.19,92945.93,180,78,0
2026.02.11 17:21:00,92936.88,92945.76,92933.33,92935.13,180,78,0
2026.02.11 17:18:00,92926.08,92936.82,92926.08,92936.82,180,78,0
2026.02.11 17:15:00,92915.28,92926.02,92915.28,92926.02,180,78,0
2026.02.11 17:12:00,92904.48,92915.22,92904.48,92915.22,180,78,0
2026.02.11 17:09:00,92893.68,92904.42,92893.68,92904.42,180,78,0
2026.02.11 17:06:00,92882.88,92893.62,92882.88,92893.62,180,78,0
2026.02.11 17:03:00,92872.08,92882.82,92872.08,92882.82,180,78,0
2026.02.11 17:00:00,92861.28,92872.02,92861.28,92872.02,180,78,0
2026.02.11 16:57:00,92871.65,92880.77,92859.66,92861.22,180,78,0
2026.02.11 16:54:00,92884.23,92885.25,92861.93,92871.59,180,78,0
2026.02.11 16:51:00,92891.63,92892.89,92874.75,92884.17,180,78,0
2026.02.11 16:48:00,92880.83,92891.57,92880.83,92891.57,180,78,0
2026.02.11 16:45:00,92886.41,92888.27,92871.95,92880.77,180,78,0
2026.02.11 16:42:00,92930.30,92936.66,92882.03,92886.35,180,78,0
2026.02.11 16:39:00,92944.78,92945.86,92920.64,92930.24,180,78,0
2026.02.11 16:36:00,92950.12,92952.94,92936.86,92944.72,180,78,0
2026.02.11 16:33:00,92939.32,92950.06,92939.32,92950.06,180,78,0
2026.02.11 16:30:00,92941.31,92950.67,92937.94,92939.26,180,78,0
2026.02.11 16:27:00,92930.51,92941.25,92930.51,92941.25,180,78,0
2026.02.11 16:24:00,92919.71,92930.45,92919.71,92930.45,180,78,0
2026.02.11 16:21:00,92908.91,92919.65,92908.91,92919.65,180,78,0
2026.02.11 16:18:00,92898.11,92908.85,92898.11,92908.85,180,78,0
2026.02.11 16:15:00,92907.01,92912.17,92892.53,92898.05,180,78,0
2026.02.11 16:12:00,92934.51,92942.25,92904.01,92906.95,180,78,0
2026.02.11 16:09:00,92948.13,92954.61,92930.25,92934.45,180,78,0
2026.02.11 16:06:00,92979.25,92981.29,92947.05,92948.07,180,78,0
2026.02.11 16:03:00,92968.45,92979.19,92968.45,92979.19,180,78,0
2026.02.11 16:00:00,92957.65,92968.39,92957.65,92968.39,180,78,0
2026.02.11 15:57:00,92946.85,92957.59,92946.85,92957.59,180,78,0
2026.02.11 15:54:00,92953.35,92956.47,92939.23,92946.79,180,78,0
2026.02.11 15:51:00,92942.55,92953.29,92942.55,92953.29,180,78,0
2026.02.11 15:48:00,92931.75,92942.49,92931.75,92942.49,180,78,0
2026.02.11 15:45:00,92941.59,92946.63,92926.05,92931.69,180,78,0
2026.02.11 15:42:00,92978.35,92984.47,92937.93,92941.53,180,78,0
2026.02.11 15:39:00,92984.88,92993.28,92976.01,92978.29,180,78,0
2026.02.11 15:36:00,93007.67,93009.83,92976.30,92984.82,180,78,0
2026.02.11 15:33:00,93022.29,93023.73,92998.37,93007.61,180,78,0
2026.02.11 15:30:00,93011.49,93022.23,93011.49,93022.23,180,78,0
2026.02.11 15:27:00,93013.11,93021.87,93009.51,93011.43,180,78,0
2026.02.11 15:24:00,93002.31,93013.05,93002.31,93013.05,180,78,0
2026.02.11 15:21:00,93017.50,93018.04,92992.11,93002.25,180,78,0
2026.02.11 15:18:00,93006.70,93017.44,93006.70,93017.44,180,78,0
2026.02.11 15:15:00,93039.44,93041.96,93001.66,93006.64,180,78,0
2026.02.11 15:12:00,93028.64,93039.38,93028.64,93039.38,180,78,0
2026.02.11 15:09:00,93053.89,93055.33,93019.34,93028.58,180,78,0
2026.02.11 15:06:00,93043.09,93053.83,93043.09,93053.83,180,78,0
2026.02.11 15:03:00,93052.13,93062.63,93042.85,93043.03,180,78,0
2026.02.11 15:00:00,93070.59,93075.87,93046.67,93052.07,180,78,0
2026.02.11 14:57:00,93089.36,93090.02,93060.51,93070.53,180,78,0
2026.02.11 14:54:00,93078.56,93089.30,93078.56,93089.30,180,78,0
2026.02.11 14:51:00,93126.68,93128.60,93071.78,93078.50,180,78,0
2026.02.11 14:48:00,93129.51,93134.37,93120.80,93126.62,180,78,0
2026.02.11 14:45:00,93150.77,93160.85,93128.85,93129.45,180,78,0
2026.02.11 14:42:00,93139.97,93150.71,93139.97,93150.71,180,78,0
2026.02.11 14:39:00,93141.69,93144.27,93131.81,93139.91,180,78,0
2026.02.11 14:36:00,93130.89,93141.63,93130.89,93141.63,180,78,0
2026.02.11 14:33:00,93120.09,93130.83,93120.09,93130.83,180,78,0
2026.02.11 14:30:00,93109.29,93120.03,93109.29,93120.03,180,78,0
2026.02.11 14:27:00,93123.84,93124.68,93099.39,93109.23,180,78,0
2026.02.11 14:24:00,93134.85,93144.75,93123.00,93123.78,180,78,0
2026.02.11 14:21:00,93138.34,93138.82,93124.59,93134.79,180,78,0
2026.02.11 14:18:00,93141.16,93141.58,93128.02,93138.28,180,78,0
2026.02.11 14:15:00,93130.36,93141.10,93130.36,93141.10,180,78,0
2026.02.11 14:12:00,93132.53,93137.15,93124.24,93130.30,180,78,0
2026.02.11 14:09:00,93121.73,93132.47,93121.73,93132.47,180,78,0
2026.02.11 14:06:00,93110.93,93121.67,93110.93,93121.67,180,78,0
2026.02.11 14:03:00,93100.13,93110.87,93100.13,93110.87,180,78,0
2026.02.11 14:00:00,93089.33,93100.07,93089.33,93100.07,180,78,0
2026.02.11 13:57:00,93078.53,93089.27,93078.53,93089.27,180,78,0
2026.02.11 13:54:00,93067.73,93078.47,93067.73,93078.47,180,78,0
2026.02.11 13:51:00,93069.70,93076.78,93064.07,93067.67,180,78,0
2026.02.11 13:48:00,93088.64,93093.14,93065.14,93069.64,180,78,0
2026.02.11 13:45:00,93077.84,93088.58,93077.84,93088.58,180,78,0
2026.02.11 13:42:00,93091.39,93091.63,93067.34,93077.78,180,78,0
2026.02.11 13:39:00,93080.59,93091.33,93080.59,93091.33,180,78,0
2026.02.11 13:36:00,93123.07,93125.35,93079.57,93080.53,180,78,0
2026.02.11 13:33:00,93135.82,93139.96,93116.47,93123.01,180,78,0
2026.02.11 13:30:00,93125.02,93135.76,93125.02,93135.76,180,78,0
2026.02.11 13:27:00,93145.50,93153.96,93122.74,93124.96,180,78,0
2026.02.11 13:24:00,93165.98,93174.08,93143.10,93145.44,180,78,0
2026.02.11 13:21:00,93155.18,93165.92,93155.18,93165.92,180,78,0
2026.02.11 13:18:00,93144.38,93155.12,93144.38,93155.12,180,78,0
2026.02.11 13:15:00,93154.97,93158.81,93137.48,93144.32,180,78,0
2026.02.11 13:12:00,93144.17,93154.91,93144.17,93154.91,180,78,0
2026.02.11 13:09:00,93188.98,93190.36,93143.33,93144.11,180,78,0
2026.02.11 13:06:00,93219.06,93223.74,93182.92,93188.92,180,78,0
2026.02.11 13:03:00,93240.03,93243.87,93212.16,93219.00,180,78,0
2026.02.11 13:00:00,93229.23,93239.97,93229.23,93239.97,180,78,0
2026.02.11 12:57:00,93233.43,93242.31,93227.37,93229.17,180,78,0
2026.02.11 12:54:00,93222.63,93233.37,93222.63,93233.37,180,78,0
2026.02.11 12:51:00,93229.86,93231.66,93213.69,93222.57,180,78,0
2026.02.11 12:48:00,93245.98,93248.68,93221.82,93229.80,180,78,0
2026.02.11 12:45:00,93235.18,93245.92,93235.18,93245.92,180,78,0
2026.02.11 12:42:00,93325.68,93331.26,93235.06,93235.12,180,78,0
2026.02.11 12:39:00,93314.88,93325.62,93314.88,93325.62,180,78,0
2026.02.11 12:36:00,93320.23,93330.55,93314.46,93314.82,180,78,0
2026.02.11 12:33:00,93345.41,93348.65,93319.45,93320.17,180,78,0
2026.02.11 12:30:00,93334.61,93345.35,93334.61,93345.35,180,78,0
2026.02.11 12:27:00,93342.11,93352.85,93342.11,93352.85,180,78,0
2026.02.11 12:24:00,93331.31,93342.05,93331.31,93342.05,180,78,0
2026.02.11 12:21:00,93345.84,93352.50,93327.23,93331.25,180,78,0
2026.02.11 12:18:00,93335.04,93345.78,93335.04,93345.78,180,78,0
2026.02.11 12:15:00,93324.24,93334.98,93324.24,93334.98,180,78,0
2026.02.11 12:12:00,93342.91,93344.71,93317.82,93324.18,180,78,0
2026.02.11 12:09:00,93360.59,93366.35,93337.93,93342.85,180,78,0
2026.02.11 12:06:00,93349.79,93360.53,93349.79,93360.53,180,78,0
2026.02.11 12:03:00,93388.17,93394.53,93346.49,93349.73,180,78,0
2026.02.11 12:00:00,93403.40,93411.68,93385.71,93388.11,180,78,0
2026.02.11 11:57:00,93392.60,93403.34,93392.60,93403.34,180,78,0
2026.02.11 11:54:00,93381.80,93392.54,93381.80,93392.54,180,78,0
2026.02.11 11:51:00,93388.83,93389.37,93371.60,93381.74,180,78,0
2026.02.11 11:48:00,93378.03,93388.77,93378.03,93388.77,180,78,0
2026.02.11 11:45:00,93367.23,93377.97,93367.23,93377.97,180,78,0
2026.02.11 11:42:00,93356.43,93367.17,93356.43,93367.17,180,78,0
2026.02.11 11:39:00,93345.63,93356.37,93345.63,93356.37,180,78,0
2026.02.11 11:36:00,93334.83,93345.57,93334.83,93345.57,180,78,0
2026.02.11 11:33:00,93324.03,93334.77,93324.03,93334.77,180,78,0
2026.02.11 11:30:00,93352.05,93355.17,93316.41,93323.97,180,78,0
2026.02.11 11:27:00,93341.25,93351.99,93341.25,93351.99,180,78,0
2026.02.11 11:24:00,93330.45,93341.19,93330.45,93341.19,180,78,0
2026.02.11 11:21:00,93319.65,93330.39,93319.65,93330.39,180,78,0
2026.02.11 11:18:00,93326.96,93332.66,93314.61,93319.59,180,78,0
2026.02.11 11:15:00,93340.75,93343.99,93319.46,93326.90,180,78,0
2026.02.11 11:12:00,93329.95,93340.69,93329.95,93340.69,180,78,0
2026.02.11 11:09:00,93394.33,93394.39,93327.19,93329.89,180,78,0
2026.02.11 11:06:00,93399.33,93404.61,93388.87,93394.27,180,78,0
2026.02.11 11:03:00,93388.53,93399.27,93388.53,93399.27,180,78,0
2026.02.11 11:00:00,93377.73,93388.47,93377.73,93388.47,180,78,0
2026.02.11 10:57:00,93366.93,93377.67,93366.93,93377.67,180,78,0
2026.02.11 10:54:00,93356.13,93366.87,93356.13,93366.87,180,78,0
2026.02.11 10:51:00,93380.57,93382.01,93346.83,93356.07,180,78,0
2026.02.11 10:48:00,93369.77,93380.51,93369.77,93380.51,180,78,0
2026.02.11 10:45:00,93358.97,93369.71,93358.97,93369.71,180,78,0
2026.02.11 10:42:00,93348.17,93358.91,93348.17,93358.91,180,78,0
2026.02.11 10:39:00,93337.37,93348.11,93337.37,93348.11,180,78,0
2026.02.11 10:36:00,93343.55,93351.29,93334.37,93337.31,180,78,0
2026.02.11 10:33:00,93375.81,93381.15,93338.15,93343.49,180,78,0
2026.02.11 10:30:00,93452.58,93453.42,93374.97,93375.75,180,78,0
2026.02.11 10:27:00,93441.78,93452.52,93441.78,93452.52,180,78,0
2026.02.11 10:24:00,93430.98,93441.72,93430.98,93441.72,180,78,0
2026.02.11 10:21:00,93420.18,93430.92,93420.18,93430.92,180,78,0
2026.02.11 10:18:00,93409.38,93420.12,93409.38,93420.12,180,78,0
2026.02.11 10:15:00,93398.58,93409.32,93398.58,93409.32,180,78,0
2026.02.11 10:12:00,93387.78,93398.52,93387.78,93398.52,180,78,0
2026.02.11 10:09:00,93394.44,93394.62,93377.22,93387.72,180,78,0
2026.02.11 10:06:00,93383.64,93394.38,93383.64,93394.38,180,78,0
2026.02.11 10:03:00,93372.84,93383.58,93372.84,93383.58,180,78,0
2026.02.11 10:00:00,93362.04,93372.78,93362.04,93372.78,180,78,0
2026.02.11 09:57:00,93351.24,93361.98,93351.24,93361.98,180,78,0
2026.02.11 09:54:00,93340.44,93351.18,93340.44,93351.18,180,78,0
2026.02.11 09:51:00,93329.64,93340.38,93329.64,93340.38,180,78,0
2026.02.11 09:48:00,93318.84,93329.58,93318.84,93329.58,180,78,0
2026.02.11 09:45:00,93352.64,93355.04,93312.24,93318.78,180,78,0
2026.02.11 09:42:00,93341.84,93352.58,93341.84,93352.58,180,78,0
2026.02.11 09:39:00,93331.04,93341.78,93331.04,93341.78,180,78,0
2026.02.11 09:36:00,93320.24,93330.98,93320.24,93330.98,180,78,0
2026.02.11 09:33:00,93323.41,93323.95,93310.04,93320.18,180,78,0
2026.02.11 09:30:00,93312.61,93323.35,93312.61,93323.35,180,78,0
2026.02.11 09:27:00,93301.81,93312.55,93301.81,93312.55,180,78,0
2026.02.11 09:24:00,93291.01,93301.75,93291.01,93301.75,180,78,0
2026.02.11 09:21:00,93280.21,93290.95,93280.21,93290.95,180,78,0
2026.02.11 09:18:00,93269.41,93280.15,93269.41,93280.15,180,78,0
2026.02.11 09:15:00,93292.38,93301.92,93268.21,93269.35,180,78,0
2026.02.11 09:12:00,93281.58,93292.32,93281.58,93292.32,180,78,0
2026.02.11 09:09:00,93270.78,93281.52,93270.78,93281.52,180,78,0
2026.02.11 09:06:00,93275.74,93286.06,93270.36,93270.72,180,78,0
2026.02.11 09:03:00,93264.94,93275.68,93264.94,93275.68,180,78,0
2026.02.11 09:00:00,93254.14,93264.88,93254.14,93264.88,180,78,0
2026.02.11 08:57:00,93243.34,93254.08,93243.34,93254.08,180,78,0
2026.02.11 08:54:00,93250.55,93253.97,93236.02,93243.28,180,78,0
2026.02.11 08:51:00,93267.05,93269.63,93242.39,93250.49,180,78,0
2026.02.11 08:48:00,93289.00,93295.06,93262.37,93266.99,180,78,0
2026.02.11 08:45:00,93278.20,93288.94,93278.20,93288.94,180,78,0
2026.02.11 08:42:00,93267.34,93278.14,93267.34,93278.14,181,78,0
2026.02.11 08:39:00,93278.00,93279.44,93258.10,93267.28,179,78,0
2026.02.11 08:36:00,93299.00,93309.08,93277.34,93277.94,180,78,0
2026.02.11 08:33:00,93288.20,93298.94,93288.20,93298.94,180,78,0
2026.02.11 08:30:00,93277.34,93288.14,93277.34,93288.14,181,78,0
2026.02.11 08:27:00,93333.91,93340.33,93273.80,93277.28,179,78,0
2026.02.11 08:24:00,93323.11,93333.85,93323.11,93333.85,180,78,0
2026.02.11 08:21:00,93312.25,93323.05,93312.25,93323.05,181,78,0
2026.02.11 08:18:00,93301.51,93312.19,93301.51,93312.19,179,78,0
2026.02.11 08:15:00,93317.62,93318.28,93300.07,93301.45,180,78,0
2026.02.11 08:12:00,93306.76,93317.56,93306.76,93317.56,181,78,0
2026.02.11 08:09:00,93296.02,93306.70,93296.02,93306.70,179,78,0
2026.02.11 08:06:00,93303.57,93306.69,93288.40,93295.96,180,78,0
2026.02.11 08:03:00,93292.71,93303.51,93292.71,93303.51,181,78,0
2026.02.11 08:00:00,93310.45,93318.67,93290.19,93292.65,180,78,0
2026.02.11 07:57:00,93299.71,93310.39,93299.71,93310.39,179,78,0
2026.02.11 07:54:00,93306.16,93308.56,93291.31,93299.65,181,78,0
2026.02.11 07:51:00,93295.36,93306.10,93295.36,93306.10,180,78,0
2026.02.11 07:48:00,93297.49,93297.91,93285.10,93295.30,179,78,0
2026.02.11 07:45:00,93308.09,93317.69,93296.29,93297.43,181,78,0
2026.02.11 07:42:00,93297.29,93308.03,93297.29,93308.03,180,78,0
2026.02.11 07:39:00,93286.55,93297.23,93286.55,93297.23,179,78,0
2026.02.11 07:36:00,93293.26,93303.04,93285.53,93286.49,181,78,0
2026.02.11 07:33:00,93282.46,93293.20,93282.46,93293.20,180,78,0
2026.02.11 07:30:00,93271.66,93282.40,93271.66,93282.40,180,78,0
2026.02.11 07:27:00,93260.86,93271.60,93260.86,93271.60,180,78,0
2026.02.11 07:24:00,93250.06,93260.80,93250.06,93260.80,180,78,0
2026.02.11 07:21:00,93297.87,93298.35,93248.02,93250.00,180,78,0
2026.02.11 07:18:00,93287.07,93297.81,93287.07,93297.81,180,78,0
2026.02.11 07:15:00,93276.27,93287.01,93276.27,93287.01,180,78,0
2026.02.11 07:12:00,93265.47,93276.21,93265.47,93276.21,180,78,0
2026.02.11 07:09:00,93279.78,93288.18,93263.13,93265.41,180,78,0
2026.02.11 07:06:00,93268.98,93279.72,93268.98,93279.72,180,78,0
2026.02.11 07:03:00,93258.18,93268.92,93258.18,93268.92,180,78,0
2026.02.11 07:00:00,93323.30,93325.70,93256.98,93258.12,180,78,0
2026.02.11 06:57:00,93312.50,93323.24,93312.50,93323.24,180,78,0
2026.02.11 06:54:00,93301.70,93312.44,93301.70,93312.44,180,78,0
2026.02.11 06:51:00,93307.08,93313.56,93297.44,93301.64,180,78,0
2026.02.11 06:48:00,93296.28,93307.02,93296.28,93307.02,180,78,0
2026.02.11 06:45:00,93285.48,93296.22,93285.48,93296.22,180,78,0
2026.02.11 06:42:00,93290.75,93299.63,93283.62,93285.42,180,78,0
2026.02.11 06:39:00,93279.95,93290.69,93279.95,93290.69,180,78,0
2026.02.11 06:36:00,93269.15,93279.89,93269.15,93279.89,180,78,0
2026.02.11 06:33:00,93299.11,93307.33,93290.08,93292.54,180,78,0
2026.02.11 06:30:00,93311.75,93315.83,93292.45,93299.05,180,78,0
2026.02.11 06:27:00,93331.78,93335.26,93304.49,93311.69,180,78,0
2026.02.11 06:24:00,93320.98,93331.72,93320.98,93331.72,180,78,0
2026.02.11 06:21:00,93310.18,93320.92,93310.18,93320.92,180,78,0
2026.02.11 06:18:00,93318.09,93323.97,93305.32,93310.12,180,78,0
2026.02.11 06:15:00,93307.29,93318.03,93307.29,93318.03,180,78,0
2026.02.11 06:12:00,93332.84,93337.70,93301.41,93307.23,180,78,0
2026.02.11 06:09:00,93322.04,93332.78,93322.04,93332.78,180,78,0
2026.02.11 06:06:00,93311.24,93321.98,93311.24,93321.98,180,78,0
2026.02.11 06:03:00,93300.44,93311.18,93300.44,93311.18,180,78,0
2026.02.11 06:00:00,93289.64,93300.38,93289.64,93300.38,180,78,0
2026.02.11 05:57:00,93278.84,93289.58,93278.84,93289.58,180,78,0
2026.02.11 05:54:00,93308.36,93308.84,93273.80,93278.78,180,78,0
2026.02.11 05:51:00,93297.56,93308.30,93297.56,93308.30,180,78,0
2026.02.11 05:48:00,93286.76,93297.50,93286.76,93297.50,180,78,0
2026.02.11 05:45:00,93315.74,93321.98,93282.26,93286.70,180,78,0
2026.02.11 05:42:00,93353.02,93353.20,93305.36,93315.68,180,78,0
2026.02.11 05:39:00,93342.22,93352.96,93342.22,93352.96,180,78,0
2026.02.11 05:36:00,93331.42,93342.16,93331.42,93342.16,180,78,0
2026.02.11 05:33:00,93386.65,93390.43,93327.70,93331.36,180,78,0
2026.02.11 05:30:00,93375.85,93386.59,93375.85,93386.59,180,78,0
2026.02.11 05:27:00,93396.44,93400.10,93368.77,93375.79,180,78,0
2026.02.11 05:24:00,93449.52,93450.90,93392.90,93396.38,180,78,0
2026.02.11 05:21:00,93469.12,93472.18,93441.84,93449.46,180,78,0
2026.02.11 05:18:00,93458.32,93469.06,93458.32,93469.06,180,78,0
2026.02.11 05:15:00,93447.52,93458.26,93447.52,93458.26,180,78,0
2026.02.11 05:12:00,93436.72,93447.46,93436.72,93447.46,180,78,0
2026.02.11 05:09:00,93425.92,93436.66,93425.92,93436.66,180,78,0
2026.02.11 05:06:00,93446.07,93456.75,93425.86,93425.86,180,78,0
2026.02.11 05:03:00,93435.27,93446.01,93435.27,93446.01,180,78,0
2026.02.11 05:00:00,93424.47,93435.21,93424.47,93435.21,180,78,0
2026.02.11 04:57:00,93413.67,93424.41,93413.67,93424.41,180,78,0
2026.02.11 04:54:00,93402.87,93413.61,93402.87,93413.61,180,78,0
2026.02.11 04:51:00,93392.07,93402.81,93392.07,93402.81,180,78,0
2026.02.11 04:48:00,93381.27,93392.01,93381.27,93392.01,180,78,0
2026.02.11 04:45:00,93370.47,93381.21,93370.47,93381.21,180,78,0
2026.02.11 04:42:00,93359.67,93370.41,93359.67,93370.41,180,78,0
2026.02.11 04:39:00,93348.87,93359.61,93348.87,93359.61,180,78,0
2026.02.11 04:36:00,93338.07,93348.81,93338.07,93348.81,180,78,0
2026.02.11 04:33:00,93369.00,93376.50,93335.85,93338.01,180,78,0
2026.02.11 04:30:00,93378.42,93380.88,93360.72,93368.94,180,78,0
2026.02.11 04:27:00,93422.09,93425.57,93371.46,93378.36,180,78,0
2026.02.11 04:24:00,93411.29,93422.03,93411.29,93422.03,180,78,0
2026.02.11 04:21:00,93400.49,93411.23,93400.49,93411.23,180,78,0
2026.02.11 04:18:00,93389.69,93400.43,93389.69,93400.43,180,78,0
2026.02.11 04:15:00,93405.29,93406.43,93380.09,93389.63,180,78,0
2026.02.11 04:12:00,93394.49,93405.23,93394.49,93405.23,180,78,0
2026.02.11 04:09:00,93401.18,93403.10,93385.67,93394.43,180,78,0
2026.02.11 04:06:00,93390.38,93401.12,93390.38,93401.12,180,78,0
2026.02.11 04:03:00,93396.22,93396.40,93379.82,93390.32,180,78,0
2026.02.11 04:00:00,93404.70,93410.64,93391.42,93396.16,180,78,0
2026.02.11 03:57:00,93393.90,93404.64,93393.90,93404.64,180,78,0
2026.02.11 03:54:00,93395.83,93402.43,93389.76,93393.84,180,78,0
2026.02.11 03:51:00,93433.03,93442.09,93395.35,93395.77,180,78,0
2026.02.11 03:48:00,93422.23,93432.97,93422.23,93432.97,180,78,0
2026.02.11 03:45:00,93411.43,93422.17,93411.43,93422.17,180,78,0
2026.02.11 03:42:00,93417.07,93422.65,93406.27,93411.37,180,78,0
2026.02.11 03:39:00,93419.04,93424.86,93412.15,93417.01,180,78,0
2026.02.11 03:36:00,93426.14,93429.26,93411.42,93418.98,180,78,0
2026.02.11 03:33:00,93415.34,93426.08,93415.34,93426.08,180,78,0
2026.02.11 03:30:00,93404.54,93415.28,93404.54,93415.28,180,78,0
2026.02.11 03:27:00,93393.74,93404.48,93393.74,93404.48,180,78,0
2026.02.11 03:24:00,93402.09,93412.83,93402.09,93412.83,180,78,0
2026.02.11 03:21:00,93410.40,93415.62,93396.57,93402.03,180,78,0
2026.02.11 03:18:00,93399.60,93410.34,93399.60,93410.34,180,78,0
2026.02.11 03:15:00,93388.80,93399.54,93388.80,93399.54,180,78,0
2026.02.11 03:12:00,93394.17,93395.85,93379.74,93388.74,180,78,0
2026.02.11 03:09:00,93383.37,93394.11,93383.37,93394.11,180,78,0
2026.02.11 03:06:00,93372.57,93383.31,93372.57,93383.31,180,78,0
2026.02.11 03:03:00,93361.77,93372.51,93361.77,93372.51,180,78,0
2026.02.11 03:00:00,93350.97,93361.71,93350.97,93361.71,180,78,0
2026.02.11 02:57:00,93356.29,93366.73,93350.67,93350.91,180,78,0
2026.02.11 02:54:00,93345.49,93356.23,93345.49,93356.23,180,78,0
2026.02.11 02:51:00,93347.36,93357.56,93344.95,93345.43,180,78,0
2026.02.11 02:48:00,93336.56,93347.30,93336.56,93347.30,180,78,0
2026.02.11 02:45:00,93325.76,93336.50,93325.76,93336.50,180,78,0
2026.02.11 02:42:00,93314.96,93325.70,93314.96,93325.70,180,78,0
2026.02.11 02:39:00,93304.16,93314.90,93304.16,93314.90,180,78,0
2026.02.11 02:36:00,93293.36,93304.10,93293.36,93304.10,180,78,0
2026.02.11 02:33:00,93300.61,93306.85,93288.86,93293.30,180,78,0
2026.02.11 02:30:00,93311.91,93320.91,93298.87,93300.55,180,78,0
2026.02.11 02:27:00,93301.11,93311.85,93301.11,93311.85,180,78,0
2026.02.11 02:24:00,93290.31,93301.05,93290.31,93301.05,180,78,0
2026.02.11 02:21:00,93279.51,93290.25,93279.51,93290.25,180,78,0
2026.02.11 02:18:00,93268.71,93279.45,93268.71,93279.45,180,78,0
2026.02.11 02:15:00,93277.21,93278.47,93259.23,93268.65,180,78,0
2026.02.11 02:12:00,93340.84,93345.88,93273.55,93277.15,180,78,0
2026.02.11 02:09:00,93354.83,93356.21,93331.48,93340.78,180,78,0
2026.02.11 02:06:00,93344.03,93354.77,93344.03,93354.77,180,78,0
2026.02.11 02:03:00,93333.23,93343.97,93333.23,93343.97,180,78,0
2026.02.11 02:00:00,93322.43,93333.17,93322.43,93333.17,180,78,0
2026.02.11 01:57:00,93336.34,93345.64,93320.99,93322.37,180,78,0
2026.02.11 01:54:00,93325.54,93336.28,93325.54,93336.28,180,78,0
2026.02.11 01:51:00,93326.94,93336.06,93323.92,93325.48,180,78,0
2026.02.11 01:48:00,93316.14,93326.88,93316.14,93326.88,180,78,0
2026.02.11 01:45:00,93305.34,93316.08,93305.34,93316.08,180,78,0
2026.02.11 01:42:00,93294.54,93305.28,93294.54,93305.28,180,78,0
2026.02.11 01:39:00,93283.74,93294.48,93283.74,93294.48,180,78,0
2026.02.11 01:36:00,93286.22,93293.78,93280.56,93283.68,180,78,0
2026.02.11 01:33:00,93275.42,93286.16,93275.42,93286.16,180,78,0
2026.02.11 01:30:00,93264.62,93275.36,93264.62,93275.36,180,78,0
2026.02.11 01:27:00,93279.25,93283.81,93258.44,93264.56,180,78,0
2026.02.11 01:24:00,93268.45,93279.19,93268.45,93279.19,180,78,0
2026.02.11 01:21:00,93271.82,93282.44,93268.33,93268.39,180,78,0
2026.02.11 01:18:00,93291.93,93292.95,93262.10,93271.76,180,78,0
2026.02.11 01:15:00,93294.45,93300.99,93287.73,93291.87,180,78,0
2026.02.11 01:12:00,93300.31,93305.65,93289.05,93294.39,180,78,0
2026.02.11 01:09:00,93289.51,93300.25,93289.51,93300.25,180,78,0
2026.02.11 01:06:00,93278.71,93289.45,93278.71,93289.45,180,78,0
2026.02.11 01:03:00,93267.91,93278.65,93267.91,93278.65,180,78,0
2026.02.11 01:00:00,93300.49,93304.45,93261.13,93267.85,180,78,0
2026.02.11 00:57:00,93289.69,93300.43,93289.69,93300.43,180,78,0
2026.02.11 00:54:00,93278.89,93289.63,93278.89,93289.63,180,78,0
2026.02.11 00:51:00,93268.09,93278.83,93268.09,93278.83,180,78,0
2026.02.11 00:48:00,93257.29,93268.03,93257.29,93268.03,180,78,0
2026.02.11 00:45:00,93246.49,93257.23,93246.49,93257.23,180,78,0
2026.02.11 00:42:00,93235.69,93246.43,93235.69,93246.43,180,78,0
2026.02.11 00:39:00,93224.89,93235.63,93224.89,93235.63,180,78,0
2026.02.11 00:36:00,93214.09,93224.83,93214.09,93224.83,180,78,0
2026.02.11 00:33:00,93203.29,93214.03,93203.29,93214.03,180,78,0
2026.02.11 00:30:00,93192.49,93203.23,93192.49,93203.23,180,78,0
2026.02.11 00:27:00,93181.69,93192.43,93181.69,93192.43,180,78,0
2026.02.11 00:24:00,93170.89,93181.63,93170.89,93181.63,180,78,0
2026.02.11 00:21:00,93160.09,93170.83,93160.09,93170.83,180,78,0
2026.02.11 00:18:00,93149.29,93160.03,93149.29,93160.03,180,78,0
2026.02.11 00:15:00,93138.49,93149.23,93138.49,93149.23,180,78,0
2026.02.11 00:12:00,93127.69,93138.43,93127.69,93138.43,180,78,0
2026.02.11 00:09:00,93116.89,93127.63,93116.89,93127.63,180,78,0
2026.02.11 00:06:00,93106.09,93116.83,93106.09,93116.83,180,78,0
2026.02.11 00:03:00,93095.29,93106.03,93095.29,93106.03,180,78,0
2026.02.11 00:00:00,93084.49,93095.23,93084.49,93095.23,180,78,0
2026.02.10 23:57:00,93073.69,93084.43,93073.69,93084.43,180,78,0
2026.02.10 23:54:00,93062.89,93073.63,93062.89,93073.63,180,78,0
2026.02.10 23:51:00,93073.54,93077.50,93056.11,93062.83,180,78,0
2026.02.10 23:48:00,93062.74,93073.48,93062.74,93073.48,180,78,0
2026.02.10 23:45:00,93051.94,93062.68,93051.94,93062.68,180,78,0
2026.02.10 23:42:00,93070.54,93080.56,93051.22,93051.88,180,78,0
2026.02.10 23:39:00,93059.74,93070.48,93059.74,93070.48,180,78,0
2026.02.10 23:36:00,93048.94,93059.68,93048.94,93059.68,180,78,0
2026.02.10 23:33:00,93038.14,93048.88,93038.14,93048.88,180,78,0
2026.02.10 23:30:00,93027.34,93038.08,93027.34,93038.08,180,78,0
2026.02.10 23:27:00,93016.54,93027.28,93016.54,93027.28,180,78,0
2026.02.10 23:24:00,93019.49,93028.67,93014.98,93016.48,180,78,0
2026.02.10 23:21:00,93008.69,93019.43,93008.69,93019.43,180,78,0
2026.02.10 23:18:00,93011.60,93015.92,93002.27,93008.63,180,78,0
2026.02.10 23:15:00,93000.80,93011.54,93000.80,93011.54,180,78,0
2026.02.10 23:12:00,92990.00,93000.74,92990.00,93000.74,180,78,0
2026.02.10 23:09:00,93029.08,93032.26,92986.22,92989.94,180,78,0
2026.02.10 23:06:00,93018.28,93029.02,93018.28,93029.02,180,78,0
2026.02.10 23:03:00,93042.49,93043.57,93008.62,93018.22,180,78,0
2026.02.10 23:00:00,93031.69,93042.43,93031.69,93042.43,180,78,0
2026.02.10 22:57:00,93020.89,93031.63,93020.89,93031.63,180,78,0
2026.02.10 22:54:00,93010.09,93020.83,93010.09,93020.83,180,78,0
2026.02.10 22:51:00,93040.19,93043.85,93006.73,93010.03,180,78,0
2026.02.10 22:48:00,93029.39,93040.13,93029.39,93040.13,180,78,0
2026.02.10 22:45:00,93046.88,93048.62,93020.39,93029.33,180,78,0
2026.02.10 22:42:00,93073.30,93076.42,93039.26,93046.82,180,78,0
2026.02.10 22:39:00,93062.50,93073.24,93062.50,93073.24,180,78,0
2026.02.10 22:36:00,93051.70,93062.44,93051.70,93062.44,180,78,0
2026.02.10 22:33:00,93040.90,93051.64,93040.90,93051.64,180,78,0
2026.02.10 22:30:00,93030.10,93040.84,93030.10,93040.84,180,78,0
2026.02.10 22:27:00,93019.30,93030.04,93019.30,93030.04,180,78,0
2026.02.10 22:24:00,93008.50,93019.24,93008.50,93019.24,180,78,0
2026.02.10 22:21:00,92997.70,93008.44,92997.70,93008.44,180,78,0
2026.02.10 22:18:00,92986.90,92997.64,92986.90,92997.64,180,78,0
2026.02.10 22:15:00,93024.31,93030.49,92983.60,92986.84,180,78,0
2026.02.10 22:12:00,93046.12,93048.04,93015.49,93024.25,180,78,0
2026.02.10 22:09:00,93035.32,93046.06,93035.32,93046.06,180,78,0
2026.02.10 22:06:00,93024.52,93035.26,93024.52,93035.26,180,78,0
2026.02.10 22:03:00,93013.72,93024.46,93013.72,93024.46,180,78,0
2026.02.10 22:00:00,93002.92,93013.66,93002.92,93013.66,180,78,0
2026.02.10 21:57:00,93010.94,93017.12,92998.36,93002.86,180,78,0
2026.02.10 21:54:00,93000.14,93010.88,93000.14,93010.88,180,78,0
2026.02.10 21:51:00,92989.34,93000.08,92989.34,93000.08,180,78,0
2026.02.10 21:48:00,92978.54,92989.28,92978.54,92989.28,180,78,0
2026.02.10 21:45:00,92989.91,92999.75,92977.64,92978.48,180,78,0
2026.02.10 21:42:00,93017.73,93025.17,92986.61,92989.85,180,78,0
2026.02.10 21:39:00,93006.93,93017.67,93006.93,93017.67,180,78,0
2026.02.10 21:36:00,92996.13,93006.87,92996.13,93006.87,180,78,0
2026.02.10 21:33:00,93020.68,93020.98,92985.69,92996.07,180,78,0
2026.02.10 21:30:00,93062.12,93064.88,93015.82,93020.62,180,78,0
2026.02.10 21:27:00,93051.32,93062.06,93051.32,93062.06,180,78,0
2026.02.10 21:24:00,93071.78,93071.84,93040.64,93051.26,180,78,0
2026.02.10 21:21:00,93060.98,93071.72,93060.98,93071.72,180,78,0
2026.02.10 21:18:00,93118.61,93120.11,93059.66,93060.92,180,78,0
2026.02.10 21:15:00,93133.88,93135.44,93109.43,93118.55,180,78,0
2026.02.10 21:12:00,93123.08,93133.82,93123.08,93133.82,180,78,0
2026.02.10 21:09:00,93130.24,93135.70,93117.80,93123.02,180,78,0
2026.02.10 21:06:00,93147.52,93153.40,93125.38,93130.18,180,78,0
2026.02.10 21:03:00,93136.72,93147.46,93136.72,93147.46,180,78,0
2026.02.10 21:00:00,93125.92,93136.66,93125.92,93136.66,180,78,0
2026.02.10 20:57:00,93115.12,93125.86,93115.12,93125.86,180,78,0
2026.02.10 20:54:00,93104.32,93115.06,93104.32,93115.06,180,78,0
2026.02.10 20:51:00,93093.52,93104.26,93093.52,93104.26,180,78,0
2026.02.10 20:48:00,93082.72,93093.46,93082.72,93093.46,180,78,0
2026.02.10 20:45:00,93086.84,93090.26,93075.40,93082.66,180,78,0
2026.02.10 20:42:00,93076.04,93086.78,93076.04,93086.78,180,78,0
2026.02.10 20:39:00,93065.24,93075.98,93065.24,93075.98,180,78,0
2026.02.10 20:36:00,93067.53,93076.53,93063.50,93065.18,180,78,0
2026.02.10 20:33:00,93075.91,93086.65,93075.91,93086.65,180,78,0
2026.02.10 20:30:00,93065.11,93075.85,93065.11,93075.85,180,78,0
2026.02.10 20:27:00,93079.73,93082.67,93057.31,93065.05,180,78,0
2026.02.10 20:24:00,93130.78,93132.34,93072.29,93079.67,180,78,0
2026.02.10 20:21:00,93132.74,93142.94,93130.24,93130.72,180,78,0
2026.02.10 20:18:00,93121.94,93132.68,93121.94,93132.68,180,78,0
2026.02.10 20:15:00,93111.14,93121.88,93111.14,93121.88,180,78,0
2026.02.10 20:12:00,93100.34,93111.08,93100.34,93111.08,180,78,0
2026.02.10 20:09:00,93121.16,93130.22,93098.66,93100.28,180,78,0
2026.02.10 20:06:00,93145.61,93154.25,93119.06,93121.10,180,78,0
2026.02.10 20:03:00,93134.81,93145.55,93134.81,93145.55,180,78,0
2026.02.10 20:00:00,93150.39,93156.39,93130.07,93134.75,180,78,0
2026.02.10 19:57:00,93139.59,93150.33,93139.59,93150.33,180,78,0
2026.02.10 19:54:00,93146.16,93149.10,93131.79,93139.53,180,78,0
2026.02.10 19:51:00,93135.36,93146.10,93135.36,93146.10,180,78,0
2026.02.10 19:48:00,93141.00,93142.26,93125.88,93135.30,180,78,0
2026.02.10 19:45:00,93130.20,93140.94,93130.20,93140.94,180,78,0
2026.02.10 19:42:00,93160.10,93164.42,93129.78,93130.14,180,78,0
2026.02.10 19:39:00,93176.63,93178.73,93151.46,93160.04,180,78,0
2026.02.10 19:36:00,93182.77,93191.11,93174.23,93176.57,180,78,0
2026.02.10 19:33:00,93185.60,93190.16,93176.59,93182.71,180,78,0
2026.02.10 19:30:00,93174.80,93185.54,93174.80,93185.54,180,78,0
2026.02.10 19:27:00,93164.00,93174.74,93164.00,93174.74,180,78,0
2026.02.10 19:24:00,93153.20,93163.94,93153.20,93163.94,180,78,0
2026.02.10 19:21:00,93178.84,93179.74,93149.48,93153.14,180,78,0
2026.02.10 19:18:00,93168.04,93178.78,93168.04,93178.78,180,78,0
2026.02.10 19:15:00,93157.24,93167.98,93157.24,93167.98,180,78,0
2026.02.10 19:12:00,93191.87,93193.07,93154.30,93157.18,180,78,0
2026.02.10 19:09:00,93181.07,93191.81,93181.07,93191.81,180,78,0
2026.02.10 19:06:00,93170.27,93181.01,93170.27,93181.01,180,78,0
2026.02.10 19:03:00,93159.47,93170.21,93159.47,93170.21,180,78,0
2026.02.10 19:00:00,93148.67,93159.41,93148.67,93159.41,180,78,0
2026.02.10 18:57:00,93137.87,93148.61,93137.87,93148.61,180,78,0
2026.02.10 18:54:00,93127.07,93137.81,93127.07,93137.81,180,78,0
2026.02.10 18:51:00,93135.40,93137.14,93118.07,93127.01,180,78,0
2026.02.10 18:48:00,93148.87,93153.43,93129.22,93135.34,180,78,0
2026.02.10 18:45:00,93151.88,93152.12,93138.37,93148.81,180,78,0
2026.02.10 18:42:00,93141.08,93151.82,93141.08,93151.82,180,78,0
2026.02.10 18:39:00,93130.28,93141.02,93130.28,93141.02,180,78,0
2026.02.10 18:36:00,93119.48,93130.22,93119.48,93130.22,180,78,0
2026.02.10 18:33:00,93108.68,93119.42,93108.68,93119.42,180,78,0
2026.02.10 18:30:00,93097.88,93108.62,93097.88,93108.62,180,78,0
2026.02.10 18:27:00,93087.08,93097.82,93087.08,93097.82,180,78,0
2026.02.10 18:24:00,93114.02,93117.32,93081.68,93087.02,180,78,0
2026.02.10 18:21:00,93178.90,93178.90,93106.16,93113.96,180,78,0
2026.02.10 18:18:00,93197.44,93203.14,93173.86,93178.84,180,78,0
2026.02.10 18:15:00,93186.64,93197.38,93186.64,93197.38,180,78,0
2026.02.10 18:12:00,93175.84,93186.58,93175.84,93186.58,180,78,0
2026.02.10 18:09:00,93165.04,93175.78,93165.04,93175.78,180,78,0
2026.02.10 18:06:00,93183.29,93184.01,93155.08,93164.98,180,78,0
2026.02.10 18:03:00,93172.49,93183.23,93172.49,93183.23,180,78,0
2026.02.10 18:00:00,93161.69,93172.43,93161.69,93172.43,180,78,0
2026.02.10 17:57:00,93150.89,93161.63,93150.89,93161.63,180,78,0
2026.02.10 17:54:00,93140.09,93150.83,93140.09,93150.83,180,78,0
2026.02.10 17:51:00,93129.29,93140.03,93129.29,93140.03,180,78,0
2026.02.10 17:48:00,93118.49,93129.23,93118.49,93129.23,180,78,0
2026.02.10 17:45:00,93107.69,93118.43,93107.69,93118.43,180,78,0
2026.02.10 17:42:00,93144.27,93147.87,93103.07,93107.63,180,78,0
2026.02.10 17:39:00,93133.47,93144.21,93133.47,93144.21,180,78,0
2026.02.10 17:36:00,93122.67,93133.41,93122.67,93133.41,180,78,0
2026.02.10 17:33:00,93111.87,93122.61,93111.87,93122.61,180,78,0
2026.02.10 17:30:00,93134.12,93140.42,93107.43,93111.81,180,78,0
2026.02.10 17:27:00,93147.98,93153.50,93128.90,93134.06,180,78,0
2026.02.10 17:24:00,93156.70,93157.30,93137.84,93147.92,180,78,0
2026.02.10 17:21:00,93145.90,93156.64,93145.90,93156.64,180,78,0
2026.02.10 17:18:00,93172.11,93174.39,93139.72,93145.84,180,78,0
2026.02.10 17:15:00,93161.31,93172.05,93161.31,93172.05,180,78,0
2026.02.10 17:12:00,93150.51,93161.25,93150.51,93161.25,180,78,0
2026.02.10 17:09:00,93139.71,93150.45,93139.71,93150.45,180,78,0
2026.02.10 17:06:00,93128.91,93139.65,93128.91,93139.65,180,78,0
2026.02.10 17:03:00,93118.11,93128.85,93118.11,93128.85,180,78,0
2026.02.10 17:00:00,93107.31,93118.05,93107.31,93118.05,180,78,0
2026.02.10 16:57:00,93115.37,93119.57,93100.77,93107.25,180,78,0
2026.02.10 16:54:00,93125.57,93128.33,93107.39,93115.31,180,78,0
2026.02.10 16:51:00,93114.77,93125.51,93114.77,93125.51,180,78,0
2026.02.10 16:48:00,93148.91,93155.21,93113.09,93114.71,180,78,0
2026.02.10 16:45:00,93159.96,93161.94,93140.15,93148.85,180,78,0
2026.02.10 16:42:00,93149.16,93159.90,93149.16,93159.90,180,78,0
2026.02.10 16:39:00,93157.02,93165.96,93147.36,93149.10,180,78,0
2026.02.10 16:36:00,93161.24,93166.04,93151.08,93156.96,180,78,0
2026.02.10 16:33:00,93150.44,93161.18,93150.44,93161.18,180,78,0
2026.02.10 16:30:00,93139.64,93150.38,93139.64,93150.38,180,78,0
2026.02.10 16:27:00,93128.84,93139.58,93128.84,93139.58,180,78,0
2026.02.10 16:24:00,93150.78,93155.82,93123.14,93128.78,180,78,0
2026.02.10 16:21:00,93164.18,93170.84,93146.70,93150.72,180,78,0
2026.02.10 16:18:00,93153.38,93164.12,93153.38,93164.12,180,78,0
2026.02.10 16:15:00,93142.58,93153.32,93142.58,93153.32,180,78,0
2026.02.10 16:12:00,93192.98,93198.20,93142.04,93142.52,180,78,0
2026.02.10 16:09:00,93201.88,93204.46,93184.82,93192.92,180,78,0
2026.02.10 16:06:00,93191.08,93201.82,93191.08,93201.82,180,78,0
2026.02.10 16:03:00,93223.36,93229.54,93186.52,93191.02,180,78,0
2026.02.10 16:00:00,93212.56,93223.30,93212.56,93223.30,180,78,0
2026.02.10 15:57:00,93244.61,93248.21,93209.02,93212.50,180,78,0
2026.02.10 15:54:00,93287.05,93291.61,93238.43,93244.55,180,78,0
2026.02.10 15:51:00,93300.13,93305.65,93281.83,93286.99,180,78,0
2026.02.10 15:48:00,93289.33,93300.07,93289.33,93300.07,180,78,0
2026.02.10 15:45:00,93319.71,93322.23,93283.15,93289.27,180,78,0
2026.02.10 15:42:00,93308.91,93319.65,93308.91,93319.65,180,78,0
2026.02.10 15:39:00,93298.11,93308.85,93298.11,93308.85,180,78,0
2026.02.10 15:36:00,93287.31,93298.05,93287.31,93298.05,180,78,0
2026.02.10 15:33:00,93276.51,93287.25,93276.51,93287.25,180,78,0
2026.02.10 15:30:00,93265.71,93276.45,93265.71,93276.45,180,78,0
2026.02.10 15:27:00,93254.91,93265.65,93254.91,93265.65,180,78,0
2026.02.10 15:24:00,93244.11,93254.85,93244.11,93254.85,180,78,0
2026.02.10 15:21:00,93233.31,93244.05,93233.31,93244.05,180,78,0
2026.02.10 15:18:00,93271.53,93276.45,93230.43,93233.25,180,78,0
2026.02.10 15:15:00,93260.73,93271.47,93260.73,93271.47,180,78,0
2026.02.10 15:12:00,93249.93,93260.67,93249.93,93260.67,180,78,0
2026.02.10 15:09:00,93239.13,93249.87,93239.13,93249.87,180,78,0
2026.02.10 15:06:00,93228.33,93239.07,93228.33,93239.07,180,78,0
2026.02.10 15:03:00,93217.53,93228.27,93217.53,93228.27,180,78,0
2026.02.10 15:00:00,93231.83,93239.27,93214.23,93217.47,180,78,0
2026.02.10 14:57:00,93221.03,93231.77,93221.03,93231.77,180,78,0
2026.02.10 14:54:00,93210.23,93220.97,93210.23,93220.97,180,78,0
2026.02.10 14:51:00,93216.94,93225.94,93208.49,93210.17,180,78,0
2026.02.10 14:48:00,93223.38,93227.82,93210.64,93216.88,180,78,0
2026.02.10 14:45:00,93212.58,93223.32,93212.58,93223.32,180,78,0
2026.02.10 14:42:00,93201.78,93212.52,93201.78,93212.52,180,78,0
2026.02.10 14:39:00,93190.98,93201.72,93190.98,93201.72,180,78,0
2026.02.10 14:36:00,93180.18,93190.92,93180.18,93190.92,180,78,0
2026.02.10 14:33:00,93169.38,93180.12,93169.38,93180.12,180,78,0
2026.02.10 14:30:00,93176.08,93184.30,93166.86,93169.32,180,78,0
2026.02.10 14:27:00,93188.85,93196.77,93173.26,93176.02,180,78,0
2026.02.10 14:24:00,93214.81,93217.03,93186.33,93188.79,180,78,0
2026.02.10 14:21:00,93204.01,93214.75,93204.01,93214.75,180,78,0
2026.02.10 14:18:00,93219.31,93222.91,93196.87,93203.95,180,78,0
2026.02.10 14:15:00,93233.28,93242.16,93217.45,93219.25,180,78,0
2026.02.10 14:12:00,93222.48,93233.22,93222.48,93233.22,180,78,0
2026.02.10 14:09:00,93211.68,93222.42,93211.68,93222.42,180,78,0
2026.02.10 14:06:00,93244.14,93245.82,93202.62,93211.62,180,78,0
2026.02.10 14:03:00,93248.84,93257.00,93241.56,93244.08,180,78,0
2026.02.10 14:00:00,93238.04,93248.78,93238.04,93248.78,180,78,0
2026.02.10 13:57:00,93227.24,93237.98,93227.24,93237.98,180,78,0
2026.02.10 13:54:00,93216.44,93227.18,93216.44,93227.18,180,78,0
2026.02.10 13:51:00,93226.78,93228.28,93207.20,93216.38,180,78,0
2026.02.10 13:48:00,93251.20,93258.10,93222.94,93226.72,180,78,0
2026.02.10 13:45:00,93240.40,93251.14,93240.40,93251.14,180,78,0
2026.02.10 13:42:00,93229.60,93240.34,93229.60,93240.34,180,78,0
2026.02.10 13:39:00,93264.57,93268.65,93226.96,93229.54,180,78,0
2026.02.10 13:36:00,93253.77,93264.51,93253.77,93264.51,180,78,0
2026.02.10 13:33:00,93242.97,93253.71,93242.97,93253.71,180,78,0
2026.02.10 13:30:00,93232.17,93242.91,93232.17,93242.91,180,78,0
2026.02.10 13:27:00,93260.18,93270.74,93231.99,93232.11,180,78,0
2026.02.10 13:24:00,93249.38,93260.12,93249.38,93260.12,180,78,0
2026.02.10 13:21:00,93238.58,93249.32,93238.58,93249.32,180,78,0
2026.02.10 13:18:00,93227.78,93238.52,93227.78,93238.52,180,78,0
2026.02.10 13:15:00,93231.87,93235.83,93221.00,93227.72,180,78,0
2026.02.10 13:12:00,93296.65,93302.41,93230.01,93231.81,180,78,0
2026.02.10 13:09:00,93285.85,93296.59,93285.85,93296.59,180,78,0
2026.02.10 13:06:00,93302.33,93308.15,93280.93,93285.79,180,78,0
2026.02.10 13:03:00,93291.53,93302.27,93291.53,93302.27,180,78,0
2026.02.10 13:00:00,93315.79,93316.57,93289.31,93291.47,180,78,0
2026.02.10 12:57:00,93304.99,93315.73,93304.99,93315.73,180,78,0
2026.02.10 12:54:00,93294.19,93304.93,93294.19,93304.93,180,78,0
2026.02.10 12:51:00,93283.39,93294.13,93283.39,93294.13,180,78,0
2026.02.10 12:48:00,93272.59,93283.33,93272.59,93283.33,180,78,0
2026.02.10 12:45:00,93282.64,93289.12,93268.33,93272.53,180,78,0
2026.02.10 12:42:00,93296.81,93304.91,93280.00,93282.58,180,78,0
2026.02.10 12:39:00,93286.01,93296.75,93286.01,93296.75,180,78,0
2026.02.10 12:36:00,93275.21,93285.95,93275.21,93285.95,180,78,0
2026.02.10 12:33:00,93293.31,93294.45,93265.61,93275.15,180,78,0
2026.02.10 12:30:00,93282.51,93293.25,93282.51,93293.25,180,78,0
2026.02.10 12:27:00,93271.71,93282.45,93271.71,93282.45,180,78,0
2026.02.10 12:24:00,93260.91,93271.65,93260.91,93271.65,180,78,0
2026.02.10 12:21:00,93250.11,93260.85,93250.11,93260.85,180,78,0
2026.02.10 12:18:00,93270.04,93279.40,93248.73,93250.05,180,78,0
2026.02.10 12:15:00,93259.24,93269.98,93259.24,93269.98,180,78,0
2026.02.10 12:12:00,93248.44,93259.18,93248.44,93259.18,180,78,0
2026.02.10 12:09:00,93255.77,93258.35,93240.28,93248.38,180,78,0
2026.02.10 12:06:00,93270.44,93270.62,93245.21,93255.71,180,78,0
2026.02.10 12:03:00,93292.04,93298.40,93266.06,93270.38,180,78,0
2026.02.10 12:00:00,93301.88,93304.40,93283.82,93291.98,180,78,0
2026.02.10 11:57:00,93337.66,93343.30,93297.86,93301.82,180,78,0
2026.02.10 11:54:00,93326.86,93337.60,93326.86,93337.60,180,78,0
2026.02.10 11:51:00,93316.06,93326.80,93316.06,93326.80,180,78,0
2026.02.10 11:48:00,93305.26,93316.00,93305.26,93316.00,180,78,0
2026.02.10 11:45:00,93294.46,93305.20,93294.46,93305.20,180,78,0
2026.02.10 11:42:00,93283.66,93294.40,93283.66,93294.40,180,78,0
2026.02.10 11:39:00,93290.56,93298.90,93281.26,93283.60,180,78,0
2026.02.10 11:36:00,93279.76,93290.50,93279.76,93290.50,180,78,0
2026.02.10 11:33:00,93268.96,93279.70,93268.96,93279.70,180,78,0
2026.02.10 11:30:00,93258.16,93268.90,93258.16,93268.90,180,78,0
2026.02.10 11:27:00,93290.90,93290.90,93247.42,93258.10,180,78,0
2026.02.10 11:24:00,93280.10,93290.84,93280.10,93290.84,180,78,0
2026.02.10 11:21:00,93282.71,93293.27,93279.92,93280.04,180,78,0
2026.02.10 11:18:00,93298.60,93302.44,93275.81,93282.65,180,78,0
2026.02.10 11:15:00,93287.80,93298.54,93287.80,93298.54,180,78,0
2026.02.10 11:12:00,93293.98,93294.34,93277.42,93287.74,180,78,0
2026.02.10 11:09:00,93330.23,93335.99,93291.04,93293.92,180,78,0
2026.02.10 11:06:00,93364.68,93371.22,93328.55,93330.17,180,78,0
2026.02.10 11:03:00,93353.88,93364.62,93353.88,93364.62,180,78,0
2026.02.10 11:00:00,93343.08,93353.82,93343.08,93353.82,180,78,0
2026.02.10 10:57:00,93332.28,93343.02,93332.28,93343.02,180,78,0
2026.02.10 10:54:00,93354.77,93365.09,93331.86,93332.22,180,78,0
2026.02.10 10:51:00,93343.97,93354.71,93343.97,93354.71,180,78,0
2026.02.10 10:48:00,93333.17,93343.91,93333.17,93343.91,180,78,0
2026.02.10 10:45:00,93322.37,93333.11,93322.37,93333.11,180,78,0
2026.02.10 10:42:00,93311.57,93322.31,93311.57,93322.31,180,78,0
2026.02.10 10:39:00,93300.77,93311.51,93300.77,93311.51,180,78,0
2026.02.10 10:36:00,93289.97,93300.71,93289.97,93300.71,180,78,0
2026.02.10 10:33:00,93323.83,93330.01,93287.99,93289.91,180,78,0
2026.02.10 10:30:00,93313.03,93323.77,93313.03,93323.77,180,78,0
2026.02.10 10:27:00,93302.23,93312.97,93302.23,93312.97,180,78,0
2026.02.10 10:24:00,93291.43,93302.17,93291.43,93302.17,180,78,0
2026.02.10 10:21:00,93280.63,93291.37,93280.63,93291.37,180,78,0
2026.02.10 10:18:00,93284.32,93294.94,93280.51,93280.57,180,78,0
2026.02.10 10:15:00,93273.52,93284.26,93273.52,93284.26,180,78,0
2026.02.10 10:12:00,93262.72,93273.46,93262.72,93273.46,180,78,0
2026.02.10 10:09:00,93268.96,93269.62,93252.64,93262.66,180,78,0
2026.02.10 10:06:00,93289.22,93296.60,93265.60,93268.90,180,78,0
2026.02.10 10:03:00,93278.42,93289.16,93278.42,93289.16,180,78,0
2026.02.10 10:00:00,93267.62,93278.36,93267.62,93278.36,180,78,0
2026.02.10 09:57:00,93310.08,93317.46,93267.50,93267.56,180,78,0
2026.02.10 09:54:00,93299.28,93310.02,93299.28,93310.02,180,78,0
2026.02.10 09:51:00,93288.48,93299.22,93288.48,93299.22,180,78,0
2026.02.10 09:48:00,93277.68,93288.42,93277.68,93288.42,180,78,0
2026.02.10 09:45:00,93266.88,93277.62,93266.88,93277.62,180,78,0
2026.02.10 09:42:00,93285.62,93285.98,93256.50,93266.82,180,78,0
2026.02.10 09:39:00,93274.82,93285.56,93274.82,93285.56,180,78,0
2026.02.10 09:36:00,93264.02,93274.76,93264.02,93274.76,180,78,0
2026.02.10 09:33:00,93268.12,93272.32,93257.48,93263.96,180,78,0
2026.02.10 09:30:00,93276.60,93276.96,93257.74,93268.06,180,78,0
2026.02.10 09:27:00,93265.80,93276.54,93265.80,93276.54,180,78,0
2026.02.10 09:24:00,93284.68,93292.30,93263.22,93265.74,180,78,0
2026.02.10 09:21:00,93292.90,93298.18,93279.22,93284.62,180,78,0
2026.02.10 09:18:00,93282.10,93292.84,93282.10,93292.84,180,78,0
2026.02.10 09:15:00,93271.30,93282.04,93271.30,93282.04,180,78,0
2026.02.10 09:12:00,93260.50,93271.24,93260.50,93271.24,180,78,0
2026.02.10 09:09:00,93249.70,93260.44,93249.70,93260.44,180,78,0
2026.02.10 09:06:00,93288.62,93289.16,93243.16,93249.64,180,78,0
2026.02.10 09:03:00,93311.00,93314.06,93282.26,93288.56,180,78,0
2026.02.10 09:00:00,93300.20,93310.94,93300.20,93310.94,180,78,0
2026.02.10 08:57:00,93289.40,93300.14,93289.40,93300.14,180,78,0
2026.02.10 08:54:00,93296.01,93300.75,93283.40,93289.34,180,78,0
2026.02.10 08:51:00,93285.21,93295.95,93285.21,93295.95,180,78,0
2026.02.10 08:48:00,93274.41,93285.15,93274.41,93285.15,180,78,0
2026.02.10 08:45:00,93263.61,93274.35,93263.61,93274.35,180,78,0
2026.02.10 08:42:00,93277.93,93281.17,93256.11,93263.55,180,78,0
2026.02.10 08:39:00,93267.13,93277.87,93267.13,93277.87,180,78,0
2026.02.10 08:36:00,93256.33,93267.07,93256.33,93267.07,180,78,0
2026.02.10 08:33:00,93245.53,93256.27,93245.53,93256.27,180,78,0
2026.02.10 08:30:00,93255.36,93259.92,93239.35,93245.47,180,78,0
2026.02.10 08:27:00,93267.81,93272.07,93248.88,93255.30,180,78,0
2026.02.10 08:24:00,93271.04,93274.76,93260.79,93267.75,180,78,0
2026.02.10 08:21:00,93260.24,93270.98,93260.24,93270.98,180,78,0
2026.02.10 08:18:00,93249.44,93260.18,93249.44,93260.18,180,78,0
2026.02.10 08:15:00,93238.64,93249.38,93238.64,93249.38,180,78,0
2026.02.10 08:12:00,93247.17,93248.07,93228.80,93238.58,180,78,0
2026.02.10 08:09:00,93236.37,93247.11,93236.37,93247.11,180,78,0
2026.02.10 08:06:00,93225.57,93236.31,93225.57,93236.31,180,78,0
2026.02.10 08:03:00,93214.77,93225.51,93214.77,93225.51,180,78,0
2026.02.10 08:00:00,93203.97,93214.71,93203.97,93214.71,180,78,0
2026.02.10 07:57:00,93193.17,93203.91,93193.17,93203.91,180,78,0
2026.02.10 07:54:00,93182.37,93193.11,93182.37,93193.11,180,78,0
2026.02.10 07:51:00,93171.57,93182.31,93171.57,93182.31,180,78,0
2026.02.10 07:48:00,93200.42,93210.86,93171.27,93171.51,180,78,0
2026.02.10 07:45:00,93224.64,93224.70,93191.84,93200.36,180,78,0
2026.02.10 07:42:00,93239.93,93242.09,93216.06,93224.58,180,78,0
2026.02.10 07:39:00,93229.13,93239.87,93229.13,93239.87,180,78,0
2026.02.10 07:36:00,93218.33,93229.07,93218.33,93229.07,180,78,0
2026.02.10 07:33:00,93222.16,93229.06,93214.49,93218.27,180,78,0
2026.02.10 07:30:00,93242.31,93249.51,93218.62,93222.10,180,78,0
2026.02.10 07:27:00,93231.51,93242.25,93231.51,93242.25,180,78,0
2026.02.10 07:24:00,93245.35,93248.47,93223.89,93231.45,180,78,0
2026.02.10 07:21:00,93234.55,93245.29,93234.55,93245.29,180,78,0
2026.02.10 07:18:00,93274.76,93276.56,93229.15,93234.49,180,78,0
2026.02.10 07:15:00,93263.96,93274.70,93263.96,93274.70,180,78,0
2026.02.10 07:12:00,93253.16,93263.90,93253.16,93263.90,180,78,0
2026.02.10 07:09:00,93273.98,93276.32,93244.76,93253.10,180,78,0
2026.02.10 07:06:00,93263.18,93273.92,93263.18,93273.92,180,78,0
2026.02.10 07:03:00,93252.38,93263.12,93252.38,93263.12,180,78,0
2026.02.10 07:00:00,93272.56,93282.58,93251.66,93252.32,180,78,0
2026.02.10 06:57:00,93261.76,93272.50,93261.76,93272.50,180,78,0
2026.02.10 06:54:00,93284.44,93293.26,93259.84,93261.70,180,78,0
2026.02.10 06:51:00,93273.64,93284.38,93273.64,93284.38,180,78,0
2026.02.10 06:48:00,93262.84,93273.58,93262.84,93273.58,180,78,0
2026.02.10 06:45:00,93252.04,93262.78,93252.04,93262.78,180,78,0
2026.02.10 06:42:00,93241.24,93251.98,93241.24,93251.98,180,78,0
2026.02.10 06:39:00,93230.44,93241.18,93230.44,93241.18,180,78,0
2026.02.10 06:36:00,93257.64,93267.48,93229.54,93230.38,180,78,0
2026.02.10 06:33:00,93246.84,93257.58,93246.84,93257.58,180,78,0
2026.02.10 06:30:00,93268.42,93272.68,93243.00,93246.78,180,78,0
2026.02.10 06:27:00,93257.62,93268.36,93257.62,93268.36,180,78,0
2026.02.10 06:24:00,93246.82,93257.56,93246.82,93257.56,180,78,0
2026.02.10 06:21:00,93236.02,93246.76,93236.02,93246.76,180,78,0
2026.02.10 06:18:00,93225.22,93235.96,93225.22,93235.96,180,78,0
2026.02.10 06:15:00,93214.42,93225.16,93214.42,93225.16,180,78,0
2026.02.10 06:12:00,93203.62,93214.36,93203.62,93214.36,180,78,0
2026.02.10 06:09:00,93192.82,93203.56,93192.82,93203.56,180,78,0
2026.02.10 06:06:00,93182.02,93192.76,93182.02,93192.76,180,78,0
2026.02.10 06:03:00,93171.22,93181.96,93171.22,93181.96,180,78,0
2026.02.10 06:00:00,93160.42,93171.16,93160.42,93171.16,180,78,0
2026.02.10 05:57:00,93149.62,93160.36,93149.62,93160.36,180,78,0
2026.02.10 05:54:00,93138.82,93149.56,93138.82,93149.56,180,78,0
2026.02.10 05:51:00,93146.09,93148.79,93130.78,93138.76,180,78,0
2026.02.10 05:48:00,93135.29,93146.03,93135.29,93146.03,180,78,0
2026.02.10 05:45:00,93124.49,93135.23,93124.49,93135.23,180,78,0
2026.02.10 05:42:00,93113.69,93124.43,93113.69,93124.43,180,78,0
2026.02.10 05:39:00,93102.89,93113.63,93102.89,93113.63,180,78,0
2026.02.10 05:36:00,93092.09,93102.83,93092.09,93102.83,180,78,0
2026.02.10 05:33:00,93081.29,93092.03,93081.29,93092.03,180,78,0
2026.02.10 05:30:00,93070.49,93081.23,93070.49,93081.23,180,78,0
2026.02.10 05:27:00,93059.69,93070.43,93059.69,93070.43,180,78,0
2026.02.10 05:24:00,93048.89,93059.63,93048.89,93059.63,180,78,0
2026.02.10 05:21:00,93038.09,93048.83,93038.09,93048.83,180,78,0
2026.02.10 05:18:00,93051.46,93060.16,93036.05,93038.03,180,78,0
2026.02.10 05:15:00,93061.77,93072.15,93051.10,93051.40,180,78,0
2026.02.10 05:12:00,93071.09,93074.21,93054.15,93061.71,180,78,0
2026.02.10 05:09:00,93060.29,93071.03,93060.29,93071.03,180,78,0
2026.02.10 05:06:00,93049.49,93060.23,93049.49,93060.23,180,78,0
2026.02.10 05:03:00,93063.25,93065.47,93040.97,93049.43,180,78,0
2026.02.10 05:00:00,93111.56,93112.16,93060.73,93063.19,180,78,0
2026.02.10 04:57:00,93100.76,93111.50,93100.76,93111.50,180,78,0
2026.02.10 04:54:00,93117.18,93120.72,93099.38,93100.70,180,78,0
2026.02.10 04:51:00,93106.38,93117.12,93106.38,93117.12,180,78,0
2026.02.10 04:48:00,93095.58,93106.32,93095.58,93106.32,180,78,0
2026.02.10 04:45:00,93084.78,93095.52,93084.78,93095.52,180,78,0
2026.02.10 04:42:00,93073.98,93084.72,93073.98,93084.72,180,78,0
2026.02.10 04:39:00,93063.18,93073.92,93063.18,93073.92,180,78,0
2026.02.10 04:36:00,93052.38,93063.12,93052.38,93063.12,180,78,0
2026.02.10 04:33:00,93041.58,93052.32,93041.58,93052.32,180,78,0
2026.02.10 04:30:00,93030.78,93041.52,93030.78,93041.52,180,78,0
2026.02.10 04:27:00,93019.98,93030.72,93019.98,93030.72,180,78,0
2026.02.10 04:24:00,93030.03,93040.53,93019.74,93019.92,180,78,0
2026.02.10 04:21:00,93019.23,93029.97,93019.23,93029.97,180,78,0
2026.02.10 04:18:00,93042.54,93044.64,93010.59,93019.17,180,78,0
2026.02.10 04:15:00,93031.74,93042.48,93031.74,93042.48,180,78,0
2026.02.10 04:12:00,93020.94,93031.68,93020.94,93031.68,180,78,0
2026.02.10 04:09:00,93010.14,93020.88,93010.14,93020.88,180,78,0
2026.02.10 04:06:00,92999.34,93010.08,92999.34,93010.08,180,78,0
2026.02.10 04:03:00,93017.60,93019.70,92990.70,92999.28,180,78,0
2026.02.10 04:00:00,93034.92,93044.46,93016.40,93017.54,180,78,0
2026.02.10 03:57:00,93050.09,93054.83,93028.92,93034.86,180,78,0
2026.02.10 03:54:00,93069.58,93072.88,93042.65,93050.03,180,78,0
2026.02.10 03:51:00,93058.78,93069.52,93058.78,93069.52,180,78,0
2026.02.10 03:48:00,93076.86,93079.32,93056.80,93058.72,180,78,0
2026.02.10 03:45:00,93126.64,93127.42,93074.10,93076.80,180,78,0
2026.02.10 03:42:00,93115.84,93126.58,93115.84,93126.58,180,78,0
2026.02.10 03:39:00,93105.04,93115.78,93105.04,93115.78,180,78,0
2026.02.10 03:36:00,93094.24,93104.98,93094.24,93104.98,180,78,0
2026.02.10 03:33:00,93098.76,93109.44,93094.18,93094.18,180,78,0
2026.02.10 03:30:00,93087.96,93098.70,93087.96,93098.70,180,78,0
2026.02.10 03:27:00,93145.58,93149.54,93086.64,93087.90,180,78,0
2026.02.10 03:24:00,93134.78,93145.52,93134.78,93145.52,180,78,0
2026.02.10 03:21:00,93123.98,93134.72,93123.98,93134.72,180,78,0
2026.02.10 03:18:00,93113.18,93123.92,93113.18,93123.92,180,78,0
2026.02.10 03:15:00,93102.38,93113.12,93102.38,93113.12,180,78,0
2026.02.10 03:12:00,93091.58,93102.32,93091.58,93102.32,180,78,0
2026.02.10 03:09:00,93131.29,93133.15,93091.52,93091.52,180,78,0
2026.02.10 03:06:00,93120.49,93131.23,93120.49,93131.23,180,78,0
2026.02.10 03:03:00,93109.69,93120.43,93109.69,93120.43,180,78,0
2026.02.10 03:00:00,93122.00,93127.70,93104.65,93109.63,180,78,0
2026.02.10 02:57:00,93111.20,93121.94,93111.20,93121.94,180,78,0
2026.02.10 02:54:00,93121.94,93129.38,93107.90,93111.14,180,78,0
2026.02.10 02:51:00,93111.14,93121.88,93111.14,93121.88,180,78,0
2026.02.10 02:48:00,93100.34,93111.08,93100.34,93111.08,180,78,0
2026.02.10 02:45:00,93089.54,93100.28,93089.54,93100.28,180,78,0
2026.02.10 02:42:00,93078.74,93089.48,93078.74,93089.48,180,78,0
2026.02.10 02:39:00,93086.53,93093.97,93075.44,93078.68,180,78,0
2026.02.10 02:36:00,93075.73,93086.47,93075.73,93086.47,180,78,0
2026.02.10 02:33:00,93090.15,93097.47,93072.31,93075.67,180,78,0
2026.02.10 02:30:00,93095.94,93101.94,93085.41,93090.09,180,78,0
2026.02.10 02:27:00,93101.85,93107.01,93090.36,93095.88,180,78,0
2026.02.10 02:24:00,93138.24,93143.46,93096.45,93101.79,180,78,0
2026.02.10 02:21:00,93173.41,93181.87,93135.96,93138.18,180,78,0
2026.02.10 02:18:00,93162.61,93173.35,93162.61,93173.35,180,78,0
2026.02.10 02:15:00,93151.81,93162.55,93151.81,93162.55,180,78,0
2026.02.10 02:12:00,93141.01,93151.75,93141.01,93151.75,180,78,0
2026.02.10 02:09:00,93205.82,93206.72,93136.63,93140.95,180,78,0
2026.02.10 02:06:00,93195.02,93205.76,93195.02,93205.76,180,78,0
2026.02.10 02:03:00,93204.16,93209.38,93189.50,93194.96,180,78,0
2026.02.10 02:00:00,93219.42,93227.64,93201.64,93204.10,180,78,0
2026.02.10 01:57:00,93224.58,93225.00,93209.10,93219.36,180,78,0
2026.02.10 01:54:00,93244.82,93244.82,93222.00,93224.52,180,78,0
2026.02.10 01:51:00,93234.02,93244.76,93234.02,93244.76,180,78,0
2026.02.10 01:48:00,93259.60,93267.22,93230.90,93233.96,180,78,0
2026.02.10 01:45:00,93298.21,93303.67,93256.42,93259.54,180,78,0
2026.02.10 01:42:00,93287.41,93298.15,93287.41,93298.15,180,78,0
2026.02.10 01:39:00,93276.61,93287.35,93276.61,93287.35,180,78,0
2026.02.10 01:36:00,93299.57,93307.13,93273.43,93276.55,180,78,0
2026.02.10 01:33:00,93288.77,93299.51,93288.77,93299.51,180,78,0
2026.02.10 01:30:00,93277.97,93288.71,93277.97,93288.71,180,78,0
2026.02.10 01:27:00,93285.90,93290.16,93271.49,93277.91,180,78,0
2026.02.10 01:24:00,93275.10,93285.84,93275.10,93285.84,180,78,0
2026.02.10 01:21:00,93311.03,93313.67,93273.78,93275.04,180,78,0
2026.02.10 01:18:00,93349.25,93349.97,93304.43,93310.97,180,78,0
2026.02.10 01:15:00,93338.45,93349.19,93338.45,93349.19,180,78,0
2026.02.10 01:12:00,93352.29,93356.19,93331.61,93338.39,180,78,0
2026.02.10 01:09:00,93367.21,93372.31,93346.65,93352.23,180,78,0
2026.02.10 01:06:00,93356.41,93367.15,93356.41,93367.15,180,78,0
2026.02.10 01:03:00,93345.61,93356.35,93345.61,93356.35,180,78,0
2026.02.10 01:00:00,93334.81,93345.55,93334.81,93345.55,180,78,0
2026.02.10 00:57:00,93324.01,93334.75,93324.01,93334.75,180,78,0
2026.02.10 00:54:00,93313.21,93323.95,93313.21,93323.95,180,78,0
2026.02.10 00:51:00,93318.33,93319.83,93303.97,93313.15,180,78,0
2026.02.10 00:48:00,93329.46,93330.24,93308.37,93318.27,180,78,0
2026.02.10 00:45:00,93318.66,93329.40,93318.66,93329.40,180,78,0
2026.02.10 00:42:00,93350.13,93356.07,93313.86,93318.60,180,78,0
2026.02.10 00:39:00,93339.33,93350.07,93339.33,93350.07,180,78,0
2026.02.10 00:36:00,93328.53,93339.27,93328.53,93339.27,180,78,0
2026.02.10 00:33:00,93349.61,93355.13,93323.31,93328.47,180,78,0
2026.02.10 00:30:00,93338.81,93349.55,93338.81,93349.55,180,78,0
2026.02.10 00:27:00,93328.01,93338.75,93328.01,93338.75,180,78,0
2026.02.10 00:24:00,93317.21,93327.95,93317.21,93327.95,180,78,0
2026.02.10 00:21:00,93306.41,93317.15,93306.41,93317.15,180,78,0
2026.02.10 00:18:00,93295.61,93306.35,93295.61,93306.35,180,78,0
2026.02.10 00:15:00,93300.95,93308.87,93292.79,93295.55,180,78,0
2026.02.10 00:12:00,93310.58,93320.54,93300.17,93300.89,180,78,0
2026.02.10 00:09:00,93318.60,93327.90,93309.14,93310.52,180,78,0
2026.02.10 00:06:00,93332.29,93338.89,93314.46,93318.54,180,78,0
2026.02.10 00:03:00,93342.43,93350.89,93330.01,93332.23,180,78,0
2026.02.10 00:00:00,93371.40,93377.58,93337.99,93342.37,180,78,0
2026.02.09 23:57:00,93421.63,93422.23,93366.24,93371.34,180,78,0
2026.02.09 23:54:00,93410.83,93421.57,93410.83,93421.57,180,78,0
2026.02.09 23:51:00,93400.03,93410.77,93400.03,93410.77,180,78,0
2026.02.09 23:48:00,93439.11,93445.05,93397.69,93399.97,180,78,0
2026.02.09 23:45:00,93428.31,93439.05,93428.31,93439.05,180,78,0
2026.02.09 23:42:00,93417.51,93428.25,93417.51,93428.25,180,78,0
2026.02.09 23:39:00,93406.71,93417.45,93406.71,93417.45,180,78,0
2026.02.09 23:36:00,93395.91,93406.65,93395.91,93406.65,180,78,0
2026.02.09 23:33:00,93402.55,93403.33,93385.95,93395.85,180,78,0
2026.02.09 23:30:00,93391.75,93402.49,93391.75,93402.49,180,78,0
2026.02.09 23:27:00,93380.95,93391.69,93380.95,93391.69,180,78,0
2026.02.09 23:24:00,93370.15,93380.89,93370.15,93380.89,180,78,0
2026.02.09 23:21:00,93377.84,93380.06,93361.63,93370.09,180,78,0
2026.02.09 23:18:00,93367.04,93377.78,93367.04,93377.78,180,78,0
2026.02.09 23:15:00,93356.24,93366.98,93356.24,93366.98,180,78,0
2026.02.09 23:12:00,93364.45,93365.59,93346.64,93356.18,180,78,0
2026.02.09 23:09:00,93353.65,93364.39,93353.65,93364.39,180,78,0
2026.02.09 23:06:00,93342.85,93353.59,93342.85,93353.59,180,78,0
2026.02.09 23:03:00,93332.05,93342.79,93332.05,93342.79,180,78,0
2026.02.09 23:00:00,93321.25,93331.99,93321.25,93331.99,180,78,0
2026.02.09 22:57:00,93310.45,93321.19,93310.45,93321.19,180,78,0
2026.02.09 22:54:00,93299.65,93310.39,93299.65,93310.39,180,78,0
2026.02.09 22:51:00,93288.85,93299.59,93288.85,93299.59,180,78,0
2026.02.09 22:48:00,93295.73,93301.97,93284.35,93288.79,180,78,0
2026.02.09 22:45:00,93307.42,93309.28,93286.85,93295.67,180,78,0
2026.02.09 22:42:00,93296.62,93307.36,93296.62,93307.36,180,78,0
2026.02.09 22:39:00,93285.82,93296.56,93285.82,93296.56,180,78,0
2026.02.09 22:36:00,93289.43,93295.97,93281.62,93285.76,180,78,0
2026.02.09 22:33:00,93297.00,93304.50,93286.19,93289.37,180,78,0
2026.02.09 22:30:00,93328.61,93331.67,93289.32,93296.94,180,78,0
2026.02.09 22:27:00,93317.81,93328.55,93317.81,93328.55,180,78,0
2026.02.09 22:24:00,93307.01,93317.75,93307.01,93317.75,180,78,0
2026.02.09 22:21:00,93296.21,93306.95,93296.21,93306.95,180,78,0
2026.02.09 22:18:00,93311.37,93312.15,93286.25,93296.15,180,78,0
2026.02.09 22:15:00,93300.57,93311.31,93300.57,93311.31,180,78,0
2026.02.09 22:12:00,93289.77,93300.51,93289.77,93300.51,180,78,0
2026.02.09 22:09:00,93278.97,93289.71,93278.97,93289.71,180,78,0
2026.02.09 22:06:00,93268.17,93278.91,93268.17,93278.91,180,78,0
2026.02.09 22:03:00,93257.37,93268.11,93257.37,93268.11,180,78,0
2026.02.09 22:00:00,93276.16,93284.32,93254.79,93257.31,180,78,0
2026.02.09 21:57:00,93305.21,93305.99,93266.20,93276.10,180,78,0
2026.02.09 21:54:00,93294.41,93305.15,93294.41,93305.15,180,78,0
2026.02.09 21:51:00,93283.61,93294.35,93283.61,93294.35,180,78,0
2026.02.09 21:48:00,93337.61,93338.45,93282.83,93283.55,180,78,0
2026.02.09 21:45:00,93346.38,93346.68,93327.17,93337.55,180,78,0
2026.02.09 21:42:00,93348.29,93356.45,93343.80,93346.32,180,78,0
2026.02.09 21:39:00,93337.49,93348.23,93337.49,93348.23,180,78,0
2026.02.09 21:36:00,93326.69,93337.43,93326.69,93337.43,180,78,0
2026.02.09 21:33:00,93358.94,93367.76,93325.79,93326.63,180,78,0
2026.02.09 21:30:00,93362.72,93373.16,93358.64,93358.88,180,78,0
2026.02.09 21:27:00,93368.98,93379.42,93362.42,93362.66,180,78,0
2026.02.09 21:24:00,93358.18,93368.92,93358.18,93368.92,180,78,0
2026.02.09 21:21:00,93368.33,93372.77,93351.88,93358.12,180,78,0
2026.02.09 21:18:00,93371.72,93376.52,93362.39,93368.27,180,78,0
2026.02.09 21:15:00,93360.92,93371.66,93360.92,93371.66,180,78,0
2026.02.09 21:12:00,93400.32,93401.76,93359.72,93360.86,180,78,0
2026.02.09 21:09:00,93389.52,93400.26,93389.52,93400.26,180,78,0
2026.02.09 21:06:00,93378.72,93389.46,93378.72,93389.46,180,78,0
2026.02.09 21:03:00,93398.92,93398.98,93368.04,93378.66,180,78,0
2026.02.09 21:00:00,93388.12,93398.86,93388.12,93398.86,180,78,0
2026.02.09 20:57:00,93408.51,93410.79,93379.66,93388.06,180,78,0
2026.02.09 20:54:00,93397.71,93408.45,93397.71,93408.45,180,78,0
2026.02.09 20:51:00,93418.91,93421.67,93390.63,93397.65,180,78,0
2026.02.09 20:48:00,93408.11,93418.85,93408.11,93418.85,180,78,0
2026.02.09 20:45:00,93397.31,93408.05,93397.31,93408.05,180,78,0
2026.02.09 20:42:00,93386.51,93397.25,93386.51,93397.25,180,78,0
2026.02.09 20:39:00,93375.71,93386.45,93375.71,93386.45,180,78,0
2026.02.09 20:36:00,93421.81,93425.59,93374.15,93375.65,180,78,0
2026.02.09 20:33:00,93438.17,93445.13,93418.03,93421.75,180,78,0
2026.02.09 20:30:00,93427.37,93438.11,93427.37,93438.11,180,78,0
2026.02.09 20:27:00,93416.57,93427.31,93416.57,93427.31,180,78,0
2026.02.09 20:24:00,93405.77,93416.51,93405.77,93416.51,180,78,0
2026.02.09 20:21:00,93394.97,93405.71,93394.97,93405.71,180,78,0
2026.02.09 20:18:00,93438.50,93440.36,93386.09,93394.91,180,78,0
2026.02.09 20:15:00,93427.70,93438.44,93427.70,93438.44,180,78,0
2026.02.09 20:12:00,93416.90,93427.64,93416.90,93427.64,180,78,0
2026.02.09 20:09:00,93433.94,93441.38,93413.60,93416.84,180,78,0
2026.02.09 20:06:00,93423.14,93433.88,93423.14,93433.88,180,78,0
2026.02.09 20:03:00,93412.34,93423.08,93412.34,93423.08,180,78,0
2026.02.09 20:00:00,93437.10,93440.76,93405.26,93412.28,180,78,0
2026.02.09 19:57:00,93426.30,93437.04,93426.30,93437.04,180,78,0
2026.02.09 19:54:00,93415.50,93426.24,93415.50,93426.24,180,78,0
2026.02.09 19:51:00,93404.70,93415.44,93404.70,93415.44,180,78,0
2026.02.09 19:48:00,93427.95,93435.69,93401.70,93404.64,180,78,0
2026.02.09 19:45:00,93417.15,93427.89,93417.15,93427.89,180,78,0
2026.02.09 19:42:00,93406.35,93417.09,93406.35,93417.09,180,78,0
2026.02.09 19:39:00,93395.55,93406.29,93395.55,93406.29,180,78,0
2026.02.09 19:36:00,93384.75,93395.49,93384.75,93395.49,180,78,0
2026.02.09 19:33:00,93373.95,93384.69,93373.95,93384.69,180,78,0
2026.02.09 19:30:00,93416.58,93421.14,93371.13,93373.89,180,78,0
2026.02.09 19:27:00,93405.78,93416.52,93405.78,93416.52,180,78,0
2026.02.09 19:24:00,93394.98,93405.72,93394.98,93405.72,180,78,0
2026.02.09 19:21:00,93384.18,93394.92,93384.18,93394.92,180,78,0
2026.02.09 19:18:00,93373.38,93384.12,93373.38,93384.12,180,78,0
2026.02.09 19:15:00,93362.58,93373.32,93362.58,93373.32,180,78,0
2026.02.09 19:12:00,93351.78,93362.52,93351.78,93362.52,180,78,0
2026.02.09 19:09:00,93340.98,93351.72,93340.98,93351.72,180,78,0
2026.02.09 19:06:00,93330.18,93340.92,93330.18,93340.92,180,78,0
2026.02.09 19:03:00,93319.38,93330.12,93319.38,93330.12,180,78,0
2026.02.09 19:00:00,93308.58,93319.32,93308.58,93319.32,180,78,0
2026.02.09 18:57:00,93297.78,93308.52,93297.78,93308.52,180,78,0
2026.02.09 18:54:00,93286.98,93297.72,93286.98,93297.72,180,78,0
2026.02.09 18:51:00,93276.18,93286.92,93276.18,93286.92,180,78,0
2026.02.09 18:48:00,93265.38,93276.12,93265.38,93276.12,180,78,0
2026.02.09 18:45:00,93254.58,93265.32,93254.58,93265.32,180,78,0
2026.02.09 18:42:00,93269.03,93279.41,93254.22,93254.52,180,78,0
2026.02.09 18:39:00,93258.23,93268.97,93258.23,93268.97,180,78,0
2026.02.09 18:36:00,93247.43,93258.17,93247.43,93258.17,180,78,0
2026.02.09 18:33:00,93249.10,93257.32,93244.91,93247.37,180,78,0
2026.02.09 18:30:00,93238.30,93249.04,93238.30,93249.04,180,78,0
2026.02.09 18:27:00,93256.94,93260.18,93230.80,93238.24,180,78,0
2026.02.09 18:24:00,93246.14,93256.88,93246.14,93256.88,180,78,0
2026.02.09 18:21:00,93235.34,93246.08,93235.34,93246.08,180,78,0
2026.02.09 18:18:00,93224.54,93235.28,93224.54,93235.28,180,78,0
2026.02.09 18:15:00,93254.16,93257.34,93222.68,93224.48,180,78,0
2026.02.09 18:12:00,93243.36,93254.10,93243.36,93254.10,180,78,0
2026.02.09 18:09:00,93232.56,93243.30,93232.56,93243.30,180,78,0
2026.02.09 18:06:00,93221.76,93232.50,93221.76,93232.50,180,78,0
2026.02.09 18:03:00,93210.96,93221.70,93210.96,93221.70,180,78,0
2026.02.09 18:00:00,93218.28,93225.06,93207.00,93210.90,180,78,0
2026.02.09 17:57:00,93207.48,93218.22,93207.48,93218.22,180,78,0
2026.02.09 17:54:00,93196.68,93207.42,93196.68,93207.42,180,78,0
2026.02.09 17:51:00,93205.96,93216.64,93196.62,93196.62,180,78,0
2026.02.09 17:48:00,93222.69,93222.75,93202.00,93205.90,180,78,0
2026.02.09 17:45:00,93211.89,93222.63,93211.89,93222.63,180,78,0
2026.02.09 17:42:00,93201.09,93211.83,93201.09,93211.83,180,78,0
2026.02.09 17:39:00,93190.29,93201.03,93190.29,93201.03,180,78,0
2026.02.09 17:36:00,93179.49,93190.23,93179.49,93190.23,180,78,0
2026.02.09 17:33:00,93168.69,93179.43,93168.69,93179.43,180,78,0
2026.02.09 17:30:00,93157.89,93168.63,93157.89,93168.63,180,78,0
2026.02.09 17:27:00,93147.09,93157.83,93147.09,93157.83,180,78,0
2026.02.09 17:24:00,93136.29,93147.03,93136.29,93147.03,180,78,0
2026.02.09 17:21:00,93143.69,93148.07,93129.93,93136.23,180,78,0
2026.02.09 17:18:00,93132.89,93143.63,93132.89,93143.63,180,78,0
2026.02.09 17:15:00,93160.84,93171.04,93132.35,93132.83,180,78,0
2026.02.09 17:12:00,93193.34,93196.10,93153.22,93160.78,180,78,0
2026.02.09 17:09:00,93182.54,93193.28,93182.54,93193.28,180,78,0
2026.02.09 17:06:00,93192.56,93193.70,93172.94,93182.48,180,78,0
2026.02.09 17:03:00,93181.76,93192.50,93181.76,93192.50,180,78,0
2026.02.09 17:00:00,93170.96,93181.70,93170.96,93181.70,180,78,0
2026.02.09 16:57:00,93201.29,93211.49,93170.42,93170.90,180,78,0
2026.02.09 16:54:00,93190.49,93201.23,93190.49,93201.23,180,78,0
2026.02.09 16:51:00,93179.69,93190.43,93179.69,93190.43,180,78,0
2026.02.09 16:48:00,93168.89,93179.63,93168.89,93179.63,180,78,0
2026.02.09 16:45:00,93158.09,93168.83,93158.09,93168.83,180,78,0
2026.02.09 16:42:00,93147.29,93158.03,93147.29,93158.03,180,78,0
2026.02.09 16:39:00,93136.49,93147.23,93136.49,93147.23,180,78,0
2026.02.09 16:36:00,93125.69,93136.43,93125.69,93136.43,180,78,0
2026.02.09 16:33:00,93114.89,93125.63,93114.89,93125.63,180,78,0
2026.02.09 16:30:00,93104.09,93114.83,93104.09,93114.83,180,78,0
2026.02.09 16:27:00,93093.29,93104.03,93093.29,93104.03,180,78,0
2026.02.09 16:24:00,93082.49,93093.23,93082.49,93093.23,180,78,0
2026.02.09 16:21:00,93071.69,93082.43,93071.69,93082.43,180,78,0
2026.02.09 16:18:00,93060.89,93071.63,93060.89,93071.63,180,78,0
2026.02.09 16:15:00,93050.09,93060.83,93050.09,93060.83,180,78,0
2026.02.09 16:12:00,93039.29,93050.03,93039.29,93050.03,180,78,0
2026.02.09 16:09:00,93043.64,93049.46,93034.37,93039.23,180,78,0
2026.02.09 16:06:00,93032.84,93043.58,93032.84,93043.58,180,78,0
2026.02.09 16:03:00,93041.86,93044.50,93024.74,93032.78,180,78,0
2026.02.09 16:00:00,93057.14,93064.10,93038.08,93041.80,180,78,0
2026.02.09 15:57:00,93046.34,93057.08,93046.34,93057.08,180,78,0
2026.02.09 15:54:00,93035.54,93046.28,93035.54,93046.28,180,78,0
2026.02.09 15:51:00,93024.74,93035.48,93024.74,93035.48,180,78,0
2026.02.09 15:48:00,93013.94,93024.68,93013.94,93024.68,180,78,0
2026.02.09 15:45:00,93003.14,93013.88,93003.14,93013.88,180,78,0
2026.02.09 15:42:00,92992.34,93003.08,92992.34,93003.08,180,78,0
2026.02.09 15:39:00,92995.76,92999.54,92985.38,92992.28,180,78,0
2026.02.09 15:36:00,92984.96,92995.70,92984.96,92995.70,180,78,0
2026.02.09 15:33:00,92974.16,92984.90,92974.16,92984.90,180,78,0
2026.02.09 15:30:00,92963.36,92974.10,92963.36,92974.10,180,78,0
2026.02.09 15:27:00,92952.56,92963.30,92952.56,92963.30,180,78,0
2026.02.09 15:24:00,92941.76,92952.50,92941.76,92952.50,180,78,0
2026.02.09 15:21:00,92930.96,92941.70,92930.96,92941.70,180,78,0
2026.02.09 15:18:00,92920.16,92930.90,92920.16,92930.90,180,78,0
2026.02.09 15:15:00,92931.42,92935.44,92913.44,92920.10,180,78,0
2026.02.09 15:12:00,92920.62,92931.36,92920.62,92931.36,180,78,0
2026.02.09 15:09:00,92909.82,92920.56,92909.82,92920.56,180,78,0
2026.02.09 15:06:00,92921.89,92922.13,92899.32,92909.76,180,78,0
2026.02.09 15:03:00,92911.09,92921.83,92911.09,92921.83,180,78,0
2026.02.09 15:00:00,92900.29,92911.03,92900.29,92911.03,180,78,0
2026.02.09 14:57:00,92889.49,92900.23,92889.49,92900.23,180,78,0
2026.02.09 14:54:00,92897.73,92899.53,92880.55,92889.43,180,78,0
2026.02.09 14:51:00,92905.36,92910.82,92892.45,92897.67,180,78,0
2026.02.09 14:48:00,92894.56,92905.30,92894.56,92905.30,180,78,0
2026.02.09 14:45:00,92883.76,92894.50,92883.76,92894.50,180,78,0
2026.02.09 14:42:00,92873.02,92883.70,92873.02,92883.70,179,78,0
2026.02.09 14:39:00,92862.22,92872.96,92862.22,92872.96,180,78,0
2026.02.09 14:36:00,92851.42,92862.16,92851.42,92862.16,180,78,0
2026.02.09 14:33:00,92840.62,92851.36,92840.62,92851.36,180,78,0
2026.02.09 14:30:00,92860.54,92861.38,92834.02,92840.56,180,78,0
2026.02.09 14:27:00,92849.74,92860.48,92849.74,92860.48,180,78,0
2026.02.09 14:24:00,92851.07,92853.59,92841.52,92849.68,180,78,0
2026.02.09 14:21:00,92840.27,92851.01,92840.27,92851.01,180,78,0
2026.02.09 14:18:00,92829.47,92840.21,92829.47,92840.21,180,78,0
2026.02.09 14:15:00,92838.09,92844.51,92825.15,92829.41,180,78,0
2026.02.09 14:12:00,92850.25,92860.93,92838.03,92838.03,180,78,0
2026.02.09 14:09:00,92867.45,92870.75,92842.81,92850.19,180,78,0
2026.02.09 14:06:00,92856.65,92867.39,92856.65,92867.39,180,78,0
2026.02.09 14:03:00,92845.85,92856.59,92845.85,92856.59,180,78,0
2026.02.09 14:00:00,92854.27,92859.49,92840.33,92845.79,180,78,0
2026.02.09 13:57:00,92843.47,92854.21,92843.47,92854.21,180,78,0
2026.02.09 13:54:00,92832.67,92843.41,92832.67,92843.41,180,78,0
2026.02.09 13:51:00,92821.87,92832.61,92821.87,92832.61,180,78,0
2026.02.09 13:48:00,92811.07,92821.81,92811.07,92821.81,180,78,0
2026.02.09 13:45:00,92838.89,92843.27,92807.35,92811.01,180,78,0
2026.02.09 13:42:00,92828.09,92838.83,92828.09,92838.83,180,78,0
2026.02.09 13:39:00,92832.03,92836.59,92821.91,92828.03,180,78,0
2026.02.09 13:36:00,92853.92,92853.98,92821.35,92831.97,180,78,0
2026.02.09 13:33:00,92904.55,92911.87,92851.28,92853.86,180,78,0
2026.02.09 13:30:00,92893.75,92904.49,92893.75,92904.49,180,78,0
2026.02.09 13:27:00,92916.91,92927.47,92893.57,92893.69,180,78,0
2026.02.09 13:24:00,92924.66,92928.08,92909.59,92916.85,180,78,0
2026.02.09 13:21:00,92939.78,92945.72,92919.86,92924.60,180,78,0
2026.02.09 13:18:00,92928.98,92939.72,92928.98,92939.72,180,78,0
2026.02.09 13:15:00,92918.18,92928.92,92918.18,92928.92,180,78,0
2026.02.09 13:12:00,92930.75,92936.21,92912.90,92918.12,180,78,0
2026.02.09 13:09:00,92954.70,92958.96,92929.37,92930.69,180,78,0
2026.02.09 13:06:00,92988.91,92991.43,92953.74,92954.64,180,78,0
2026.02.09 13:03:00,92978.11,92988.85,92978.11,92988.85,180,78,0
2026.02.09 13:00:00,93014.71,93019.57,92973.61,92978.05,180,78,0
2026.02.09 12:57:00,93024.25,93024.49,93004.21,93014.65,180,78,0
2026.02.09 12:54:00,93013.45,93024.19,93013.45,93024.19,180,78,0
2026.02.09 12:51:00,93002.65,93013.39,93002.65,93013.39,180,78,0
2026.02.09 12:48:00,92991.85,93002.59,92991.85,93002.59,180,78,0
2026.02.09 12:45:00,92981.05,92991.79,92981.05,92991.79,180,78,0
2026.02.09 12:42:00,92970.25,92980.99,92970.25,92980.99,180,78,0
2026.02.09 12:39:00,92959.45,92970.19,92959.45,92970.19,180,78,0
2026.02.09 12:36:00,92965.29,92970.03,92953.45,92959.39,180,78,0
2026.02.09 12:33:00,92954.49,92965.23,92954.49,92965.23,180,78,0
2026.02.09 12:30:00,92943.69,92954.43,92943.69,92954.43,180,78,0
2026.02.09 12:27:00,92932.89,92943.63,92932.89,92943.63,180,78,0
2026.02.09 12:24:00,92922.09,92932.83,92922.09,92932.83,180,78,0
2026.02.09 12:21:00,92911.35,92922.03,92911.35,92922.03,179,78,0
2026.02.09 12:18:00,92900.55,92911.29,92900.55,92911.29,180,78,0
2026.02.09 12:15:00,92889.75,92900.49,92889.75,92900.49,180,78,0
2026.02.09 12:12:00,92901.75,92904.09,92881.35,92889.69,180,78,0
2026.02.09 12:09:00,92890.95,92901.69,92890.95,92901.69,180,78,0
2026.02.09 12:06:00,92907.65,92909.57,92882.13,92890.89,180,78,0
2026.02.09 12:03:00,92914.81,92918.11,92900.21,92907.59,180,78,0
2026.02.09 12:00:00,92904.01,92914.75,92904.01,92914.75,180,78,0
2026.02.09 11:57:00,92893.21,92903.95,92893.21,92903.95,180,78,0
2026.02.09 11:54:00,92882.41,92893.15,92882.41,92893.15,180,78,0
2026.02.09 11:51:00,92871.61,92882.35,92871.61,92882.35,180,78,0
2026.02.09 11:48:00,92860.81,92871.55,92860.81,92871.55,180,78,0
2026.02.09 11:45:00,92869.43,92874.89,92855.53,92860.75,180,78,0
2026.02.09 11:42:00,92858.63,92869.37,92858.63,92869.37,180,78,0
2026.02.09 11:39:00,92867.24,92870.96,92851.61,92858.57,180,78,0
2026.02.09 11:36:00,92856.44,92867.18,92856.44,92867.18,180,78,0
2026.02.09 11:33:00,92845.64,92856.38,92845.64,92856.38,180,78,0
2026.02.09 11:30:00,92866.69,92875.21,92843.42,92845.58,180,78,0
2026.02.09 11:27:00,92855.89,92866.63,92855.89,92866.63,180,78,0
2026.02.09 11:24:00,92864.33,92872.01,92852.83,92855.83,180,78,0
2026.02.09 11:21:00,92853.53,92864.27,92853.53,92864.27,180,78,0
2026.02.09 11:18:00,92842.73,92853.47,92842.73,92853.47,180,78,0
2026.02.09 11:15:00,92831.93,92842.67,92831.93,92842.67,180,78,0
2026.02.09 11:12:00,92821.13,92831.87,92821.13,92831.87,180,78,0
2026.02.09 11:09:00,92810.33,92821.07,92810.33,92821.07,180,78,0
2026.02.09 11:06:00,92799.53,92810.27,92799.53,92810.27,180,78,0
2026.02.09 11:03:00,92788.73,92799.47,92788.73,92799.47,180,78,0
2026.02.09 11:00:00,92806.16,92809.04,92787.23,92788.67,180,78,0
2026.02.09 10:57:00,92795.36,92806.10,92795.36,92806.10,180,78,0
2026.02.09 10:54:00,92784.56,92795.30,92784.56,92795.30,180,78,0
2026.02.09 10:51:00,92773.76,92784.50,92773.76,92784.50,180,78,0
2026.02.09 10:48:00,92762.96,92773.70,92762.96,92773.70,180,78,0
2026.02.09 10:45:00,92752.16,92762.90,92752.16,92762.90,180,78,0
2026.02.09 10:42:00,92763.16,92767.72,92745.98,92752.10,180,78,0
2026.02.09 10:39:00,92752.36,92763.10,92752.36,92763.10,180,78,0
2026.02.09 10:36:00,92741.56,92752.30,92741.56,92752.30,180,78,0
2026.02.09 10:33:00,92730.76,92741.50,92730.76,92741.50,180,78,0
2026.02.09 10:30:00,92719.96,92730.70,92719.96,92730.70,180,78,0
2026.02.09 10:27:00,92730.75,92734.05,92712.52,92719.90,180,78,0
2026.02.09 10:24:00,92742.53,92752.25,92729.73,92730.69,180,78,0
2026.02.09 10:21:00,92756.47,92765.95,92741.27,92742.47,180,78,0
2026.02.09 10:18:00,92745.67,92756.41,92745.67,92756.41,180,78,0
2026.02.09 10:15:00,92734.87,92745.61,92734.87,92745.61,180,78,0
2026.02.09 10:12:00,92724.07,92734.81,92724.07,92734.81,180,78,0
2026.02.09 10:09:00,92713.27,92724.01,92713.27,92724.01,180,78,0
2026.02.09 10:06:00,92702.47,92713.21,92702.47,92713.21,180,78,0
2026.02.09 10:03:00,92714.26,92721.82,92699.29,92702.41,180,78,0
2026.02.09 10:00:00,92717.05,92727.01,92713.48,92714.20,180,78,0
2026.02.09 09:57:00,92706.25,92716.99,92706.25,92716.99,180,78,0
2026.02.09 09:54:00,92724.94,92733.94,92704.51,92706.19,180,78,0
2026.02.09 09:51:00,92714.14,92724.88,92714.14,92724.88,180,78,0
2026.02.09 09:48:00,92736.91,92737.57,92705.32,92714.08,180,78,0
2026.02.09 09:45:00,92726.11,92736.85,92726.11,92736.85,180,78,0
2026.02.09 09:42:00,92715.31,92726.05,92715.31,92726.05,180,78,0
2026.02.09 09:39:00,92737.34,92743.22,92710.45,92715.25,180,78,0
2026.02.09 09:36:00,92726.54,92737.28,92726.54,92737.28,180,78,0
2026.02.09 09:33:00,92733.13,92734.63,92717.30,92726.48,180,78,0
2026.02.09 09:30:00,92722.33,92733.07,92722.33,92733.07,180,78,0
2026.02.09 09:27:00,92711.53,92722.27,92711.53,92722.27,180,78,0
2026.02.09 09:24:00,92721.81,92730.69,92709.67,92711.47,180,78,0
2026.02.09 09:21:00,92726.62,92730.28,92714.73,92721.75,180,78,0
2026.02.09 09:18:00,92715.82,92726.56,92715.82,92726.56,180,78,0
2026.02.09 09:15:00,92734.23,92739.45,92710.30,92715.76,180,78,0
2026.02.09 09:12:00,92723.43,92734.17,92723.43,92734.17,180,78,0
2026.02.09 09:09:00,92755.05,92755.35,92712.99,92723.37,180,78,0
2026.02.09 09:06:00,92744.25,92754.99,92744.25,92754.99,180,78,0
2026.02.09 09:03:00,92733.45,92744.19,92733.45,92744.19,180,78,0
2026.02.09 09:00:00,92748.09,92749.23,92723.85,92733.39,180,78,0
2026.02.09 08:57:00,92737.29,92748.03,92737.29,92748.03,180,78,0
2026.02.09 08:54:00,92726.49,92737.23,92726.49,92737.23,180,78,0
2026.02.09 08:51:00,92715.69,92726.43,92715.69,92726.43,180,78,0
2026.02.09 08:48:00,92717.04,92725.08,92712.99,92715.63,180,78,0
2026.02.09 08:45:00,92741.82,92749.14,92713.62,92716.98,180,78,0
2026.02.09 08:42:00,92731.02,92741.76,92731.02,92741.76,180,78,0
2026.02.09 08:39:00,92720.22,92730.96,92720.22,92730.96,180,78,0
2026.02.09 08:36:00,92709.42,92720.16,92709.42,92720.16,180,78,0
2026.02.09 08:33:00,92698.62,92709.36,92698.62,92709.36,180,78,0
2026.02.09 08:30:00,92687.82,92698.56,92687.82,92698.56,180,78,0
2026.02.09 08:27:00,92677.02,92687.76,92677.02,92687.76,180,78,0
2026.02.09 08:24:00,92691.37,92695.45,92670.36,92676.96,180,78,0
2026.02.09 08:21:00,92709.14,92717.78,92689.27,92691.31,180,78,0
2026.02.09 08:18:00,92698.34,92709.08,92698.34,92709.08,180,78,0
2026.02.09 08:15:00,92717.18,92720.06,92690.48,92698.28,180,78,0
2026.02.09 08:12:00,92706.38,92717.12,92706.38,92717.12,180,78,0
2026.02.09 08:09:00,92695.58,92706.32,92695.58,92706.32,180,78,0
2026.02.09 08:06:00,92684.78,92695.52,92684.78,92695.52,180,78,0
2026.02.09 08:03:00,92673.98,92684.72,92673.98,92684.72,180,78,0
2026.02.09 08:00:00,92663.18,92673.92,92663.18,92673.92,180,78,0
2026.02.09 07:57:00,92674.45,92681.83,92659.82,92663.12,180,78,0
2026.02.09 07:54:00,92679.92,92684.84,92668.63,92674.39,180,78,0
2026.02.09 07:51:00,92681.23,92682.13,92670.08,92679.86,180,78,0
2026.02.09 07:48:00,92670.43,92681.17,92670.43,92681.17,180,78,0
2026.02.09 07:45:00,92741.83,92743.75,92670.37,92670.37,180,78,0
2026.02.09 07:42:00,92731.03,92741.77,92731.03,92741.77,180,78,0
2026.02.09 07:39:00,92720.23,92730.97,92720.23,92730.97,180,78,0
2026.02.09 07:36:00,92709.43,92720.17,92709.43,92720.17,180,78,0
2026.02.09 07:33:00,92698.63,92709.37,92698.63,92709.37,180,78,0
2026.02.09 07:30:00,92687.83,92698.57,92687.83,92698.57,180,78,0
2026.02.09 07:27:00,92677.03,92687.77,92677.03,92687.77,180,78,0
2026.02.09 07:24:00,92666.23,92676.97,92666.23,92676.97,180,78,0
2026.02.09 07:21:00,92655.43,92666.17,92655.43,92666.17,180,78,0
2026.02.09 07:18:00,92690.00,92699.06,92654.47,92655.37,180,78,0
2026.02.09 07:15:00,92679.20,92689.94,92679.20,92689.94,180,78,0
2026.02.09 07:12:00,92668.40,92679.14,92668.40,92679.14,180,78,0
2026.02.09 07:09:00,92673.52,92678.86,92663.00,92668.34,180,78,0
2026.02.09 07:06:00,92662.72,92673.46,92662.72,92673.46,180,78,0
2026.02.09 07:03:00,92694.45,92699.73,92657.26,92662.66,180,78,0
2026.02.09 07:00:00,92705.59,92715.01,92693.13,92694.39,180,78,0
2026.02.09 06:57:00,92744.54,92745.50,92696.59,92705.53,180,78,0
2026.02.09 06:54:00,92757.52,92759.92,92736.20,92744.48,180,78,0
2026.02.09 06:51:00,92771.89,92778.79,92753.68,92757.46,180,78,0
2026.02.09 06:48:00,92781.69,92792.31,92771.77,92771.83,180,78,0
2026.02.09 06:45:00,92808.95,92809.37,92771.37,92781.63,180,78,0
2026.02.09 06:42:00,92798.15,92808.89,92798.15,92808.89,180,78,0
2026.02.09 06:39:00,92814.43,92821.63,92794.61,92798.09,180,78,0
2026.02.09 06:36:00,92803.63,92814.37,92803.63,92814.37,180,78,0
2026.02.09 06:33:00,92810.89,92812.09,92794.09,92803.57,180,78,0
2026.02.09 06:30:00,92841.24,92846.22,92805.13,92810.83,180,78,0
2026.02.09 06:27:00,92830.44,92841.18,92830.44,92841.18,180,78,0
2026.02.09 06:24:00,92842.41,92845.29,92822.58,92830.38,180,78,0
2026.02.09 06:21:00,92857.06,92864.92,92839.53,92842.35,180,78,0
2026.02.09 06:18:00,92875.60,92885.68,92856.40,92857.00,180,78,0
2026.02.09 06:15:00,92864.80,92875.54,92864.80,92875.54,180,78,0
2026.02.09 06:12:00,92871.96,92880.54,92862.64,92864.74,180,78,0
2026.02.09 06:09:00,92879.83,92883.79,92865.18,92871.90,180,78,0
2026.02.09 06:06:00,92869.03,92879.77,92869.03,92879.77,180,78,0
2026.02.09 06:03:00,92873.67,92877.09,92861.71,92868.97,180,78,0
2026.02.09 06:00:00,92887.42,92888.20,92863.71,92873.61,180,78,0
2026.02.09 05:57:00,92876.62,92887.36,92876.62,92887.36,180,78,0
2026.02.09 05:54:00,92865.82,92876.56,92865.82,92876.56,180,78,0
2026.02.09 05:51:00,92855.02,92865.76,92855.02,92865.76,180,78,0
2026.02.09 05:48:00,92867.26,92869.00,92846.02,92854.96,180,78,0
2026.02.09 05:45:00,92890.64,92895.32,92861.20,92867.20,180,78,0
2026.02.09 05:42:00,92879.84,92890.58,92879.84,92890.58,180,78,0
2026.02.09 05:39:00,92869.04,92879.78,92869.04,92879.78,180,78,0
2026.02.09 05:36:00,92879.87,92886.05,92864.48,92868.98,180,78,0
2026.02.09 05:33:00,92891.11,92895.85,92873.87,92879.81,180,78,0
2026.02.09 05:30:00,92880.31,92891.05,92880.31,92891.05,180,78,0
2026.02.09 05:27:00,92869.51,92880.25,92869.51,92880.25,180,78,0
2026.02.09 05:24:00,92908.32,92909.76,92861.95,92869.45,180,78,0
2026.02.09 05:21:00,92897.52,92908.26,92897.52,92908.26,180,78,0
2026.02.09 05:18:00,92886.72,92897.46,92886.72,92897.46,180,78,0
2026.02.09 05:15:00,92890.89,92900.43,92885.52,92886.66,180,78,0
2026.02.09 05:12:00,92914.76,92922.68,92888.07,92890.83,180,78,0
2026.02.09 05:09:00,92903.96,92914.70,92903.96,92914.70,180,78,0
2026.02.09 05:06:00,92920.33,92925.01,92897.90,92903.90,180,78,0
2026.02.09 05:03:00,92909.53,92920.27,92909.53,92920.27,180,78,0
2026.02.09 05:00:00,92930.91,92939.07,92906.95,92909.47,180,78,0
2026.02.09 04:57:00,92920.11,92930.85,92920.11,92930.85,180,78,0
2026.02.09 04:54:00,92930.30,92931.44,92910.51,92920.05,180,78,0
2026.02.09 04:51:00,92939.38,92945.32,92925.50,92930.24,180,78,0
2026.02.09 04:48:00,92946.34,92955.28,92937.58,92939.32,180,78,0
2026.02.09 04:45:00,92935.54,92946.28,92935.54,92946.28,180,78,0
2026.02.09 04:42:00,92924.74,92935.48,92924.74,92935.48,180,78,0
2026.02.09 04:39:00,92913.94,92924.68,92913.94,92924.68,180,78,0
2026.02.09 04:36:00,92903.14,92913.88,92903.14,92913.88,180,78,0
2026.02.09 04:33:00,92918.02,92918.74,92893.12,92903.08,180,78,0
2026.02.09 04:30:00,92907.22,92917.96,92907.22,92917.96,180,78,0
2026.02.09 04:27:00,92896.42,92907.16,92896.42,92907.16,180,78,0
2026.02.09 04:24:00,92885.62,92896.36,92885.62,92896.36,180,78,0
2026.02.09 04:21:00,92874.82,92885.56,92874.82,92885.56,180,78,0
2026.02.09 04:18:00,92864.02,92874.76,92864.02,92874.76,180,78,0
2026.02.09 04:15:00,92853.22,92863.96,92853.22,92863.96,180,78,0
2026.02.09 04:12:00,92842.42,92853.16,92842.42,92853.16,180,78,0
2026.02.09 04:09:00,92831.62,92842.36,92831.62,92842.36,180,78,0
2026.02.09 04:06:00,92820.82,92831.56,92820.82,92831.56,180,78,0
2026.02.09 04:03:00,92810.02,92820.76,92810.02,92820.76,180,78,0
2026.02.09 04:00:00,92799.22,92809.96,92799.22,92809.96,180,78,0
2026.02.09 03:57:00,92870.03,92874.77,92798.26,92799.16,180,78,0
2026.02.09 03:54:00,92859.23,92869.97,92859.23,92869.97,180,78,0
2026.02.09 03:51:00,92848.43,92859.17,92848.43,92859.17,180,78,0
2026.02.09 03:48:00,92837.63,92848.37,92837.63,92848.37,180,78,0
2026.02.09 03:45:00,92826.83,92837.57,92826.83,92837.57,180,78,0
2026.02.09 03:42:00,92816.03,92826.77,92816.03,92826.77,180,78,0
2026.02.09 03:39:00,92836.50,92843.94,92812.73,92815.97,180,78,0
2026.02.09 03:36:00,92825.70,92836.44,92825.70,92836.44,180,78,0
2026.02.09 03:33:00,92814.90,92825.64,92814.90,92825.64,180,78,0
2026.02.09 03:30:00,92823.14,92825.48,92806.50,92814.84,180,78,0
2026.02.09 03:27:00,92812.34,92823.08,92812.34,92823.08,180,78,0
2026.02.09 03:24:00,92836.31,92844.89,92810.18,92812.28,180,78,0
2026.02.09 03:21:00,92825.51,92836.25,92825.51,92836.25,180,78,0
2026.02.09 03:18:00,92814.71,92825.45,92814.71,92825.45,180,78,0
2026.02.09 03:15:00,92837.66,92844.92,92811.23,92814.65,180,78,0
2026.02.09 03:12:00,92826.86,92837.60,92826.86,92837.60,180,78,0
2026.02.09 03:09:00,92816.06,92826.80,92816.06,92826.80,180,78,0
2026.02.09 03:06:00,92826.09,92827.17,92806.40,92816.00,180,78,0
2026.02.09 03:03:00,92815.29,92826.03,92815.29,92826.03,180,78,0
2026.02.09 03:00:00,92804.49,92815.23,92804.49,92815.23,180,78,0
2026.02.09 02:57:00,92793.69,92804.43,92793.69,92804.43,180,78,0
2026.02.09 02:54:00,92782.89,92793.63,92782.89,92793.63,180,78,0
2026.02.09 02:51:00,92772.09,92782.83,92772.09,92782.83,180,78,0
2026.02.09 02:48:00,92785.02,92789.46,92765.79,92772.03,180,78,0
2026.02.09 02:45:00,92774.22,92784.96,92774.22,92784.96,180,78,0
2026.02.09 02:42:00,92763.42,92774.16,92763.42,92774.16,180,78,0
2026.02.09 02:39:00,92752.62,92763.36,92752.62,92763.36,180,78,0
2026.02.09 02:36:00,92741.82,92752.56,92741.82,92752.56,180,78,0
2026.02.09 02:33:00,92731.02,92741.76,92731.02,92741.76,180,78,0
2026.02.09 02:30:00,92740.25,92750.57,92730.60,92730.96,180,78,0
2026.02.09 02:27:00,92741.72,92745.20,92732.99,92740.19,180,78,0
2026.02.09 02:24:00,92776.14,92780.16,92735.00,92741.66,180,78,0
2026.02.09 02:21:00,92765.34,92776.08,92765.34,92776.08,180,78,0
2026.02.09 02:18:00,92754.54,92765.28,92754.54,92765.28,180,78,0
2026.02.09 02:15:00,92743.74,92754.48,92743.74,92754.48,180,78,0
2026.02.09 02:12:00,92732.94,92743.68,92732.94,92743.68,180,78,0
2026.02.09 02:09:00,92782.15,92786.77,92727.24,92732.88,180,78,0
2026.02.09 02:06:00,92794.12,92799.82,92777.11,92782.09,180,78,0
2026.02.09 02:03:00,92783.32,92794.06,92783.32,92794.06,180,78,0
2026.02.09 02:00:00,92772.52,92783.26,92772.52,92783.26,180,78,0
2026.02.09 01:57:00,92788.67,92789.75,92762.86,92772.46,180,78,0
2026.02.09 01:54:00,92777.87,92788.61,92777.87,92788.61,180,78,0
2026.02.09 01:51:00,92767.07,92777.81,92767.07,92777.81,180,78,0
2026.02.09 01:48:00,92756.27,92767.01,92756.27,92767.01,180,78,0
2026.02.09 01:45:00,92759.39,92762.45,92748.59,92756.21,180,78,0
2026.02.09 01:42:00,92748.59,92759.33,92748.59,92759.33,180,78,0
2026.02.09 01:39:00,92737.79,92748.53,92737.79,92748.53,180,78,0
2026.02.09 01:36:00,92726.99,92737.73,92726.99,92737.73,180,78,0
2026.02.09 01:33:00,92716.19,92726.93,92716.19,92726.93,180,78,0
2026.02.09 01:30:00,92735.42,92738.66,92711.51,92716.13,180,78,0
2026.02.09 01:27:00,92724.62,92735.36,92724.62,92735.36,180,78,0
2026.02.09 01:24:00,92713.82,92724.56,92713.82,92724.56,180,78,0
2026.02.09 01:21:00,92703.02,92713.76,92703.02,92713.76,180,78,0
2026.02.09 01:18:00,92718.97,92722.45,92695.76,92702.96,180,78,0
2026.02.09 01:15:00,92708.17,92718.91,92708.17,92718.91,180,78,0
2026.02.09 01:12:00,92697.37,92708.11,92697.37,92708.11,180,78,0
2026.02.09 01:09:00,92686.57,92697.31,92686.57,92697.31,180,78,0
2026.02.09 01:06:00,92675.77,92686.51,92675.77,92686.51,180,78,0
2026.02.09 01:03:00,92664.97,92675.71,92664.97,92675.71,180,78,0
2026.02.09 01:00:00,92703.37,92704.81,92659.39,92664.91,180,78,0
2026.02.09 00:57:00,92744.31,92749.47,92700.49,92703.31,180,78,0
2026.02.09 00:54:00,92768.00,92768.60,92734.17,92744.25,180,78,0
2026.02.09 00:51:00,92757.20,92767.94,92757.20,92767.94,180,78,0
2026.02.09 00:48:00,92761.36,92767.48,92752.58,92757.14,180,78,0
2026.02.09 00:45:00,92750.56,92761.30,92750.56,92761.30,180,78,0
2026.02.09 00:42:00,92739.76,92750.50,92739.76,92750.50,180,78,0
2026.02.09 00:39:00,92728.96,92739.70,92728.96,92739.70,180,78,0
2026.02.09 00:36:00,92718.16,92728.90,92718.16,92728.90,180,78,0
2026.02.09 00:33:00,92707.36,92718.10,92707.36,92718.10,180,78,0
2026.02.09 00:30:00,92727.32,92734.22,92703.52,92707.30,180,78,0
2026.02.09 00:27:00,92736.45,92737.35,92717.48,92727.26,180,78,0
2026.02.09 00:24:00,92725.65,92736.39,92725.65,92736.39,180,78,0
2026.02.09 00:21:00,92758.97,92762.81,92718.75,92725.59,180,78,0
2026.02.09 00:18:00,92748.17,92758.91,92748.17,92758.91,180,78,0
2026.02.09 00:15:00,92737.37,92748.11,92737.37,92748.11,180,78,0
2026.02.09 00:12:00,92726.57,92737.31,92726.57,92737.31,180,78,0
2026.02.09 00:09:00,92715.77,92726.51,92715.77,92726.51,180,78,0
2026.02.09 00:06:00,92728.77,92733.87,92710.13,92715.71,180,78,0
2026.02.09 00:03:00,92748.09,92755.05,92724.99,92728.71,180,78,0
2026.02.09 00:00:00,92737.29,92748.03,92737.29,92748.03,180,78,0
2026.02.08 23:57:00,92726.49,92737.23,92726.49,92737.23,180,78,0
2026.02.08 23:54:00,92746.63,92751.79,92720.91,92726.43,180,78,0
2026.02.08 23:51:00,92769.30,92772.54,92739.13,92746.57,180,78,0
2026.02.08 23:48:00,92774.22,92784.60,92768.94,92769.24,180,78,0
2026.02.08 23:45:00,92763.42,92774.16,92763.42,92774.16,180,78,0
2026.02.08 23:42:00,92752.62,92763.36,92752.62,92763.36,180,78,0
2026.02.08 23:39:00,92741.82,92752.56,92741.82,92752.56,180,78,0
2026.02.08 23:36:00,92731.02,92741.76,92731.02,92741.76,180,78,0
2026.02.08 23:33:00,92720.22,92730.96,92720.22,92730.96,180,78,0
2026.02.08 23:30:00,92709.42,92720.16,92709.42,92720.16,180,78,0
2026.02.08 23:27:00,92719.19,92723.27,92702.76,92709.36,180,78,0
2026.02.08 23:24:00,92720.53,92727.13,92715.05,92719.13,180,78,0
2026.02.08 23:21:00,92709.73,92720.47,92709.73,92720.47,180,78,0
2026.02.08 23:18:00,92738.53,92739.85,92703.61,92709.67,180,78,0
2026.02.08 23:15:00,92765.55,92771.01,92736.97,92738.47,180,78,0
2026.02.08 23:12:00,92754.75,92765.49,92754.75,92765.49,180,78,0
2026.02.08 23:09:00,92743.95,92754.69,92743.95,92754.69,180,78,0
2026.02.08 23:06:00,92761.40,92766.86,92738.67,92743.89,180,78,0
2026.02.08 23:03:00,92750.60,92761.34,92750.60,92761.34,180,78,0
2026.02.08 23:00:00,92787.84,92788.20,92750.42,92750.54,180,78,0
2026.02.08 22:57:00,92777.04,92787.78,92777.04,92787.78,180,78,0
2026.02.08 22:54:00,92800.57,92805.97,92773.92,92776.98,180,78,0
2026.02.08 22:51:00,92789.77,92800.51,92789.77,92800.51,180,78,0
2026.02.08 22:48:00,92778.97,92789.71,92778.97,92789.71,180,78,0
2026.02.08 22:45:00,92768.17,92778.91,92768.17,92778.91,180,78,0
2026.02.08 22:42:00,92757.37,92768.11,92757.37,92768.11,180,78,0
2026.02.08 22:39:00,92764.75,92774.29,92756.17,92757.31,180,78,0
2026.02.08 22:36:00,92753.95,92764.69,92753.95,92764.69,180,78,0
2026.02.08 22:33:00,92773.19,92779.97,92749.99,92753.89,180,78,0
2026.02.08 22:30:00,92762.39,92773.13,92762.39,92773.13,180,78,0
2026.02.08 22:27:00,92751.59,92762.33,92751.59,92762.33,180,78,0
2026.02.08 22:24:00,92782.05,92786.31,92747.03,92751.53,180,78,0
2026.02.08 22:21:00,92771.25,92781.99,92771.25,92781.99,180,78,0
2026.02.08 22:18:00,92760.45,92771.19,92760.45,92771.19,180,78,0
2026.02.08 22:15:00,92749.65,92760.39,92749.65,92760.39,180,78,0
2026.02.08 22:12:00,92772.47,92776.49,92742.93,92749.59,180,78,0
2026.02.08 22:09:00,92761.67,92772.41,92761.67,92772.41,180,78,0
2026.02.08 22:06:00,92750.87,92761.61,92750.87,92761.61,180,78,0
2026.02.08 22:03:00,92740.07,92750.81,92740.07,92750.81,180,78,0
2026.02.08 22:00:00,92729.27,92740.01,92729.27,92740.01,180,78,0
2026.02.08 21:57:00,92718.47,92729.21,92718.47,92729.21,180,78,0
2026.02.08 21:54:00,92729.97,92740.65,92718.41,92718.41,180,78,0
2026.02.08 21:51:00,92719.17,92729.91,92719.17,92729.91,180,78,0
2026.02.08 21:48:00,92708.37,92719.11,92708.37,92719.11,180,78,0
2026.02.08 21:45:00,92710.08,92710.20,92697.75,92708.31,180,78,0
2026.02.08 21:42:00,92754.32,92762.78,92709.42,92710.02,180,78,0
2026.02.08 21:39:00,92763.78,92773.80,92753.60,92754.26,180,78,0
2026.02.08 21:36:00,92784.57,92790.99,92759.46,92763.72,180,78,0
2026.02.08 21:33:00,92773.77,92784.51,92773.77,92784.51,180,78,0
2026.02.08 21:30:00,92762.97,92773.71,92762.97,92773.71,180,78,0
2026.02.08 21:27:00,92770.92,92772.60,92753.91,92762.91,180,78,0
2026.02.08 21:24:00,92760.12,92770.86,92760.12,92770.86,180,78,0
2026.02.08 21:21:00,92749.32,92760.06,92749.32,92760.06,180,78,0
2026.02.08 21:18:00,92813.31,92815.89,92743.92,92749.26,180,78,0
2026.02.08 21:15:00,92802.51,92813.25,92802.51,92813.25,180,78,0
2026.02.08 21:12:00,92791.71,92802.45,92791.71,92802.45,180,78,0
2026.02.08 21:09:00,92800.49,92801.09,92781.57,92791.65,180,78,0
2026.02.08 21:06:00,92789.69,92800.43,92789.69,92800.43,180,78,0
2026.02.08 21:03:00,92843.64,92845.62,92787.05,92789.63,180,78,0
2026.02.08 21:00:00,92860.32,92870.28,92842.86,92843.58,180,78,0
2026.02.08 20:57:00,92849.52,92860.26,92849.52,92860.26,180,78,0
2026.02.08 20:54:00,92871.32,92872.16,92842.68,92849.46,180,78,0
2026.02.08 20:51:00,92908.21,92909.89,92868.32,92871.26,180,78,0
2026.02.08 20:48:00,92918.90,92919.92,92898.49,92908.15,180,78,0
2026.02.08 20:45:00,92908.10,92918.84,92908.10,92918.84,180,78,0
2026.02.08 20:42:00,92897.30,92908.04,92897.30,92908.04,180,78,0
2026.02.08 20:39:00,92886.50,92897.24,92886.50,92897.24,180,78,0
2026.02.08 20:36:00,92891.35,92892.01,92876.42,92886.44,180,78,0
2026.02.08 20:33:00,92898.46,92904.34,92886.49,92891.29,180,78,0
2026.02.08 20:30:00,92929.38,92933.82,92892.16,92898.40,180,78,0
2026.02.08 20:27:00,92918.58,92929.32,92918.58,92929.32,180,78,0
2026.02.08 20:24:00,92907.78,92918.52,92907.78,92918.52,180,78,0
2026.02.08 20:21:00,92959.03,92961.37,92902.08,92907.72,180,78,0
2026.02.08 20:18:00,92948.23,92958.97,92948.23,92958.97,180,78,0
2026.02.08 20:15:00,92937.43,92948.17,92937.43,92948.17,180,78,0
2026.02.08 20:12:00,92926.63,92937.37,92926.63,92937.37,180,78,0
2026.02.08 20:09:00,92945.72,92949.14,92919.31,92926.57,180,78,0
2026.02.08 20:06:00,92959.64,92964.44,92939.78,92945.66,180,78,0
2026.02.08 20:03:00,92948.84,92959.58,92948.84,92959.58,180,78,0
2026.02.08 20:00:00,92938.04,92948.78,92938.04,92948.78,180,78,0
2026.02.08 19:57:00,92986.35,92990.73,92934.68,92937.98,180,78,0
2026.02.08 19:54:00,92975.55,92986.29,92975.55,92986.29,180,78,0
2026.02.08 19:51:00,92964.75,92975.49,92964.75,92975.49,180,78,0
2026.02.08 19:48:00,92953.95,92964.69,92953.95,92964.69,180,78,0
2026.02.08 19:45:00,92961.16,92969.56,92951.61,92953.89,180,78,0
2026.02.08 19:42:00,92950.36,92961.10,92950.36,92961.10,180,78,0
2026.02.08 19:39:00,92939.56,92950.30,92939.56,92950.30,180,78,0
2026.02.08 19:36:00,92928.76,92939.50,92928.76,92939.50,180,78,0
2026.02.08 19:33:00,92917.96,92928.70,92917.96,92928.70,180,78,0
2026.02.08 19:30:00,92907.16,92917.90,92907.16,92917.90,180,78,0
2026.02.08 19:27:00,92896.36,92907.10,92896.36,92907.10,180,78,0
2026.02.08 19:24:00,92924.14,92929.00,92894.08,92896.30,180,78,0
2026.02.08 19:21:00,92913.34,92924.08,92913.34,92924.08,180,78,0
2026.02.08 19:18:00,92902.54,92913.28,92902.54,92913.28,180,78,0
2026.02.08 19:15:00,92910.76,92920.54,92901.58,92902.48,180,78,0
2026.02.08 19:12:00,92899.96,92910.70,92899.96,92910.70,180,78,0
2026.02.08 19:09:00,92911.12,92920.96,92899.06,92899.90,180,78,0
2026.02.08 19:06:00,92942.28,92947.56,92909.50,92911.06,180,78,0
2026.02.08 19:03:00,92931.48,92942.22,92931.48,92942.22,180,78,0
2026.02.08 19:00:00,92920.68,92931.42,92920.68,92931.42,180,78,0
2026.02.08 18:57:00,92930.51,92940.41,92919.84,92920.62,180,78,0
2026.02.08 18:54:00,92919.71,92930.45,92919.71,92930.45,169,78,0
2026.02.08 18:51:00,92921.15,92930.03,92917.85,92919.65,180,78,0
2026.02.08 18:48:00,92910.35,92921.09,92910.35,92921.09,180,78,0
2026.02.08 18:45:00,92917.74,92924.76,92906.63,92910.29,180,78,0
2026.02.08 18:42:00,92906.94,92917.68,92906.94,92917.68,180,78,0
2026.02.08 18:39:00,92896.14,92906.88,92896.14,92906.88,180,78,0
2026.02.08 18:36:00,92885.34,92896.08,92885.34,92896.08,180,78,0
2026.02.08 18:33:00,92888.76,92890.20,92876.04,92885.28,180,78,0
2026.02.08 18:30:00,92877.96,92888.70,92877.96,92888.70,180,78,0
2026.02.08 18:27:00,92867.16,92877.90,92867.16,92877.90,180,78,0
2026.02.08 18:24:00,92856.36,92867.10,92856.36,92867.10,180,78,0
2026.02.08 18:21:00,92865.59,92873.69,92853.72,92856.30,180,78,0
2026.02.08 18:18:00,92878.62,92878.80,92855.03,92865.53,180,78,0
2026.02.08 18:15:00,92867.82,92878.56,92867.82,92878.56,180,78,0
2026.02.08 18:12:00,92857.02,92867.76,92857.02,92867.76,180,78,0
2026.02.08 18:09:00,92907.66,92909.22,92853.24,92856.96,180,78,0
2026.02.08 18:06:00,92935.46,92944.46,92907.06,92907.60,180,78,0
2026.02.08 18:03:00,92924.66,92935.40,92924.66,92935.40,180,78,0
2026.02.08 18:00:00,92941.36,92946.76,92919.32,92924.60,180,78,0
2026.02.08 17:57:00,92930.56,92941.30,92930.56,92941.30,180,78,0
2026.02.08 17:54:00,92919.76,92930.50,92919.76,92930.50,180,78,0
2026.02.08 17:51:00,92943.72,92947.44,92912.74,92919.70,180,78,0
2026.02.08 17:48:00,92959.34,92964.50,92938.14,92943.66,180,78,0
2026.02.08 17:45:00,92948.54,92959.28,92948.54,92959.28,180,78,0
2026.02.08 17:42:00,92991.27,92995.35,92943.02,92948.48,180,78,0
2026.02.08 17:39:00,92980.47,92991.21,92980.47,92991.21,180,78,0
2026.02.08 17:36:00,92969.67,92980.41,92969.67,92980.41,180,78,0
2026.02.08 17:33:00,92958.87,92969.61,92958.87,92969.61,180,78,0
2026.02.08 17:30:00,92967.72,92973.78,92954.19,92958.81,180,78,0
2026.02.08 17:27:00,92956.92,92967.66,92956.92,92967.66,180,78,0
2026.02.08 17:24:00,92946.12,92956.86,92946.12,92956.86,180,78,0
2026.02.08 17:21:00,92958.75,92959.29,92935.92,92946.06,180,78,0
2026.02.08 17:18:00,92985.12,92991.54,92956.83,92958.69,180,78,0
2026.02.08 17:15:00,92974.32,92985.06,92974.32,92985.06,180,78,0
2026.02.08 17:12:00,92987.80,92991.46,92967.24,92974.26,180,78,0
2026.02.08 17:09:00,93012.65,93023.03,92987.44,92987.74,180,78,0
2026.02.08 17:06:00,93001.85,93012.59,93001.85,93012.59,180,78,0
2026.02.08 17:03:00,92991.05,93001.79,92991.05,93001.79,180,78,0
2026.02.08 17:00:00,92980.25,92990.99,92980.25,92990.99,180,78,0
2026.02.08 16:57:00,92969.45,92980.19,92969.45,92980.19,180,78,0
2026.02.08 16:54:00,92958.65,92969.39,92958.65,92969.39,180,78,0
2026.02.08 16:51:00,92961.78,92967.06,92953.19,92958.59,180,78,0
2026.02.08 16:48:00,92950.98,92961.72,92950.98,92961.72,180,78,0
2026.02.08 16:45:00,92940.18,92950.92,92940.18,92950.92,180,78,0
2026.02.08 16:42:00,92929.38,92940.12,92929.38,92940.12,180,78,0
2026.02.08 16:39:00,92918.58,92929.32,92918.58,92929.32,180,78,0
2026.02.08 16:36:00,92907.78,92918.52,92907.78,92918.52,180,78,0
2026.02.08 16:33:00,92896.98,92907.72,92896.98,92907.72,180,78,0
2026.02.08 16:30:00,92886.18,92896.92,92886.18,92896.92,180,78,0
2026.02.08 16:27:00,92902.54,92905.66,92878.56,92886.12,180,78,0
2026.02.08 16:24:00,92891.74,92902.48,92891.74,92902.48,180,78,0
2026.02.08 16:21:00,92880.94,92891.68,92880.94,92891.68,180,78,0
2026.02.08 16:18:00,92902.55,92909.27,92878.84,92880.88,180,78,0
2026.02.08 16:15:00,92957.11,92959.09,92895.23,92902.49,180,78,0
2026.02.08 16:12:00,92946.31,92957.05,92946.31,92957.05,180,78,0
2026.02.08 16:09:00,92935.51,92946.25,92935.51,92946.25,180,78,0
2026.02.08 16:06:00,92924.71,92935.45,92924.71,92935.45,180,78,0
2026.02.08 16:03:00,92913.91,92924.65,92913.91,92924.65,180,78,0
2026.02.08 16:00:00,92903.11,92913.85,92903.11,92913.85,180,78,0
2026.02.08 15:57:00,92892.31,92903.05,92892.31,92903.05,180,78,0
2026.02.08 15:54:00,92898.43,92902.27,92885.41,92892.25,180,78,0
2026.02.08 15:51:00,92918.09,92926.19,92895.79,92898.37,180,78,0
2026.02.08 15:48:00,92960.53,92965.51,92917.85,92918.03,180,78,0
2026.02.08 15:45:00,92949.73,92960.47,92949.73,92960.47,180,78,0
2026.02.08 15:42:00,92966.16,92971.26,92944.09,92949.67,180,78,0
2026.02.08 15:39:00,92975.26,92978.56,92958.72,92966.10,180,78,0
2026.02.08 15:36:00,92997.10,93005.08,92972.50,92975.20,180,78,0
2026.02.08 15:33:00,92986.30,92997.04,92986.30,92997.04,180,78,0
2026.02.08 15:30:00,92988.02,92991.86,92979.40,92986.24,180,78,0
2026.02.08 15:27:00,92998.19,93008.03,92987.12,92987.96,180,78,0
2026.02.08 15:24:00,92987.39,92998.13,92987.39,92998.13,180,78,0
2026.02.08 15:21:00,92996.22,92999.94,92980.37,92987.33,180,78,0
2026.02.08 15:18:00,92985.42,92996.16,92985.42,92996.16,180,78,0
2026.02.08 15:15:00,92974.62,92985.36,92974.62,92985.36,180,78,0
2026.02.08 15:12:00,92986.17,92995.23,92972.94,92974.56,180,78,0
2026.02.08 15:09:00,92975.37,92986.11,92975.37,92986.11,180,78,0
2026.02.08 15:06:00,92976.76,92985.58,92973.45,92975.31,180,78,0
2026.02.08 15:03:00,92965.96,92976.70,92965.96,92976.70,180,78,0
2026.02.08 15:00:00,92968.05,92974.47,92961.64,92965.90,180,78,0
2026.02.08 14:57:00,92985.98,92992.22,92963.55,92967.99,180,78,0
2026.02.08 14:54:00,93013.51,93014.65,92976.38,92985.92,180,78,0
2026.02.08 14:51:00,93002.71,93013.45,93002.71,93013.45,180,78,0
2026.02.08 14:48:00,93014.58,93022.14,92999.53,93002.65,180,78,0
2026.02.08 14:45:00,93030.09,93038.07,93011.82,93014.52,180,78,0
2026.02.08 14:42:00,93019.29,93030.03,93019.29,93030.03,180,78,0
2026.02.08 14:39:00,93008.49,93019.23,93008.49,93019.23,180,78,0
2026.02.08 14:36:00,93092.18,93093.92,93006.57,93008.43,180,78,0
2026.02.08 14:33:00,93081.38,93092.12,93081.38,93092.12,180,78,0
2026.02.08 14:30:00,93070.58,93081.32,93070.58,93081.32,180,78,0
2026.02.08 14:27:00,93059.78,93070.52,93059.78,93070.52,180,78,0
2026.02.08 14:24:00,93078.14,93081.62,93055.04,93059.72,180,78,0
2026.02.08 14:21:00,93067.34,93078.08,93067.34,93078.08,180,78,0
2026.02.08 14:18:00,93056.54,93067.28,93056.54,93067.28,180,78,0
2026.02.08 14:15:00,93045.74,93056.48,93045.74,93056.48,180,78,0
2026.02.08 14:12:00,93034.94,93045.68,93034.94,93045.68,180,78,0
2026.02.08 14:09:00,93024.14,93034.88,93024.14,93034.88,180,78,0
2026.02.08 14:06:00,93013.34,93024.08,93013.34,93024.08,180,78,0
2026.02.08 14:03:00,93002.54,93013.28,93002.54,93013.28,180,78,0
2026.02.08 14:00:00,92991.74,93002.48,92991.74,93002.48,180,78,0
2026.02.08 13:57:00,93014.24,93017.36,92984.12,92991.68,180,78,0
2026.02.08 13:54:00,93003.44,93014.18,93003.44,93014.18,180,78,0
2026.02.08 13:51:00,92992.64,93003.38,92992.64,93003.38,180,78,0
2026.02.08 13:48:00,92981.84,92992.58,92981.84,92992.58,180,78,0
2026.02.08 13:45:00,92971.04,92981.78,92971.04,92981.78,180,78,0
2026.02.08 13:42:00,92997.94,93006.76,92969.12,92970.98,180,78,0
2026.02.08 13:39:00,93034.25,93034.49,92990.08,92997.88,180,78,0
2026.02.08 13:36:00,93063.28,93064.06,93024.65,93034.19,180,78,0
2026.02.08 13:33:00,93052.48,93063.22,93052.48,93063.22,180,78,0
2026.02.08 13:30:00,93041.68,93052.42,93041.68,93052.42,180,78,0
2026.02.08 13:27:00,93030.88,93041.62,93030.88,93041.62,180,78,0
2026.02.08 13:24:00,93043.41,93048.39,93025.12,93030.82,180,78,0
2026.02.08 13:21:00,93032.61,93043.35,93032.61,93043.35,180,78,0
2026.02.08 13:18:00,93054.77,93058.55,93025.65,93032.55,180,78,0
2026.02.08 13:15:00,93075.88,93076.36,93051.17,93054.71,180,78,0
2026.02.08 13:12:00,93095.44,93105.10,93074.80,93075.82,180,78,0
2026.02.08 13:09:00,93113.05,93114.43,93086.08,93095.38,180,78,0
2026.02.08 13:06:00,93102.25,93112.99,93102.25,93112.99,180,78,0
2026.02.08 13:03:00,93091.45,93102.19,93091.45,93102.19,180,78,0
2026.02.08 13:00:00,93096.46,93102.16,93086.41,93091.39,180,78,0
2026.02.08 12:57:00,93085.66,93096.40,93085.66,93096.40,180,78,0
2026.02.08 12:54:00,93074.86,93085.60,93074.86,93085.60,180,78,0
2026.02.08 12:51:00,93064.06,93074.80,93064.06,93074.80,180,78,0
2026.02.08 12:48:00,93053.26,93064.00,93053.26,93064.00,180,78,0
2026.02.08 12:45:00,93042.46,93053.20,93042.46,93053.20,180,78,0
2026.02.08 12:42:00,93031.66,93042.40,93031.66,93042.40,180,78,0
2026.02.08 12:39:00,93051.09,93058.41,93028.24,93031.60,180,78,0
2026.02.08 12:36:00,93040.29,93051.03,93040.29,93051.03,180,78,0
2026.02.08 12:33:00,93041.68,93047.08,93034.95,93040.23,180,78,0
2026.02.08 12:30:00,93064.62,93069.30,93035.62,93041.62,180,78,0
2026.02.08 12:27:00,93081.54,93088.56,93060.90,93064.56,180,78,0
2026.02.08 12:24:00,93070.74,93081.48,93070.74,93081.48,180,78,0
2026.02.08 12:21:00,93111.66,93118.02,93069.24,93070.68,180,78,0
2026.02.08 12:18:00,93116.46,93122.46,93106.92,93111.60,180,78,0
2026.02.08 12:15:00,93124.78,93128.02,93108.96,93116.40,180,78,0
2026.02.08 12:12:00,93113.98,93124.72,93113.98,93124.72,180,78,0
2026.02.08 12:09:00,93103.18,93113.92,93103.18,93113.92,180,78,0
2026.02.08 12:06:00,93092.38,93103.12,93092.38,93103.12,180,78,0
2026.02.08 12:03:00,93099.53,93100.97,93083.08,93092.32,180,78,0
2026.02.08 12:00:00,93088.73,93099.47,93088.73,93099.47,180,78,0
2026.02.08 11:57:00,93077.93,93088.67,93077.93,93088.67,180,78,0
2026.02.08 11:54:00,93067.13,93077.87,93067.13,93077.87,180,78,0
2026.02.08 11:51:00,93056.33,93067.07,93056.33,93067.07,180,78,0
2026.02.08 11:48:00,93058.61,93061.73,93048.71,93056.27,180,78,0
2026.02.08 11:45:00,93086.14,93093.28,93056.33,93058.55,180,78,0
2026.02.08 11:42:00,93075.34,93086.08,93075.34,93086.08,180,78,0
2026.02.08 11:39:00,93064.54,93075.28,93064.54,93075.28,180,78,0
2026.02.08 11:36:00,93053.74,93064.48,93053.74,93064.48,180,78,0
2026.02.08 11:33:00,93067.02,93070.68,93046.66,93053.68,180,78,0
2026.02.08 11:30:00,93056.22,93066.96,93056.22,93066.96,180,78,0
2026.02.08 11:27:00,93045.42,93056.16,93045.42,93056.16,180,78,0
2026.02.08 11:24:00,93047.07,93055.83,93043.44,93045.36,180,78,0
2026.02.08 11:21:00,93036.27,93047.01,93036.27,93047.01,180,78,0
2026.02.08 11:18:00,93059.95,93066.79,93032.37,93036.21,180,78,0
2026.02.08 11:15:00,93063.25,93073.21,93059.17,93059.89,180,78,0
2026.02.08 11:12:00,93052.45,93063.19,93052.45,93063.19,180,78,0
2026.02.08 11:09:00,93041.65,93052.39,93041.65,93052.39,180,78,0
2026.02.08 11:06:00,93080.88,93083.58,93040.03,93041.59,180,78,0
2026.02.08 11:03:00,93070.08,93080.82,93070.08,93080.82,180,78,0
2026.02.08 11:00:00,93059.28,93070.02,93059.28,93070.02,180,78,0
2026.02.08 10:57:00,93048.48,93059.22,93048.48,93059.22,180,78,0
2026.02.08 10:54:00,93037.68,93048.42,93037.68,93048.42,180,78,0
2026.02.08 10:51:00,93026.88,93037.62,93026.88,93037.62,180,78,0
2026.02.08 10:48:00,93032.33,93041.99,93025.80,93026.82,180,78,0
2026.02.08 10:45:00,93021.53,93032.27,93021.53,93032.27,180,78,0
2026.02.08 10:42:00,93010.73,93021.47,93010.73,93021.47,180,78,0
2026.02.08 10:39:00,93023.47,93029.59,93006.11,93010.67,180,78,0
2026.02.08 10:36:00,93025.66,93033.70,93020.77,93023.41,180,78,0
2026.02.08 10:33:00,93037.10,93047.12,93024.94,93025.60,180,78,0
2026.02.08 10:30:00,93026.30,93037.04,93026.30,93037.04,180,78,0
2026.02.08 10:27:00,93015.50,93026.24,93015.50,93026.24,180,78,0
2026.02.08 10:24:00,93004.70,93015.44,93004.70,93015.44,180,78,0
2026.02.08 10:21:00,92993.90,93004.64,92993.90,93004.64,180,78,0
2026.02.08 10:18:00,92983.10,92993.84,92983.10,92993.84,180,78,0
2026.02.08 10:15:00,92984.34,92989.14,92977.16,92983.04,180,78,0
2026.02.08 10:12:00,92973.54,92984.28,92973.54,92984.28,180,78,0
2026.02.08 10:09:00,92962.74,92973.48,92962.74,92973.48,180,78,0
2026.02.08 10:06:00,92951.94,92962.68,92951.94,92962.68,180,78,0
2026.02.08 10:03:00,92941.14,92951.88,92941.14,92951.88,180,78,0
2026.02.08 10:00:00,92930.34,92941.08,92930.34,92941.08,180,78,0
2026.02.08 09:57:00,92919.54,92930.28,92919.54,92930.28,180,78,0
2026.02.08 09:54:00,92908.74,92919.48,92908.74,92919.48,180,78,0
2026.02.08 09:51:00,92897.94,92908.68,92897.94,92908.68,179,78,0
2026.02.08 09:48:00,92887.14,92897.88,92887.14,92897.88,180,78,0
2026.02.08 09:45:00,92889.96,92898.12,92884.56,92887.08,180,78,0
2026.02.08 09:42:00,92879.16,92889.90,92879.16,92889.90,180,78,0
2026.02.08 09:39:00,92868.36,92879.10,92868.36,92879.10,180,78,0
2026.02.08 09:36:00,92857.56,92868.30,92857.56,92868.30,180,78,0
2026.02.08 09:33:00,92861.59,92865.55,92850.78,92857.50,180,78,0
2026.02.08 09:30:00,92850.79,92861.53,92850.79,92861.53,180,78,0
2026.02.08 09:27:00,92839.99,92850.73,92839.99,92850.73,180,78,0
2026.02.08 09:24:00,92851.62,92859.30,92836.93,92839.93,180,78,0
2026.02.08 09:21:00,92867.42,92875.16,92848.62,92851.56,180,78,0
2026.02.08 09:18:00,92856.62,92867.36,92856.62,92867.36,180,78,0
2026.02.08 09:15:00,92858.71,92866.57,92853.74,92856.56,180,78,0
2026.02.08 09:12:00,92863.49,92873.99,92858.47,92858.65,180,78,0
2026.02.08 09:09:00,92852.69,92863.43,92852.69,92863.43,180,78,0
2026.02.08 09:06:00,92857.48,92859.04,92843.51,92852.63,180,78,0
2026.02.08 09:03:00,92859.51,92866.35,92853.58,92857.42,180,78,0
2026.02.08 09:00:00,92848.71,92859.45,92848.71,92859.45,180,78,0
2026.02.08 08:57:00,92851.16,92852.36,92839.17,92848.65,180,78,0
2026.02.08 08:54:00,92840.36,92851.10,92840.36,92851.10,180,78,0
2026.02.08 08:51:00,92829.56,92840.30,92829.56,92840.30,180,78,0
2026.02.08 08:48:00,92847.75,92856.99,92828.06,92829.50,180,78,0
2026.02.08 08:45:00,92836.95,92847.69,92836.95,92847.69,180,78,0
2026.02.08 08:42:00,92826.15,92836.89,92826.15,92836.89,180,78,0
2026.02.08 08:39:00,92831.58,92836.02,92819.85,92826.09,180,78,0
2026.02.08 08:36:00,92850.19,92853.91,92824.56,92831.52,180,78,0
2026.02.08 08:33:00,92839.39,92850.13,92839.39,92850.13,180,78,0
2026.02.08 08:30:00,92828.59,92839.33,92828.59,92839.33,180,78,0
2026.02.08 08:27:00,92849.29,92854.99,92823.55,92828.53,180,78,0
2026.02.08 08:24:00,92838.49,92849.23,92838.49,92849.23,180,78,0
2026.02.08 08:21:00,92827.69,92838.43,92827.69,92838.43,180,78,0
2026.02.08 08:18:00,92816.89,92827.63,92816.89,92827.63,180,78,0
2026.02.08 08:15:00,92839.27,92843.41,92810.29,92816.83,180,78,0
2026.02.08 08:12:00,92828.47,92839.21,92828.47,92839.21,180,78,0
2026.02.08 08:09:00,92817.67,92828.41,92817.67,92828.41,180,78,0
2026.02.08 08:06:00,92806.87,92817.61,92806.87,92817.61,180,78,0
2026.02.08 08:03:00,92820.48,92826.78,92802.43,92806.81,180,78,0
2026.02.08 08:00:00,92809.68,92820.42,92809.68,92820.42,116,78,0
2026.02.08 07:57:00,92798.88,92809.62,92798.88,92809.62,180,78,0
2026.02.08 07:54:00,92788.08,92798.82,92788.08,92798.82,180,78,0
2026.02.08 07:51:00,92808.17,92818.37,92787.54,92788.02,180,78,0
2026.02.08 07:48:00,92813.37,92820.87,92804.93,92808.11,180,78,0
2026.02.08 07:45:00,92802.57,92813.31,92802.57,92813.31,180,78,0
2026.02.08 07:42:00,92816.97,92825.55,92800.41,92802.51,180,78,0
2026.02.08 07:39:00,92806.17,92816.91,92806.17,92816.91,180,78,0
2026.02.08 07:36:00,92795.37,92806.11,92795.37,92806.11,180,78,0
2026.02.08 07:33:00,92784.57,92795.31,92784.57,92795.31,180,78,0
2026.02.08 07:30:00,92773.77,92784.51,92773.77,92784.51,180,78,0
2026.02.08 07:27:00,92801.31,92811.87,92773.59,92773.71,180,78,0
2026.02.08 07:24:00,92821.50,92829.72,92798.79,92801.25,180,78,0
2026.02.08 07:21:00,92810.70,92821.44,92810.70,92821.44,180,78,0
2026.02.08 07:18:00,92855.26,92856.16,92802.96,92810.64,180,78,0
2026.02.08 07:15:00,92844.46,92855.20,92844.46,92855.20,180,78,0
2026.02.08 07:12:00,92833.66,92844.40,92833.66,92844.40,180,78,0
2026.02.08 07:09:00,92822.86,92833.60,92822.86,92833.60,180,78,0
2026.02.08 07:06:00,92812.06,92822.80,92812.06,92822.80,180,78,0
2026.02.08 07:03:00,92855.99,92857.01,92811.70,92812.00,180,78,0
2026.02.08 07:00:00,92845.19,92855.93,92845.19,92855.93,180,78,0
2026.02.08 06:48:00,92837.99,92845.13,92837.99,92845.13,120,78,0
2026.02.08 06:45:00,92827.19,92837.93,92827.19,92837.93,180,78,0
2026.02.08 06:42:00,92840.20,92847.82,92824.07,92827.13,180,78,0
2026.02.08 06:39:00,92855.87,92861.99,92835.58,92840.14,180,78,0
2026.02.08 06:36:00,92845.07,92855.81,92845.07,92855.81,180,78,0
2026.02.08 06:33:00,92834.27,92845.01,92834.27,92845.01,180,78,0
2026.02.08 06:30:00,92846.70,92847.00,92823.83,92834.21,180,78,0
2026.02.08 06:27:00,92852.68,92859.22,92842.50,92846.64,180,78,0
2026.02.08 06:24:00,92841.88,92852.62,92841.88,92852.62,180,78,0
2026.02.08 06:21:00,92831.08,92841.82,92831.08,92841.82,180,78,0
2026.02.08 06:18:00,92820.28,92831.02,92820.28,92831.02,180,78,0
2026.02.08 06:15:00,92809.48,92820.22,92809.48,92820.22,180,78,0
2026.02.08 06:12:00,92798.68,92809.42,92798.68,92809.42,180,78,0
2026.02.08 06:09:00,92787.88,92798.62,92787.88,92798.62,180,78,0
2026.02.08 06:06:00,92777.08,92787.82,92777.08,92787.82,180,78,0
2026.02.08 06:03:00,92841.77,92849.33,92774.68,92777.02,180,78,0
2026.02.08 06:00:00,92830.97,92841.71,92830.97,92841.71,180,78,0
2026.02.08 05:57:00,92836.45,92845.09,92828.87,92830.91,180,78,0
2026.02.08 05:54:00,92841.92,92845.70,92829.49,92836.39,180,78,0
2026.02.08 05:51:00,92849.74,92850.70,92832.14,92841.86,180,78,0
2026.02.08 05:48:00,92868.61,92870.23,92840.62,92849.68,180,78,0
2026.02.08 05:45:00,92857.81,92868.55,92857.81,92868.55,180,78,0
2026.02.08 05:42:00,92847.01,92857.75,92847.01,92857.75,180,78,0
2026.02.08 05:39:00,92836.21,92846.95,92836.21,92846.95,180,78,0
2026.02.08 05:36:00,92825.41,92836.15,92825.41,92836.15,180,78,0
2026.02.08 05:33:00,92846.91,92847.03,92814.79,92825.35,180,78,0
2026.02.08 05:30:00,92852.33,92856.59,92840.43,92846.85,180,78,0
2026.02.08 05:27:00,92861.91,92869.35,92849.03,92852.27,180,78,0
2026.02.08 05:24:00,92867.04,92869.20,92853.33,92861.85,180,78,0
2026.02.08 05:21:00,92856.24,92866.98,92856.24,92866.98,180,78,0
2026.02.08 05:18:00,92845.44,92856.18,92845.44,92856.18,180,78,0
2026.02.08 05:15:00,92855.66,92865.26,92844.30,92845.38,180,78,0
2026.02.08 05:12:00,92844.86,92855.60,92844.86,92855.60,180,78,0
2026.02.08 05:09:00,92857.28,92867.48,92844.32,92844.80,180,78,0
2026.02.08 05:06:00,92883.44,92887.76,92850.86,92857.22,180,78,0
2026.02.08 05:03:00,92872.64,92883.38,92872.64,92883.38,180,78,0
2026.02.08 05:00:00,92861.84,92872.58,92861.84,92872.58,180,78,0
2026.02.08 04:57:00,92851.04,92861.78,92851.04,92861.78,180,78,0
2026.02.08 04:54:00,92860.95,92868.81,92848.16,92850.98,180,78,0
2026.02.08 04:51:00,92863.71,92867.49,92853.99,92860.89,180,78,0
2026.02.08 04:48:00,92875.24,92881.24,92858.97,92863.65,180,78,0
2026.02.08 04:45:00,92886.36,92891.22,92869.36,92875.18,180,78,0
2026.02.08 04:42:00,92895.39,92905.11,92885.34,92886.30,180,78,0
2026.02.08 04:39:00,92884.59,92895.33,92884.59,92895.33,180,78,0
2026.02.08 04:36:00,92873.79,92884.53,92873.79,92884.53,180,78,0
2026.02.08 04:33:00,92883.85,92885.41,92864.61,92873.73,180,78,0
2026.02.08 04:30:00,92873.05,92883.79,92873.05,92883.79,180,78,0
2026.02.08 04:27:00,92862.25,92872.99,92862.25,92872.99,180,78,0
2026.02.08 04:24:00,92851.45,92862.19,92851.45,92862.19,180,78,0
2026.02.08 04:21:00,92840.65,92851.39,92840.65,92851.39,180,78,0
2026.02.08 04:18:00,92829.85,92840.59,92829.85,92840.59,180,78,0
2026.02.08 04:15:00,92832.69,92837.49,92823.91,92829.79,180,78,0
2026.02.08 04:12:00,92821.89,92832.63,92821.89,92832.63,180,78,0
2026.02.08 04:09:00,92811.09,92821.83,92811.09,92821.83,180,78,0
2026.02.08 04:06:00,92800.29,92811.03,92800.29,92811.03,180,78,0
2026.02.08 04:03:00,92789.49,92800.23,92789.49,92800.23,180,78,0
2026.02.08 04:00:00,92778.69,92789.43,92778.69,92789.43,180,78,0
2026.02.08 03:57:00,92767.89,92778.63,92767.89,92778.63,180,78,0
2026.02.08 03:54:00,92757.09,92767.83,92757.09,92767.83,180,78,0
2026.02.08 03:51:00,92746.29,92757.03,92746.29,92757.03,180,78,0
2026.02.08 03:48:00,92735.49,92746.23,92735.49,92746.23,180,78,0
2026.02.08 03:45:00,92740.08,92744.88,92729.55,92735.43,180,78,0
2026.02.08 03:42:00,92729.28,92740.02,92729.28,92740.02,180,78,0
2026.02.08 03:39:00,92737.79,92740.25,92721.00,92729.22,180,78,0
2026.02.08 03:36:00,92726.99,92737.73,92726.99,92737.73,180,78,0
2026.02.08 03:33:00,92716.19,92726.93,92716.19,92726.93,180,78,0
2026.02.08 03:30:00,92705.39,92716.13,92705.39,92716.13,180,78,0
2026.02.08 03:27:00,92718.93,92727.75,92703.47,92705.33,180,78,0
2026.02.08 03:24:00,92708.13,92718.87,92708.13,92718.87,180,78,0
2026.02.08 03:21:00,92697.33,92708.07,92697.33,92708.07,180,78,0
2026.02.08 03:18:00,92686.53,92697.27,92686.53,92697.27,180,78,0
2026.02.08 03:15:00,92675.73,92686.47,92675.73,92686.47,180,78,0
2026.02.08 03:12:00,92664.93,92675.67,92664.93,92675.67,180,78,0
2026.02.08 03:09:00,92654.13,92664.87,92654.13,92664.87,180,78,0
2026.02.08 03:06:00,92668.15,92673.97,92649.21,92654.07,180,78,0
2026.02.08 03:03:00,92657.35,92668.09,92657.35,92668.09,180,78,0
2026.02.08 03:00:00,92672.10,92679.78,92654.29,92657.29,180,78,0
2026.02.08 02:57:00,92693.78,92700.86,92668.44,92672.04,180,78,0
2026.02.08 02:54:00,92682.98,92693.72,92682.98,92693.72,180,78,0
2026.02.08 02:51:00,92697.96,92699.10,92673.38,92682.92,180,78,0
2026.02.08 02:48:00,92687.16,92697.90,92687.16,92697.90,180,78,0
2026.02.08 02:45:00,92676.36,92687.10,92676.36,92687.10,180,78,0
2026.02.08 02:42:00,92665.56,92676.30,92665.56,92676.30,180,78,0
2026.02.08 02:39:00,92681.95,92690.95,92663.82,92665.50,180,78,0
2026.02.08 02:36:00,92688.01,92689.69,92672.89,92681.89,180,78,0
2026.02.08 02:33:00,92677.21,92687.95,92677.21,92687.95,180,78,0
2026.02.08 02:30:00,92666.41,92677.15,92666.41,92677.15,180,78,0
2026.02.08 02:27:00,92655.61,92666.35,92655.61,92666.35,180,78,0
2026.02.08 02:24:00,92644.81,92655.55,92644.81,92655.55,180,78,0
2026.02.08 02:21:00,92666.68,92668.54,92635.93,92644.75,180,78,0
2026.02.08 02:18:00,92655.88,92666.62,92655.88,92666.62,180,78,0
2026.02.08 02:15:00,92660.98,92662.18,92646.34,92655.82,180,78,0
2026.02.08 02:12:00,92650.18,92660.92,92650.18,92660.92,180,78,0
2026.02.08 02:09:00,92639.38,92650.12,92639.38,92650.12,180,78,0
2026.02.08 02:06:00,92678.97,92686.59,92636.92,92639.32,180,78,0
2026.02.08 02:03:00,92668.17,92678.91,92668.17,92678.91,180,78,0
2026.02.08 02:00:00,92657.37,92668.11,92657.37,92668.11,180,78,0
2026.02.08 01:57:00,92719.49,92720.45,92657.07,92657.31,180,78,0
2026.02.08 01:54:00,92708.69,92719.43,92708.69,92719.43,180,78,0
2026.02.08 01:51:00,92716.45,92721.55,92703.05,92708.63,180,78,0
2026.02.08 01:48:00,92705.65,92716.39,92705.65,92716.39,180,78,0
2026.02.08 01:45:00,92694.85,92705.59,92694.85,92705.59,180,78,0
2026.02.08 01:42:00,92684.05,92694.79,92684.05,92694.79,180,78,0
2026.02.08 01:39:00,92673.25,92683.99,92673.25,92683.99,180,78,0
2026.02.08 01:36:00,92710.77,92712.21,92671.99,92673.19,180,78,0
2026.02.08 01:33:00,92699.97,92710.71,92699.97,92710.71,180,78,0
2026.02.08 01:30:00,92689.17,92699.91,92689.17,92699.91,180,78,0
2026.02.08 01:27:00,92678.37,92689.11,92678.37,92689.11,180,78,0
2026.02.08 01:24:00,92667.57,92678.31,92667.57,92678.31,180,78,0
2026.02.08 01:21:00,92656.77,92667.51,92656.77,92667.51,180,78,0
2026.02.08 01:18:00,92645.97,92656.71,92645.97,92656.71,180,78,0
2026.02.08 01:15:00,92635.17,92645.91,92635.17,92645.91,180,78,0
2026.02.08 01:12:00,92624.37,92635.11,92624.37,92635.11,180,78,0
2026.02.08 01:09:00,92667.61,92671.87,92623.11,92624.31,180,78,0
2026.02.08 01:06:00,92656.81,92667.55,92656.81,92667.55,180,78,0
2026.02.08 01:03:00,92680.82,92690.30,92655.55,92656.75,180,78,0
2026.02.08 01:00:00,92670.02,92680.76,92670.02,92680.76,180,78,0
2026.02.08 00:57:00,92694.66,92695.80,92660.42,92669.96,180,78,0
2026.02.08 00:54:00,92683.86,92694.60,92683.86,92694.60,180,78,0
2026.02.08 00:51:00,92673.06,92683.80,92673.06,92683.80,180,78,0
2026.02.08 00:48:00,92687.46,92689.62,92664.48,92673.00,180,78,0
2026.02.08 00:45:00,92676.66,92687.40,92676.66,92687.40,180,78,0
2026.02.08 00:42:00,92665.86,92676.60,92665.86,92676.60,180,78,0
2026.02.08 00:39:00,92707.21,92708.53,92663.46,92665.80,180,78,0
2026.02.08 00:36:00,92727.50,92728.64,92697.61,92707.15,180,78,0
2026.02.08 00:33:00,92716.70,92727.44,92716.70,92727.44,180,78,0
2026.02.08 00:30:00,92731.11,92738.43,92713.28,92716.64,180,78,0
2026.02.08 00:27:00,92720.31,92731.05,92720.31,92731.05,180,78,0
2026.02.08 00:24:00,92709.51,92720.25,92709.51,92720.25,180,78,0
2026.02.08 00:21:00,92698.71,92709.45,92698.71,92709.45,180,78,0
2026.02.08 00:18:00,92687.91,92698.65,92687.91,92698.65,180,78,0
2026.02.08 00:15:00,92677.11,92687.85,92677.11,92687.85,180,78,0
2026.02.08 00:12:00,92694.14,92695.40,92667.63,92677.05,180,78,0
2026.02.08 00:09:00,92683.34,92694.08,92683.34,92694.08,180,78,0
2026.02.08 00:06:00,92672.54,92683.28,92672.54,92683.28,180,78,0
2026.02.08 00:03:00,92661.74,92672.48,92661.74,92672.48,180,78,0
2026.02.08 00:00:00,92673.25,92680.69,92658.44,92661.68,180,78,0
2026.02.07 23:57:00,92679.78,92680.08,92662.81,92673.19,180,78,0
2026.02.07 23:54:00,92668.98,92679.72,92668.98,92679.72,180,78,0
2026.02.07 23:51:00,92658.18,92668.92,92658.18,92668.92,180,78,0
2026.02.07 23:48:00,92647.38,92658.12,92647.38,92658.12,180,78,0
2026.02.07 23:45:00,92649.21,92655.03,92642.46,92647.32,180,78,0
2026.02.07 23:42:00,92638.41,92649.15,92638.41,92649.15,180,78,0
2026.02.07 23:39:00,92627.61,92638.35,92627.61,92638.35,180,78,0
2026.02.07 23:36:00,92655.14,92655.38,92617.11,92627.55,180,78,0
2026.02.07 23:33:00,92644.34,92655.08,92644.34,92655.08,180,78,0
2026.02.07 23:30:00,92633.54,92644.28,92633.54,92644.28,180,78,0
2026.02.07 23:27:00,92622.74,92633.48,92622.74,92633.48,180,78,0
2026.02.07 23:24:00,92611.94,92622.68,92611.94,92622.68,180,78,0
2026.02.07 23:21:00,92601.14,92611.88,92601.14,92611.88,180,78,0
2026.02.07 23:18:00,92590.34,92601.08,92590.34,92601.08,180,78,0
2026.02.07 23:15:00,92579.54,92590.28,92579.54,92590.28,180,78,0
2026.02.07 23:12:00,92568.74,92579.48,92568.74,92579.48,180,78,0
2026.02.07 23:09:00,92584.66,92585.62,92558.96,92568.68,180,78,0
2026.02.07 23:06:00,92573.86,92584.60,92573.86,92584.60,180,78,0
2026.02.07 23:03:00,92616.06,92616.84,92571.40,92573.80,180,78,0
2026.02.07 23:00:00,92605.26,92616.00,92605.26,92616.00,180,78,0
2026.02.07 22:57:00,92653.52,92658.38,92600.28,92605.20,180,78,0
2026.02.07 22:54:00,92667.02,92673.56,92649.32,92653.46,180,78,0
2026.02.07 22:51:00,92702.12,92704.88,92665.04,92666.96,81,78,0
2026.02.07 22:48:00,92691.32,92702.06,92691.32,92702.06,180,78,0
2026.02.07 22:45:00,92680.52,92691.26,92680.52,92691.26,180,78,0
2026.02.07 22:42:00,92669.72,92680.46,92669.72,92680.46,180,78,0
2026.02.07 22:39:00,92722.52,92725.22,92665.94,92669.66,180,78,0
2026.02.07 22:36:00,92711.72,92722.46,92711.72,92722.46,180,78,0
2026.02.07 22:33:00,92700.92,92711.66,92700.92,92711.66,180,78,0
2026.02.07 22:30:00,92690.12,92700.86,92690.12,92700.86,180,78,0
2026.02.07 22:27:00,92693.38,92703.64,92689.64,92690.06,180,78,0
2026.02.07 22:24:00,92682.58,92693.32,92682.58,92693.32,180,78,0
2026.02.07 22:21:00,92707.75,92710.15,92678.26,92682.52,180,78,0
2026.02.07 22:18:00,92696.95,92707.69,92696.95,92707.69,180,78,0
2026.02.07 22:15:00,92735.24,92739.62,92695.33,92696.89,180,78,0
2026.02.07 22:12:00,92724.44,92735.18,92724.44,92735.18,180,78,0
2026.02.07 22:09:00,92713.64,92724.38,92713.64,92724.38,180,78,0
2026.02.07 22:06:00,92702.84,92713.58,92702.84,92713.58,180,78,0
2026.02.07 22:03:00,92709.25,92714.77,92697.62,92702.78,180,78,0
2026.02.07 22:00:00,92698.45,92709.19,92698.45,92709.19,180,78,0
2026.02.07 21:57:00,92687.65,92698.39,92687.65,92698.39,180,78,0
2026.02.07 21:54:00,92701.41,92707.41,92682.91,92687.59,180,78,0
2026.02.07 21:51:00,92690.61,92701.35,92690.61,92701.35,180,78,0
2026.02.07 21:48:00,92717.28,92723.16,92686.53,92690.55,180,78,0
2026.02.07 21:45:00,92729.41,92736.01,92713.14,92717.22,180,78,0
2026.02.07 21:42:00,92718.61,92729.35,92718.61,92729.35,180,78,0
2026.02.07 21:39:00,92726.72,92729.48,92710.63,92718.55,180,78,0
2026.02.07 21:36:00,92715.92,92726.66,92715.92,92726.66,180,78,0
2026.02.07 21:33:00,92732.11,92738.29,92711.36,92715.86,180,78,0
2026.02.07 21:30:00,92721.31,92732.05,92721.31,92732.05,180,78,0
2026.02.07 21:27:00,92724.88,92733.46,92719.15,92721.25,180,78,0
2026.02.07 21:24:00,92714.08,92724.82,92714.08,92724.82,180,78,0
2026.02.07 21:21:00,92730.94,92734.00,92713.60,92714.02,180,78,0
2026.02.07 21:18:00,92720.14,92730.88,92720.14,92730.88,180,78,0
2026.02.07 21:15:00,92709.34,92720.08,92709.34,92720.08,180,78,0
2026.02.07 21:12:00,92698.54,92709.28,92698.54,92709.28,180,78,0
2026.02.07 21:09:00,92687.74,92698.48,92687.74,92698.48,180,78,0
2026.02.07 21:06:00,92719.53,92724.69,92682.16,92687.68,180,78,0
2026.02.07 21:03:00,92708.73,92719.47,92708.73,92719.47,180,78,0
2026.02.07 21:00:00,92697.93,92708.67,92697.93,92708.67,180,78,0
2026.02.07 20:57:00,92687.13,92697.87,92687.13,92697.87,180,78,0
2026.02.07 20:54:00,92692.69,92701.69,92685.39,92687.07,180,78,0
2026.02.07 20:51:00,92695.21,92701.33,92688.07,92692.63,180,78,0
2026.02.07 20:48:00,92684.41,92695.15,92684.41,92695.15,180,78,0
2026.02.07 20:45:00,92697.05,92707.49,92684.11,92684.35,180,78,0
2026.02.07 20:42:00,92686.25,92696.99,92686.25,92696.99,180,78,0
2026.02.07 20:39:00,92713.76,92716.52,92678.27,92686.19,180,78,0
2026.02.07 20:36:00,92715.82,92718.40,92705.60,92713.70,180,78,0
2026.02.07 20:33:00,92752.28,92752.82,92709.52,92715.76,180,78,0
2026.02.07 20:30:00,92741.48,92752.22,92741.48,92752.22,180,78,0
2026.02.07 20:27:00,92748.16,92749.60,92732.18,92741.42,180,78,0
2026.02.07 20:24:00,92798.42,92798.54,92739.76,92748.10,180,78,0
2026.02.07 20:21:00,92820.45,92830.05,92797.28,92798.36,180,78,0
2026.02.07 20:18:00,92832.17,92834.63,92812.17,92820.39,180,78,0
2026.02.07 20:15:00,92821.37,92832.11,92821.37,92832.11,180,78,0
2026.02.07 20:12:00,92810.57,92821.31,92810.57,92821.31,180,78,0
2026.02.07 20:09:00,92799.77,92810.51,92799.77,92810.51,180,78,0
2026.02.07 20:06:00,92811.14,92818.04,92795.93,92799.71,180,78,0
2026.02.07 20:03:00,92800.34,92811.08,92800.34,92811.08,180,78,0
2026.02.07 20:00:00,92789.54,92800.28,92789.54,92800.28,180,78,0
2026.02.07 19:57:00,92821.44,92829.24,92789.48,92789.48,180,78,0
2026.02.07 19:54:00,92810.64,92821.38,92810.64,92821.38,180,78,0
2026.02.07 19:51:00,92821.40,92828.30,92806.80,92810.58,180,78,0
2026.02.07 19:48:00,92810.60,92821.34,92810.60,92821.34,180,78,0
2026.02.07 19:45:00,92799.80,92810.54,92799.80,92810.54,180,78,0
2026.02.07 19:42:00,92789.00,92799.74,92789.00,92799.74,180,78,0
2026.02.07 19:39:00,92778.20,92788.94,92778.20,92788.94,180,78,0
2026.02.07 19:36:00,92767.40,92778.14,92767.40,92778.14,180,78,0
2026.02.07 19:33:00,92756.60,92767.34,92756.60,92767.34,180,78,0
2026.02.07 19:30:00,92745.80,92756.54,92745.80,92756.54,180,78,0
2026.02.07 19:27:00,92735.00,92745.74,92735.00,92745.74,180,78,0
2026.02.07 19:24:00,92724.20,92734.94,92724.20,92734.94,180,78,0
2026.02.07 19:21:00,92713.40,92724.14,92713.40,92724.14,180,78,0
2026.02.07 19:18:00,92702.60,92713.34,92702.60,92713.34,180,78,0
2026.02.07 19:15:00,92691.80,92702.54,92691.80,92702.54,180,78,0
2026.02.07 19:12:00,92694.21,92696.31,92683.16,92691.74,180,78,0
2026.02.07 19:09:00,92683.41,92694.15,92683.41,92694.15,180,78,0
2026.02.07 19:06:00,92672.61,92683.35,92672.61,92683.35,180,78,0
2026.02.07 19:03:00,92681.39,92688.95,92669.43,92672.55,180,78,0
2026.02.07 19:00:00,92670.59,92681.33,92670.59,92681.33,180,78,0
2026.02.07 18:57:00,92699.58,92706.48,92666.75,92670.53,180,78,0
2026.02.07 18:54:00,92688.78,92699.52,92688.78,92699.52,180,78,0
2026.02.07 18:51:00,92706.34,92716.96,92688.66,92688.72,180,78,0
2026.02.07 18:48:00,92695.54,92706.28,92695.54,92706.28,180,78,0
2026.02.07 18:45:00,92684.74,92695.48,92684.74,92695.48,180,78,0
2026.02.07 18:42:00,92673.94,92684.68,92673.94,92684.68,180,78,0
2026.02.07 18:39:00,92698.73,92700.59,92665.06,92673.88,180,78,0
2026.02.07 18:36:00,92744.45,92746.13,92692.85,92698.67,180,78,0
2026.02.07 18:33:00,92733.65,92744.39,92733.65,92744.39,180,78,0
2026.02.07 18:30:00,92722.85,92733.59,92722.85,92733.59,180,78,0
2026.02.07 18:27:00,92734.39,92736.25,92713.97,92722.79,180,78,0
2026.02.07 18:24:00,92751.30,92760.42,92732.77,92734.33,180,78,0
2026.02.07 18:21:00,92740.50,92751.24,92740.50,92751.24,180,78,0
2026.02.07 18:18:00,92729.70,92740.44,92729.70,92740.44,180,78,0
2026.02.07 18:15:00,92718.90,92729.64,92718.90,92729.64,180,78,0
2026.02.07 18:12:00,92708.10,92718.84,92708.10,92718.84,180,78,0
2026.02.07 18:09:00,92697.30,92708.04,92697.30,92708.04,180,78,0
2026.02.07 18:06:00,92686.50,92697.24,92686.50,92697.24,180,78,0
2026.02.07 18:03:00,92675.70,92686.44,92675.70,92686.44,180,78,0
2026.02.07 18:00:00,92679.18,92683.68,92669.46,92675.64,180,78,0
2026.02.07 17:57:00,92691.91,92701.75,92678.28,92679.12,180,78,0
2026.02.07 17:54:00,92681.11,92691.85,92681.11,92691.85,180,78,0
2026.02.07 17:51:00,92670.31,92681.05,92670.31,92681.05,180,78,0
2026.02.07 17:48:00,92659.51,92670.25,92659.51,92670.25,180,78,0
2026.02.07 17:45:00,92666.59,92672.59,92654.77,92659.45,180,78,0
2026.02.07 17:42:00,92679.17,92681.63,92658.31,92666.53,180,78,0
2026.02.07 17:39:00,92668.37,92679.11,92668.37,92679.11,180,78,0
2026.02.07 17:36:00,92657.57,92668.31,92657.57,92668.31,180,78,0
2026.02.07 17:33:00,92646.77,92657.51,92646.77,92657.51,180,78,0
2026.02.07 17:30:00,92649.99,92657.37,92643.41,92646.71,180,78,0
2026.02.07 17:27:00,92639.19,92649.93,92639.19,92649.93,180,78,0
2026.02.07 17:24:00,92628.39,92639.13,92628.39,92639.13,180,78,0
2026.02.07 17:21:00,92617.59,92628.33,92617.59,92628.33,180,78,0
2026.02.07 17:18:00,92629.88,92630.06,92607.03,92617.53,180,78,0
2026.02.07 17:15:00,92619.08,92629.82,92619.08,92629.82,180,78,0
2026.02.07 17:12:00,92623.52,92633.36,92618.18,92619.02,180,78,0
2026.02.07 17:09:00,92612.72,92623.46,92612.72,92623.46,180,78,0
2026.02.07 17:06:00,92601.92,92612.66,92601.92,92612.66,180,78,0
2026.02.07 17:03:00,92591.12,92601.86,92591.12,92601.86,180,78,0
2026.02.07 17:00:00,92580.32,92591.06,92580.32,92591.06,180,78,0
2026.02.07 16:57:00,92569.52,92580.26,92569.52,92580.26,180,78,0
2026.02.07 16:54:00,92558.72,92569.46,92558.72,92569.46,180,78,0
2026.02.07 16:51:00,92574.71,92577.35,92550.62,92558.66,180,78,0
2026.02.07 16:48:00,92581.92,92590.56,92572.61,92574.65,180,78,0
2026.02.07 16:45:00,92571.12,92581.86,92571.12,92581.86,180,78,0
2026.02.07 16:42:00,92560.32,92571.06,92560.32,92571.06,180,78,0
2026.02.07 16:39:00,92628.78,92633.58,92557.38,92560.26,180,78,0
2026.02.07 16:36:00,92617.98,92628.72,92617.98,92628.72,180,78,0
2026.02.07 16:33:00,92607.18,92617.92,92607.18,92617.92,180,78,0
2026.02.07 16:30:00,92596.38,92607.12,92596.38,92607.12,180,78,0
2026.02.07 16:27:00,92585.58,92596.32,92585.58,92596.32,180,78,0
2026.02.07 16:24:00,92574.78,92585.52,92574.78,92585.52,180,78,0
2026.02.07 16:21:00,92563.98,92574.72,92563.98,92574.72,180,78,0
2026.02.07 16:18:00,92553.18,92563.92,92553.18,92563.92,180,78,0
2026.02.07 16:15:00,92561.90,92570.84,92551.38,92553.12,180,78,0
2026.02.07 16:12:00,92566.02,92569.98,92555.12,92561.84,180,78,0
2026.02.07 16:09:00,92555.22,92565.96,92555.22,92565.96,180,78,0
2026.02.07 16:06:00,92544.42,92555.16,92544.42,92555.16,180,78,0
2026.02.07 16:03:00,92533.62,92544.36,92533.62,92544.36,180,78,0
2026.02.07 16:00:00,92535.15,92536.17,92523.90,92533.56,180,78,0
2026.02.07 15:57:00,92524.35,92535.09,92524.35,92535.09,180,78,0
2026.02.07 15:54:00,92550.81,92561.07,92523.87,92524.29,180,78,0
2026.02.07 15:51:00,92540.01,92550.75,92540.01,92550.75,180,78,0
2026.02.07 15:48:00,92529.21,92539.95,92529.21,92539.95,180,78,0
2026.02.07 15:45:00,92518.41,92529.15,92518.41,92529.15,180,78,0
2026.02.07 15:42:00,92507.61,92518.35,92507.61,92518.35,180,78,0
2026.02.07 15:39:00,92525.65,92527.09,92498.31,92507.55,180,78,0
2026.02.07 15:36:00,92514.85,92525.59,92514.85,92525.59,180,78,0
2026.02.07 15:33:00,92504.05,92514.79,92504.05,92514.79,180,78,0
2026.02.07 15:30:00,92493.25,92503.99,92493.25,92503.99,180,78,0
2026.02.07 15:27:00,92482.45,92493.19,92482.45,92493.19,180,78,0
2026.02.07 15:24:00,92471.65,92482.39,92471.65,92482.39,180,78,0
2026.02.07 15:21:00,92490.73,92492.17,92462.35,92471.59,180,78,0
2026.02.07 15:18:00,92479.93,92490.67,92479.93,92490.67,180,78,0
2026.02.07 15:15:00,92469.13,92479.87,92469.13,92479.87,180,78,0
2026.02.07 15:12:00,92458.33,92469.07,92458.33,92469.07,180,78,0
2026.02.07 15:09:00,92447.53,92458.27,92447.53,92458.27,180,78,0
2026.02.07 15:06:00,92450.82,92459.70,92445.67,92447.47,180,78,0
2026.02.07 15:03:00,92453.96,92464.16,92450.28,92450.76,180,78,0
2026.02.07 15:00:00,92443.16,92453.90,92443.16,92453.90,180,78,0
2026.02.07 14:57:00,92432.36,92443.10,92432.36,92443.10,180,78,0
2026.02.07 14:54:00,92421.56,92432.30,92421.56,92432.30,180,78,0
2026.02.07 14:51:00,92410.76,92421.50,92410.76,92421.50,180,78,0
2026.02.07 14:48:00,92399.96,92410.70,92399.96,92410.70,180,78,0
2026.02.07 14:45:00,92422.40,92424.14,92396.72,92399.90,180,78,0
2026.02.07 14:42:00,92430.28,92433.52,92414.90,92422.34,180,78,0
2026.02.07 14:39:00,92419.48,92430.22,92419.48,92430.22,180,78,0
2026.02.07 14:36:00,92408.68,92419.42,92408.68,92419.42,180,78,0
2026.02.07 14:33:00,92418.14,92424.68,92404.48,92408.62,180,78,0
2026.02.07 14:30:00,92407.34,92418.08,92407.34,92418.08,180,78,0
2026.02.07 14:27:00,92396.54,92407.28,92396.54,92407.28,180,78,0
2026.02.07 14:24:00,92385.74,92396.48,92385.74,92396.48,180,78,0
2026.02.07 14:21:00,92415.85,92421.73,92380.88,92385.68,180,78,0
2026.02.07 14:18:00,92405.05,92415.79,92405.05,92415.79,180,78,0
2026.02.07 14:15:00,92416.59,92424.21,92401.93,92404.99,180,78,0
2026.02.07 14:12:00,92405.79,92416.53,92405.79,92416.53,180,78,0
2026.02.07 14:09:00,92442.17,92448.05,92400.93,92405.73,180,78,0
2026.02.07 14:06:00,92431.37,92442.11,92431.37,92442.11,180,78,0
2026.02.07 14:03:00,92442.86,92452.70,92430.47,92431.31,180,78,0
2026.02.07 14:00:00,92432.06,92442.80,92432.06,92442.80,180,78,0
2026.02.07 13:57:00,92450.92,92459.44,92430.98,92432.00,180,78,0
2026.02.07 13:54:00,92455.35,92455.65,92440.48,92450.86,180,78,0
2026.02.07 13:51:00,92444.55,92455.29,92444.55,92455.29,180,78,0
2026.02.07 13:48:00,92433.75,92444.49,92433.75,92444.49,180,78,0
2026.02.07 13:45:00,92422.95,92433.69,92422.95,92433.69,180,78,0
2026.02.07 13:42:00,92437.50,92446.92,92421.63,92422.89,180,78,0
2026.02.07 13:39:00,92459.08,92466.46,92434.14,92437.44,180,78,0
2026.02.07 13:36:00,92448.28,92459.02,92448.28,92459.02,180,78,0
2026.02.07 13:33:00,92437.48,92448.22,92437.48,92448.22,180,78,0
2026.02.07 13:30:00,92426.68,92437.42,92426.68,92437.42,180,78,0
2026.02.07 13:27:00,92415.88,92426.62,92415.88,92426.62,180,78,0
2026.02.07 13:24:00,92405.08,92415.82,92405.08,92415.82,180,78,0
2026.02.07 13:21:00,92394.28,92405.02,92394.28,92405.02,180,78,0
2026.02.07 13:18:00,92406.76,92409.82,92386.60,92394.22,180,78,0
2026.02.07 13:15:00,92395.96,92406.70,92395.96,92406.70,180,78,0
2026.02.07 13:12:00,92415.57,92425.35,92395.00,92395.90,180,78,0
2026.02.07 13:09:00,92404.77,92415.51,92404.77,92415.51,180,78,0
2026.02.07 13:06:00,92393.97,92404.71,92393.97,92404.71,180,78,0
2026.02.07 13:03:00,92415.74,92419.22,92386.71,92393.91,180,78,0
2026.02.07 13:00:00,92423.61,92427.81,92409.20,92415.68,180,78,0
2026.02.07 12:57:00,92412.81,92423.55,92412.81,92423.55,180,78,0
2026.02.07 12:54:00,92424.46,92434.78,92412.39,92412.75,180,78,0
2026.02.07 12:51:00,92413.66,92424.40,92413.66,92424.40,180,78,0
2026.02.07 12:48:00,92402.86,92413.60,92402.86,92413.60,180,78,0
2026.02.07 12:45:00,92505.60,92508.72,92401.54,92402.80,180,78,0
2026.02.07 12:42:00,92494.80,92505.54,92494.80,92505.54,180,78,0
2026.02.07 12:39:00,92484.00,92494.74,92484.00,92494.74,180,78,0
2026.02.07 12:36:00,92473.20,92483.94,92473.20,92483.94,180,78,0
2026.02.07 12:33:00,92497.79,92504.51,92469.18,92473.14,180,78,0
2026.02.07 12:30:00,92486.99,92497.73,92486.99,92497.73,180,78,0
2026.02.07 12:27:00,92476.19,92486.93,92476.19,92486.93,180,78,0
2026.02.07 12:24:00,92465.39,92476.13,92465.39,92476.13,180,78,0
2026.02.07 12:21:00,92454.59,92465.33,92454.59,92465.33,180,78,0
2026.02.07 12:18:00,92535.94,92535.94,92444.51,92454.53,180,78,0
2026.02.07 12:15:00,92528.02,92535.88,92528.02,92535.88,132,78,0
2026.02.07 12:12:00,92521.42,92528.02,92521.42,92528.02,111,78,0
2026.02.07 12:09:00,92510.62,92521.36,92510.62,92521.36,180,78,0
2026.02.07 12:06:00,92499.82,92510.56,92499.82,92510.56,180,78,0
2026.02.07 12:03:00,92489.02,92499.76,92489.02,92499.76,180,78,0
2026.02.07 12:00:00,92478.22,92488.96,92478.22,92488.96,180,78,0
2026.02.07 11:57:00,92467.42,92478.16,92467.42,92478.16,180,78,0
2026.02.07 11:54:00,92500.06,92504.14,92466.70,92467.36,180,78,0
2026.02.07 11:51:00,92523.35,92530.85,92496.82,92500.00,180,78,0
2026.02.07 11:48:00,92512.55,92523.29,92512.55,92523.29,180,78,0
2026.02.07 11:45:00,92517.85,92518.15,92502.11,92512.49,180,78,0
2026.02.07 11:42:00,92507.05,92517.79,92507.05,92517.79,180,78,0
2026.02.07 11:39:00,92514.79,92522.53,92504.05,92506.99,180,78,0
2026.02.07 11:36:00,92503.99,92514.73,92503.99,92514.73,180,78,0
2026.02.07 11:33:00,92493.19,92503.93,92493.19,92503.93,180,78,0
2026.02.07 11:30:00,92513.34,92518.80,92487.91,92493.13,180,78,0
2026.02.07 11:27:00,92502.54,92513.28,92502.54,92513.28,180,78,0
2026.02.07 11:24:00,92514.49,92521.09,92498.40,92502.48,180,78,0
2026.02.07 11:21:00,92503.69,92514.43,92503.69,92514.43,180,78,0
2026.02.07 11:18:00,92492.89,92503.63,92492.89,92503.63,180,78,0
2026.02.07 11:15:00,92482.09,92492.83,92482.09,92492.83,180,78,0
2026.02.07 11:12:00,92471.29,92482.03,92471.29,92482.03,180,78,0
2026.02.07 11:09:00,92460.49,92471.23,92460.49,92471.23,180,78,0
2026.02.07 11:06:00,92449.69,92460.43,92449.69,92460.43,180,78,0
2026.02.07 11:03:00,92438.89,92449.63,92438.89,92449.63,180,78,0
2026.02.07 11:00:00,92456.08,92459.14,92438.05,92438.83,180,78,0
2026.02.07 10:57:00,92490.29,92497.43,92452.48,92456.02,180,78,0
2026.02.07 10:54:00,92479.49,92490.23,92479.49,92490.23,180,78,0
2026.02.07 10:51:00,92468.69,92479.43,92468.69,92479.43,180,78,0
2026.02.07 10:48:00,92457.89,92468.63,92457.89,92468.63,180,78,0
2026.02.07 10:45:00,92447.09,92457.83,92447.09,92457.83,180,78,0
2026.02.07 10:42:00,92436.29,92447.03,92436.29,92447.03,180,78,0
2026.02.07 10:39:00,92425.49,92436.23,92425.49,92436.23,180,78,0
2026.02.07 10:36:00,92414.69,92425.43,92414.69,92425.43,180,78,0
2026.02.07 10:33:00,92419.51,92428.75,92413.19,92414.63,180,78,0
2026.02.07 10:30:00,92432.32,92437.48,92413.93,92419.45,180,78,0
2026.02.07 10:27:00,92421.52,92432.26,92421.52,92432.26,180,78,0
2026.02.07 10:24:00,92410.72,92421.46,92410.72,92421.46,180,78,0
2026.02.07 10:21:00,92399.92,92410.66,92399.92,92410.66,180,78,0
2026.02.07 10:18:00,92424.51,92426.97,92394.70,92399.86,180,78,0
2026.02.07 10:15:00,92461.38,92461.74,92417.73,92424.45,180,78,0
2026.02.07 10:12:00,92450.58,92461.32,92450.58,92461.32,180,78,0
2026.02.07 10:09:00,92473.29,92475.39,92441.94,92450.52,180,78,0
2026.02.07 10:06:00,92462.49,92473.23,92462.49,92473.23,180,78,0
2026.02.07 10:03:00,92451.69,92462.43,92451.69,92462.43,180,78,0
2026.02.07 10:00:00,92440.89,92451.63,92440.89,92451.63,180,78,0
2026.02.07 09:57:00,92430.09,92440.83,92430.09,92440.83,180,78,0
2026.02.07 09:54:00,92419.29,92430.03,92419.29,92430.03,180,78,0
2026.02.07 09:51:00,92408.49,92419.23,92408.49,92419.23,180,78,0
2026.02.07 09:48:00,92397.69,92408.43,92397.69,92408.43,180,78,0
2026.02.07 09:45:00,92386.89,92397.63,92386.89,92397.63,180,78,0
2026.02.07 09:42:00,92395.84,92396.68,92376.99,92386.83,180,78,0
2026.02.07 09:39:00,92385.04,92395.78,92385.04,92395.78,180,78,0
2026.02.07 09:36:00,92374.24,92384.98,92374.24,92384.98,180,78,0
2026.02.07 09:33:00,92363.44,92374.18,92363.44,92374.18,180,78,0
2026.02.07 09:30:00,92352.64,92363.38,92352.64,92363.38,180,78,0
2026.02.07 09:27:00,92341.84,92352.58,92341.84,92352.58,180,78,0
2026.02.07 09:24:00,92331.04,92341.78,92331.04,92341.78,180,78,0
2026.02.07 09:21:00,92320.24,92330.98,92320.24,92330.98,180,78,0
2026.02.07 09:18:00,92335.64,92338.10,92311.96,92320.18,180,78,0
2026.02.07 09:15:00,92381.62,92386.78,92333.72,92335.58,180,78,0
2026.02.07 09:12:00,92370.82,92381.56,92370.82,92381.56,180,78,0
2026.02.07 09:09:00,92360.02,92370.76,92360.02,92370.76,180,78,0
2026.02.07 09:06:00,92349.22,92359.96,92349.22,92359.96,180,78,0
2026.02.07 09:03:00,92338.42,92349.16,92338.42,92349.16,180,78,0
2026.02.07 09:00:00,92357.09,92366.93,92337.52,92338.36,180,78,0
2026.02.07 08:57:00,92346.29,92357.03,92346.29,92357.03,180,78,0
2026.02.07 08:54:00,92391.55,92396.53,92342.33,92346.23,180,78,0
2026.02.07 08:51:00,92431.24,92440.12,92423.66,92425.46,180,78,0
2026.02.07 08:48:00,92420.44,92431.18,92420.44,92431.18,180,78,0
2026.02.07 08:45:00,92424.15,92431.53,92417.08,92420.38,180,78,0
2026.02.07 08:42:00,92413.35,92424.09,92413.35,92424.09,180,78,0
2026.02.07 08:39:00,92402.55,92413.29,92402.55,92413.29,180,78,0
2026.02.07 08:36:00,92391.75,92402.49,92391.75,92402.49,180,78,0
2026.02.07 08:33:00,92380.95,92391.69,92380.95,92391.69,180,78,0
2026.02.07 08:30:00,92370.15,92380.89,92370.15,92380.89,180,78,0
2026.02.07 08:27:00,92382.58,92388.94,92365.77,92370.09,180,78,0
2026.02.07 08:24:00,92371.78,92382.52,92371.78,92382.52,180,78,0
2026.02.07 08:21:00,92360.98,92371.72,92360.98,92371.72,180,78,0
2026.02.07 08:18:00,92350.18,92360.92,92350.18,92360.92,180,78,0
2026.02.07 08:15:00,92339.38,92350.12,92339.38,92350.12,180,78,0
2026.02.07 08:12:00,92366.96,92368.70,92334.28,92339.32,180,78,0
2026.02.07 08:09:00,92356.16,92366.90,92356.16,92366.90,180,78,0
2026.02.07 08:06:00,92345.36,92356.10,92345.36,92356.10,180,78,0
2026.02.07 08:03:00,92334.56,92345.30,92334.56,92345.30,180,78,0
2026.02.07 08:00:00,92323.76,92334.50,92323.76,92334.50,180,78,0
2026.02.07 07:57:00,92325.88,92333.14,92320.28,92323.70,180,78,0
2026.02.07 07:54:00,92386.41,92395.95,92325.58,92325.82,180,78,0
2026.02.07 07:51:00,92375.61,92386.35,92375.61,92386.35,180,78,0
2026.02.07 07:48:00,92389.32,92395.50,92371.05,92375.55,180,78,0
2026.02.07 07:45:00,92390.77,92398.99,92386.80,92389.26,180,78,0
2026.02.07 07:42:00,92379.97,92390.71,92379.97,92390.71,180,78,0
2026.02.07 07:39:00,92369.17,92379.91,92369.17,92379.91,180,78,0
2026.02.07 07:36:00,92358.37,92369.11,92358.37,92369.11,180,78,0
2026.02.07 07:33:00,92347.57,92358.31,92347.57,92358.31,180,78,0
2026.02.07 07:30:00,92336.77,92347.51,92336.77,92347.51,180,78,0
2026.02.07 07:27:00,92391.65,92400.47,92335.69,92336.71,180,78,0
2026.02.07 07:24:00,92409.36,92415.90,92387.45,92391.59,180,78,0
2026.02.07 07:21:00,92419.55,92428.67,92407.74,92409.30,180,78,0
2026.02.07 07:18:00,92423.86,92425.30,92410.25,92419.49,180,78,0
2026.02.07 07:15:00,92413.06,92423.80,92413.06,92423.80,180,78,0
2026.02.07 07:12:00,92402.26,92413.00,92402.26,92413.00,180,78,0
2026.02.07 07:09:00,92391.46,92402.20,92391.46,92402.20,180,78,0
2026.02.07 07:06:00,92380.66,92391.40,92380.66,92391.40,180,78,0
2026.02.07 07:03:00,92369.86,92380.60,92369.86,92380.60,180,78,0
2026.02.07 07:00:00,92383.82,92384.72,92360.02,92369.80,180,78,0
2026.02.07 06:57:00,92412.90,92416.92,92377.10,92383.76,180,78,0
2026.02.07 06:54:00,92402.10,92412.84,92402.10,92412.84,180,78,0
2026.02.07 06:51:00,92440.49,92440.55,92391.78,92402.04,180,78,0
2026.02.07 06:48:00,92429.69,92440.43,92429.69,92440.43,180,78,0
2026.02.07 06:45:00,92418.89,92429.63,92418.89,92429.63,180,78,0
2026.02.07 06:42:00,92408.09,92418.83,92408.09,92418.83,180,78,0
2026.02.07 06:39:00,92397.29,92408.03,92397.29,92408.03,180,78,0
2026.02.07 06:36:00,92386.49,92397.23,92386.49,92397.23,180,78,0
2026.02.07 06:33:00,92412.70,92413.96,92377.01,92386.43,180,78,0
2026.02.07 06:30:00,92421.73,92424.67,92404.90,92412.64,180,78,0
2026.02.07 06:27:00,92454.81,92460.09,92416.27,92421.67,180,78,0
2026.02.07 06:24:00,92457.13,92464.09,92451.03,92454.75,180,78,0
2026.02.07 06:21:00,92446.33,92457.07,92446.33,92457.07,180,78,0
2026.02.07 06:18:00,92457.62,92464.34,92442.31,92446.27,180,78,0
2026.02.07 06:15:00,92446.82,92457.56,92446.82,92457.56,180,78,0
2026.02.07 06:12:00,92436.02,92446.76,92436.02,92446.76,180,78,0
2026.02.07 06:09:00,92425.22,92435.96,92425.22,92435.96,180,78,0
2026.02.07 06:06:00,92467.41,92472.93,92420.12,92425.16,180,78,0
2026.02.07 06:03:00,92456.61,92467.35,92456.61,92467.35,180,78,0
2026.02.07 06:00:00,92445.81,92456.55,92445.81,92456.55,180,78,0
2026.02.07 05:57:00,92457.39,92463.93,92441.61,92445.75,180,78,0
2026.02.07 05:54:00,92480.00,92489.60,92456.25,92457.33,180,78,0
2026.02.07 05:51:00,92469.20,92479.94,92469.20,92479.94,180,78,0
2026.02.07 05:48:00,92458.40,92469.14,92458.40,92469.14,180,78,0
2026.02.07 05:45:00,92447.60,92458.34,92447.60,92458.34,180,78,0
2026.02.07 05:42:00,92466.38,92470.22,92440.70,92447.54,180,78,0
2026.02.07 05:39:00,92455.58,92466.32,92455.58,92466.32,180,78,0
2026.02.07 05:36:00,92444.78,92455.52,92444.78,92455.52,180,78,0
2026.02.07 05:33:00,92460.35,92464.07,92437.76,92444.72,180,78,0
2026.02.07 05:30:00,92472.80,92474.48,92451.29,92460.29,180,78,0
2026.02.07 05:27:00,92462.00,92472.74,92462.00,92472.74,180,78,0
2026.02.07 05:24:00,92451.20,92461.94,92451.20,92461.94,180,78,0
2026.02.07 05:21:00,92457.77,92466.71,92449.40,92451.14,180,78,0
2026.02.07 05:18:00,92446.97,92457.71,92446.97,92457.71,180,78,0
2026.02.07 05:15:00,92454.56,92462.66,92444.33,92446.91,180,78,0
2026.02.07 05:12:00,92473.71,92478.27,92448.38,92454.50,180,78,0
2026.02.07 05:09:00,92462.91,92473.65,92462.91,92473.65,180,78,0
2026.02.07 05:06:00,92452.11,92462.85,92452.11,92462.85,180,78,0
2026.02.07 05:03:00,92441.31,92452.05,92441.31,92452.05,180,78,0
2026.02.07 05:00:00,92452.41,92453.73,92431.89,92441.25,180,78,0
2026.02.07 04:57:00,92441.61,92452.35,92441.61,92452.35,180,78,0
2026.02.07 04:54:00,92469.29,92476.67,92438.25,92441.55,180,78,0
2026.02.07 04:51:00,92458.49,92469.23,92458.49,92469.23,180,78,0
2026.02.07 04:48:00,92447.69,92458.43,92447.69,92458.43,180,78,0
2026.02.07 04:45:00,92436.89,92447.63,92436.89,92447.63,180,78,0
2026.02.07 04:42:00,92480.24,92483.78,92431.25,92436.83,180,78,0
2026.02.07 04:39:00,92498.06,92501.78,92473.22,92480.18,180,78,0
2026.02.07 04:36:00,92487.26,92498.00,92487.26,92498.00,180,78,0
2026.02.07 04:33:00,92476.46,92487.20,92476.46,92487.20,180,78,0
2026.02.07 04:30:00,92502.04,92508.46,92472.14,92476.40,180,78,0
2026.02.07 04:27:00,92491.24,92501.98,92491.24,92501.98,180,78,0
2026.02.07 04:24:00,92502.01,92507.29,92485.78,92491.18,180,78,0
2026.02.07 04:21:00,92527.35,92535.57,92499.49,92501.95,180,78,0
2026.02.07 04:18:00,92538.09,92546.31,92524.83,92527.29,180,78,0
2026.02.07 04:15:00,92527.29,92538.03,92527.29,92538.03,180,78,0
2026.02.07 04:12:00,92529.10,92531.20,92518.65,92527.23,180,78,0
2026.02.07 04:09:00,92518.30,92529.04,92518.30,92529.04,180,78,0
2026.02.07 04:06:00,92507.50,92518.24,92507.50,92518.24,180,78,0
2026.02.07 04:03:00,92496.70,92507.44,92496.70,92507.44,180,78,0
2026.02.07 04:00:00,92511.67,92520.37,92494.66,92496.64,180,78,0
2026.02.07 03:57:00,92500.87,92511.61,92500.87,92511.61,180,78,0
2026.02.07 03:54:00,92526.28,92534.32,92498.17,92500.81,180,78,0
2026.02.07 03:51:00,92548.37,92552.33,92523.52,92526.22,180,78,0
2026.02.07 03:48:00,92537.57,92548.31,92537.57,92548.31,180,78,0
2026.02.07 03:45:00,92526.77,92537.51,92526.77,92537.51,180,78,0
2026.02.07 03:42:00,92515.97,92526.71,92515.97,92526.71,180,78,0
2026.02.07 03:39:00,92505.17,92515.91,92505.17,92515.91,180,78,0
2026.02.07 03:36:00,92509.17,92517.69,92502.95,92505.11,180,78,0
2026.02.07 03:33:00,92498.37,92509.11,92498.37,92509.11,180,78,0
2026.02.07 03:30:00,92487.57,92498.31,92487.57,92498.31,180,78,0
2026.02.07 03:27:00,92476.77,92487.51,92476.77,92487.51,180,78,0
2026.02.07 03:24:00,92465.97,92476.71,92465.97,92476.71,180,78,0
2026.02.07 03:21:00,92455.17,92465.91,92455.17,92465.91,180,78,0
2026.02.07 03:18:00,92444.37,92455.11,92444.37,92455.11,180,78,0
2026.02.07 03:15:00,92433.57,92444.31,92433.57,92444.31,180,78,0
2026.02.07 03:12:00,92422.77,92433.51,92422.77,92433.51,180,78,0
2026.02.07 03:09:00,92411.97,92422.71,92411.97,92422.71,180,78,0
2026.02.07 03:06:00,92401.17,92411.91,92401.17,92411.91,180,78,0
2026.02.07 03:03:00,92417.64,92419.02,92391.81,92401.11,180,78,0
2026.02.07 03:00:00,92427.56,92432.42,92411.76,92417.58,180,78,0
2026.02.07 02:57:00,92441.87,92451.95,92426.90,92427.50,180,78,0
2026.02.07 02:54:00,92431.07,92441.81,92431.07,92441.81,180,78,0
2026.02.07 02:51:00,92432.76,92434.80,92422.37,92431.01,180,78,0
2026.02.07 02:48:00,92437.90,92445.34,92429.46,92432.70,180,78,0
2026.02.07 02:45:00,92427.10,92437.84,92427.10,92437.84,180,78,0
2026.02.07 02:42:00,92416.30,92427.04,92416.30,92427.04,180,78,0
2026.02.07 02:39:00,92405.50,92416.24,92405.50,92416.24,180,78,0
2026.02.07 02:36:00,92394.70,92405.44,92394.70,92405.44,180,78,0
2026.02.07 02:33:00,92383.90,92394.64,92383.90,92394.64,180,78,0
2026.02.07 02:30:00,92392.53,92395.11,92375.74,92383.84,180,78,0
2026.02.07 02:27:00,92381.73,92392.47,92381.73,92392.47,180,78,0
2026.02.07 02:24:00,92389.31,92390.03,92371.71,92381.67,180,78,0
2026.02.07 02:21:00,92406.22,92407.54,92379.89,92389.25,180,78,0
2026.02.07 02:18:00,92395.42,92406.16,92395.42,92406.16,180,78,0
2026.02.07 02:15:00,92408.41,92408.47,92384.74,92395.36,180,78,0
2026.02.07 02:12:00,92397.61,92408.35,92397.61,92408.35,180,78,0
2026.02.07 02:09:00,92386.81,92397.55,92386.81,92397.55,180,78,0
2026.02.07 02:06:00,92455.05,92456.91,92386.27,92386.75,180,78,0
2026.02.07 02:03:00,92476.37,92479.43,92447.37,92454.99,180,78,0
2026.02.07 02:00:00,92487.49,92489.35,92467.49,92476.31,180,78,0
2026.02.07 01:57:00,92498.05,92498.35,92477.05,92487.43,180,78,0
2026.02.07 01:54:00,92509.11,92514.33,92492.53,92497.99,180,78,0
2026.02.07 01:51:00,92498.31,92509.05,92498.31,92509.05,180,78,0
2026.02.07 01:48:00,92517.56,92525.42,92497.05,92498.25,180,78,0
2026.02.07 01:45:00,92506.76,92517.50,92506.76,92517.50,180,78,0
2026.02.07 01:42:00,92513.96,92518.16,92500.22,92506.70,180,78,0
2026.02.07 01:39:00,92534.71,92537.65,92506.16,92513.90,180,78,0
2026.02.07 01:36:00,92541.09,92546.73,92529.61,92534.65,180,78,0
2026.02.07 01:33:00,92530.29,92541.03,92530.29,92541.03,180,78,0
2026.02.07 01:30:00,92538.72,92544.06,92524.89,92530.23,180,78,0
2026.02.07 01:27:00,92545.47,92548.05,92530.56,92538.66,180,78,0
2026.02.07 01:24:00,92534.67,92545.41,92534.67,92545.41,180,78,0
2026.02.07 01:21:00,92540.41,92541.91,92525.43,92534.61,180,78,0
2026.02.07 01:18:00,92571.07,92572.87,92531.47,92540.35,180,78,0
2026.02.07 01:15:00,92560.27,92571.01,92560.27,92571.01,180,78,0
2026.02.07 01:12:00,92549.47,92560.21,92549.47,92560.21,180,78,0
2026.02.07 01:09:00,92538.67,92549.41,92538.67,92549.41,180,78,0
2026.02.07 01:06:00,92546.12,92553.80,92535.61,92538.61,180,78,0
2026.02.07 01:03:00,92559.05,92560.79,92537.12,92546.06,180,78,0
2026.02.07 01:00:00,92570.48,92575.10,92552.93,92558.99,180,78,0
2026.02.07 00:57:00,92559.68,92570.42,92559.68,92570.42,180,78,0
2026.02.07 00:54:00,92548.88,92559.62,92548.88,92559.62,180,78,0
2026.02.07 00:51:00,92538.08,92548.82,92538.08,92548.82,180,78,0
2026.02.07 00:48:00,92546.11,92552.29,92533.52,92538.02,180,78,0
2026.02.07 00:45:00,92535.31,92546.05,92535.31,92546.05,180,78,0
2026.02.07 00:42:00,92524.51,92535.25,92524.51,92535.25,180,78,0
2026.02.07 00:39:00,92513.71,92524.45,92513.71,92524.45,180,78,0
2026.02.07 00:36:00,92502.91,92513.65,92502.91,92513.65,180,78,0
2026.02.07 00:33:00,92492.11,92502.85,92492.11,92502.85,180,78,0
2026.02.07 00:30:00,92481.31,92492.05,92481.31,92492.05,180,78,0
2026.02.07 00:27:00,92470.51,92481.25,92470.51,92481.25,180,78,0
2026.02.07 00:24:00,92509.18,92511.28,92465.59,92470.45,180,78,0
2026.02.07 00:21:00,92498.38,92509.12,92498.38,92509.12,180,78,0
2026.02.07 00:18:00,92487.58,92498.32,92487.58,92498.32,180,78,0
2026.02.07 00:15:00,92476.78,92487.52,92476.78,92487.52,180,78,0
2026.02.07 00:12:00,92465.98,92476.72,92465.98,92476.72,180,78,0
2026.02.07 00:09:00,92485.53,92488.53,92458.66,92465.92,180,78,0
2026.02.07 00:06:00,92474.73,92485.47,92474.73,92485.47,180,78,0
2026.02.07 00:03:00,92463.93,92474.67,92463.93,92474.67,180,78,0
2026.02.07 00:00:00,92453.13,92463.87,92453.13,92463.87,180,78,0
2026.02.06 23:57:00,92442.33,92453.07,92442.33,92453.07,180,78,0
2026.02.06 23:54:00,92458.79,92460.65,92433.45,92442.27,180,78,0
2026.02.06 23:51:00,92510.68,92517.34,92456.99,92458.73,180,78,0
2026.02.06 23:48:00,92572.02,92577.60,92508.10,92510.62,180,78,0
2026.02.06 23:45:00,92561.22,92571.96,92561.22,92571.96,180,78,0
2026.02.06 23:42:00,92564.79,92569.95,92555.64,92561.16,180,78,0
2026.02.06 23:39:00,92553.99,92564.73,92553.99,92564.73,180,78,0
2026.02.06 23:36:00,92543.19,92553.93,92543.19,92553.93,180,78,0
2026.02.06 23:33:00,92532.39,92543.13,92532.39,92543.13,180,78,0
2026.02.06 23:30:00,92521.59,92532.33,92521.59,92532.33,180,78,0
2026.02.06 23:27:00,92510.79,92521.53,92510.79,92521.53,180,78,0
2026.02.06 23:24:00,92499.99,92510.73,92499.99,92510.73,180,78,0
2026.02.06 23:21:00,92489.19,92499.93,92489.19,92499.93,180,78,0
2026.02.06 23:18:00,92506.08,92515.56,92487.93,92489.13,180,78,0
2026.02.06 23:15:00,92513.31,92514.45,92496.48,92506.02,180,78,0
2026.02.06 23:12:00,92502.51,92513.25,92502.51,92513.25,180,78,0
2026.02.06 23:09:00,92491.71,92502.45,92491.71,92502.45,180,78,0
2026.02.06 23:06:00,92480.91,92491.65,92480.91,92491.65,180,78,0
2026.02.06 23:03:00,92470.11,92480.85,92470.11,92480.85,180,78,0
2026.02.06 23:00:00,92477.26,92485.18,92467.29,92470.05,180,78,0
2026.02.06 22:57:00,92466.46,92477.20,92466.46,92477.20,180,78,0
2026.02.06 22:54:00,92455.66,92466.40,92455.66,92466.40,180,78,0
2026.02.06 22:51:00,92444.86,92455.60,92444.86,92455.60,180,78,0
2026.02.06 22:48:00,92434.06,92444.80,92434.06,92444.80,180,78,0
2026.02.06 22:45:00,92423.26,92434.00,92423.26,92434.00,180,78,0
2026.02.06 22:42:00,92445.35,92447.87,92419.72,92423.20,180,78,0
2026.02.06 22:39:00,92434.55,92445.29,92434.55,92445.29,180,78,0
2026.02.06 22:36:00,92423.75,92434.49,92423.75,92434.49,180,78,0
2026.02.06 22:33:00,92451.13,92453.17,92415.29,92423.69,180,78,0
2026.02.06 22:30:00,92440.33,92451.07,92440.33,92451.07,180,78,0
2026.02.06 22:27:00,92454.16,92455.12,92430.55,92440.27,180,78,0
2026.02.06 22:24:00,92443.36,92454.10,92443.36,92454.10,180,78,0
2026.02.06 22:21:00,92432.56,92443.30,92432.56,92443.30,180,78,0
2026.02.06 22:18:00,92462.15,92466.59,92426.26,92432.50,180,78,0
2026.02.06 22:15:00,92451.35,92462.09,92451.35,92462.09,180,78,0
2026.02.06 22:12:00,92461.78,92467.42,92446.25,92451.29,180,78,0
2026.02.06 22:09:00,92450.98,92461.72,92450.98,92461.72,180,78,0
2026.02.06 22:06:00,92440.18,92450.92,92440.18,92450.92,180,78,0
2026.02.06 22:03:00,92429.38,92440.12,92429.38,92440.12,180,78,0
2026.02.06 22:00:00,92469.49,92479.81,92428.96,92429.32,180,78,0
2026.02.06 21:57:00,92487.40,92491.18,92462.83,92469.43,180,78,0
2026.02.06 21:54:00,92495.66,92499.44,92480.44,92487.34,180,78,0
2026.02.06 21:51:00,92522.42,92529.68,92492.18,92495.60,180,78,0
2026.02.06 21:48:00,92511.62,92522.36,92511.62,92522.36,180,78,0
2026.02.06 21:45:00,92500.82,92511.56,92500.82,92511.56,180,78,0
2026.02.06 21:42:00,92530.07,92535.47,92495.48,92500.76,180,78,0
2026.02.06 21:39:00,92519.27,92530.01,92519.27,92530.01,180,78,0
2026.02.06 21:36:00,92520.80,92524.52,92512.25,92519.21,180,78,0
2026.02.06 21:33:00,92510.00,92520.74,92510.00,92520.74,180,78,0
2026.02.06 21:30:00,92520.85,92530.81,92509.22,92509.94,180,78,0
2026.02.06 21:27:00,92537.39,92539.91,92512.63,92520.79,180,78,0
2026.02.06 21:24:00,92542.97,92551.43,92535.11,92537.33,180,78,0
2026.02.06 21:21:00,92532.17,92542.91,92532.17,92542.91,180,78,0
2026.02.06 21:18:00,92562.08,92562.32,92529.23,92532.11,180,78,0
2026.02.06 21:15:00,92551.28,92562.02,92551.28,92562.02,180,78,0
2026.02.06 21:12:00,92584.41,92589.15,92545.28,92551.22,180,78,0
2026.02.06 21:09:00,92573.61,92584.35,92573.61,92584.35,180,78,0
2026.02.06 21:06:00,92562.81,92573.55,92562.81,92573.55,180,78,0
2026.02.06 21:03:00,92552.01,92562.75,92552.01,92562.75,180,78,0
2026.02.06 21:00:00,92541.21,92551.95,92541.21,92551.95,180,78,0
2026.02.06 20:57:00,92530.41,92541.15,92530.41,92541.15,180,78,0
2026.02.06 20:54:00,92519.61,92530.35,92519.61,92530.35,180,78,0
2026.02.06 20:51:00,92573.77,92574.13,92513.97,92519.55,180,78,0
2026.02.06 20:48:00,92576.00,92581.22,92568.25,92573.71,180,78,0
2026.02.06 20:45:00,92580.47,92589.41,92574.20,92575.94,180,78,0
2026.02.06 20:42:00,92569.67,92580.41,92569.67,92580.41,180,78,0
2026.02.06 20:39:00,92581.29,92583.57,92561.21,92569.61,180,78,0
2026.02.06 20:36:00,92570.49,92581.23,92570.49,92581.23,180,78,0
2026.02.06 20:33:00,92598.77,92608.91,92569.89,92570.43,180,78,0
2026.02.06 20:30:00,92629.19,92638.91,92597.75,92598.71,180,78,0
2026.02.06 20:27:00,92618.39,92629.13,92618.39,92629.13,180,78,0
2026.02.06 20:24:00,92692.63,92694.79,92613.29,92618.33,180,78,0
2026.02.06 20:21:00,92681.83,92692.57,92681.83,92692.57,180,78,0
2026.02.06 20:18:00,92671.03,92681.77,92671.03,92681.77,180,78,0
2026.02.06 20:15:00,92660.23,92670.97,92660.23,92670.97,180,78,0
2026.02.06 20:12:00,92649.43,92660.17,92649.43,92660.17,180,78,0
2026.02.06 20:09:00,92638.63,92649.37,92638.63,92649.37,180,78,0
2026.02.06 20:06:00,92627.83,92638.57,92627.83,92638.57,180,78,0
2026.02.06 20:03:00,92617.03,92627.77,92617.03,92627.77,180,78,0
2026.02.06 20:00:00,92638.40,92640.02,92611.09,92616.97,180,78,0
2026.02.06 19:57:00,92659.49,92663.15,92631.32,92638.34,180,78,0
2026.02.06 19:54:00,92648.69,92659.43,92648.69,92659.43,180,78,0
2026.02.06 19:51:00,92657.68,92658.88,92639.15,92648.63,180,78,0
2026.02.06 19:48:00,92646.88,92657.62,92646.88,92657.62,180,78,0
2026.02.06 19:45:00,92636.08,92646.82,92636.08,92646.82,180,78,0
2026.02.06 19:42:00,92656.50,92657.82,92626.66,92636.02,180,78,0
2026.02.06 19:39:00,92666.79,92668.83,92647.80,92656.44,180,78,0
2026.02.06 19:36:00,92655.99,92666.73,92655.99,92666.73,180,78,0
2026.02.06 19:33:00,92645.19,92655.93,92645.19,92655.93,180,78,0
2026.02.06 19:30:00,92669.24,92669.78,92634.99,92645.13,180,78,0
2026.02.06 19:27:00,92658.44,92669.18,92658.44,92669.18,180,78,0
2026.02.06 19:24:00,92667.12,92672.28,92652.86,92658.38,180,78,0
2026.02.06 19:21:00,92705.38,92713.36,92665.02,92667.06,180,78,0
2026.02.06 19:18:00,92708.94,92718.60,92704.30,92705.32,180,78,0
2026.02.06 19:15:00,92698.14,92708.88,92698.14,92708.88,180,78,0
2026.02.06 19:12:00,92687.34,92698.08,92687.34,92698.08,180,78,0
2026.02.06 19:09:00,92676.54,92687.28,92676.54,92687.28,180,78,0
2026.02.06 19:06:00,92665.74,92676.48,92665.74,92676.48,180,78,0
2026.02.06 19:03:00,92654.94,92665.68,92654.94,92665.68,180,78,0
2026.02.06 19:00:00,92656.33,92656.57,92644.44,92654.88,180,78,0
2026.02.06 18:57:00,92645.53,92656.27,92645.53,92656.27,180,78,0
2026.02.06 18:54:00,92646.91,92654.83,92642.71,92645.47,180,78,0
2026.02.06 18:51:00,92636.11,92646.85,92636.11,92646.85,180,78,0
2026.02.06 18:48:00,92660.77,92669.05,92635.87,92636.05,180,78,0
2026.02.06 18:45:00,92665.22,92674.40,92659.21,92660.71,180,78,0
2026.02.06 18:42:00,92654.42,92665.16,92654.42,92665.16,180,78,0
2026.02.06 18:39:00,92674.30,92682.70,92652.08,92654.36,180,78,0
2026.02.06 18:36:00,92663.50,92674.24,92663.50,92674.24,180,78,0
2026.02.06 18:33:00,92673.77,92676.89,92655.88,92663.44,180,78,0
2026.02.06 18:30:00,92662.97,92673.71,92662.97,92673.71,180,78,0
2026.02.06 18:27:00,92652.17,92662.91,92652.17,92662.91,180,78,0
2026.02.06 18:24:00,92641.37,92652.11,92641.37,92652.11,180,78,0
2026.02.06 18:21:00,92630.57,92641.31,92630.57,92641.31,180,78,0
2026.02.06 18:18:00,92619.77,92630.51,92619.77,92630.51,180,78,0
2026.02.06 18:15:00,92608.97,92619.71,92608.97,92619.71,180,78,0
2026.02.06 18:12:00,92611.88,92612.30,92598.65,92608.91,180,78,0
2026.02.06 18:09:00,92601.08,92611.82,92601.08,92611.82,180,78,0
2026.02.06 18:06:00,92590.28,92601.02,92590.28,92601.02,180,78,0
2026.02.06 18:03:00,92579.48,92590.22,92579.48,92590.22,180,78,0
2026.02.06 18:00:00,92568.68,92579.42,92568.68,92579.42,180,78,0
2026.02.06 17:57:00,92557.88,92568.62,92557.88,92568.62,180,78,0
2026.02.06 17:54:00,92566.34,92569.04,92549.84,92557.82,180,78,0
2026.02.06 17:51:00,92555.54,92566.28,92555.54,92566.28,180,78,0
2026.02.06 17:48:00,92560.76,92563.70,92547.74,92555.48,180,78,0
2026.02.06 17:45:00,92549.96,92560.70,92549.96,92560.70,180,78,0
2026.02.06 17:42:00,92578.79,92583.41,92543.84,92549.90,180,78,0
2026.02.06 17:39:00,92567.99,92578.73,92567.99,92578.73,180,78,0
2026.02.06 17:36:00,92582.32,92584.72,92559.65,92567.93,180,78,0
2026.02.06 17:33:00,92617.20,92620.02,92576.20,92582.26,180,78,0
2026.02.06 17:30:00,92641.65,92648.31,92613.12,92617.14,180,78,0
2026.02.06 17:27:00,92651.15,92655.77,92635.53,92641.59,180,78,0
2026.02.06 17:24:00,92640.35,92651.09,92640.35,92651.09,180,78,0
2026.02.06 17:21:00,92629.55,92640.29,92629.55,92640.29,180,78,0
2026.02.06 17:18:00,92618.75,92629.49,92618.75,92629.49,180,78,0
2026.02.06 17:15:00,92607.95,92618.69,92607.95,92618.69,180,78,0
2026.02.06 17:12:00,92695.13,92695.37,92601.05,92607.89,180,78,0
2026.02.06 17:09:00,92684.33,92695.07,92684.33,92695.07,180,78,0
2026.02.06 17:06:00,92673.53,92684.27,92673.53,92684.27,180,78,0
2026.02.06 17:03:00,92662.73,92673.47,92662.73,92673.47,180,78,0
2026.02.06 17:00:00,92651.93,92662.67,92651.93,92662.67,180,78,0
2026.02.06 16:57:00,92641.13,92651.87,92641.13,92651.87,180,78,0
2026.02.06 16:54:00,92646.39,92646.81,92630.81,92641.07,180,78,0
2026.02.06 16:51:00,92635.59,92646.33,92635.59,92646.33,180,78,0
2026.02.06 16:48:00,92624.79,92635.53,92624.79,92635.53,180,78,0
2026.02.06 16:45:00,92613.99,92624.73,92613.99,92624.73,180,78,0
2026.02.06 16:42:00,92618.09,92622.59,92607.75,92613.93,180,78,0
2026.02.06 16:39:00,92607.29,92618.03,92607.29,92618.03,180,78,0
2026.02.06 16:36:00,92596.49,92607.23,92596.49,92607.23,180,78,0
2026.02.06 16:33:00,92610.99,92620.59,92595.35,92596.43,180,78,0
2026.02.06 16:30:00,92600.19,92610.93,92600.19,92610.93,180,78,0
2026.02.06 16:27:00,92589.39,92600.13,92589.39,92600.13,180,78,0
2026.02.06 16:24:00,92578.59,92589.33,92578.59,92589.33,180,78,0
2026.02.06 16:21:00,92567.79,92578.53,92567.79,92578.53,180,78,0
2026.02.06 16:18:00,92581.07,92587.01,92562.99,92567.73,180,78,0
2026.02.06 16:15:00,92595.94,92605.12,92579.51,92581.01,180,78,0
2026.02.06 16:12:00,92585.14,92595.88,92585.14,92595.88,180,78,0
2026.02.06 16:09:00,92591.78,92602.40,92585.02,92585.08,180,78,0
2026.02.06 16:06:00,92580.98,92591.72,92580.98,92591.72,180,78,0
2026.02.06 16:03:00,92570.18,92580.92,92570.18,92580.92,180,78,0
2026.02.06 16:00:00,92559.38,92570.12,92559.38,92570.12,180,78,0
2026.02.06 15:57:00,92548.58,92559.32,92548.58,92559.32,180,78,0
2026.02.06 15:54:00,92558.85,92559.03,92538.02,92548.52,180,78,0
2026.02.06 15:51:00,92576.59,92579.17,92550.69,92558.79,180,78,0
2026.02.06 15:48:00,92565.79,92576.53,92565.79,92576.53,180,78,0
2026.02.06 15:45:00,92554.99,92565.73,92554.99,92565.73,180,78,0
2026.02.06 15:42:00,92544.19,92554.93,92544.19,92554.93,180,78,0
2026.02.06 15:39:00,92577.78,92578.14,92533.81,92544.13,180,78,0
2026.02.06 15:36:00,92616.00,92620.92,92571.96,92577.72,180,78,0
2026.02.06 15:33:00,92619.17,92622.23,92608.32,92615.94,180,78,0
2026.02.06 15:30:00,92608.37,92619.11,92608.37,92619.11,180,78,0
2026.02.06 15:27:00,92612.32,92615.44,92600.75,92608.31,180,78,0
2026.02.06 15:24:00,92625.14,92632.76,92609.20,92612.26,180,78,0
2026.02.06 15:21:00,92614.34,92625.08,92614.34,92625.08,180,78,0
2026.02.06 15:18:00,92641.10,92642.42,92605.46,92614.28,180,78,0
2026.02.06 15:15:00,92644.40,92644.40,92630.36,92641.04,180,78,0
2026.02.06 15:12:00,92657.68,92661.40,92637.38,92644.34,180,78,0
2026.02.06 15:09:00,92646.88,92657.62,92646.88,92657.62,180,78,0
2026.02.06 15:06:00,92636.08,92646.82,92636.08,92646.82,180,78,0
2026.02.06 15:03:00,92625.28,92636.02,92625.28,92636.02,180,78,0
2026.02.06 15:00:00,92632.05,92639.55,92622.04,92625.22,180,78,0
2026.02.06 14:57:00,92621.25,92631.99,92621.25,92631.99,180,78,0
2026.02.06 14:54:00,92639.90,92649.98,92620.59,92621.19,180,78,0
2026.02.06 14:51:00,92662.17,92662.89,92629.88,92639.84,180,78,0
2026.02.06 14:48:00,92671.26,92678.64,92658.81,92662.11,180,78,0
2026.02.06 14:45:00,92660.46,92671.20,92660.46,92671.20,180,78,0
2026.02.06 14:42:00,92649.66,92660.40,92649.66,92660.40,180,78,0
2026.02.06 14:39:00,92654.77,92660.05,92644.20,92649.60,180,78,0
2026.02.06 14:36:00,92643.97,92654.71,92643.97,92654.71,180,78,0
2026.02.06 14:33:00,92633.17,92643.91,92633.17,92643.91,180,78,0
2026.02.06 14:30:00,92622.37,92633.11,92622.37,92633.11,180,78,0
2026.02.06 14:27:00,92611.57,92622.31,92611.57,92622.31,180,78,0
2026.02.06 14:24:00,92645.21,92651.63,92611.03,92611.51,180,78,0
2026.02.06 14:21:00,92666.65,92674.09,92641.91,92645.15,180,78,0
2026.02.06 14:18:00,92692.89,92697.33,92684.97,92691.21,180,78,0
2026.02.06 14:15:00,92682.09,92692.83,92682.09,92692.83,180,78,0
2026.02.06 14:12:00,92720.46,92722.02,92676.51,92682.03,180,78,0
2026.02.06 14:09:00,92709.66,92720.40,92709.66,92720.40,180,78,0
2026.02.06 14:06:00,92716.30,92721.58,92704.20,92709.60,180,78,0
2026.02.06 14:03:00,92705.50,92716.24,92705.50,92716.24,180,78,0
2026.02.06 14:00:00,92728.50,92734.14,92704.36,92705.44,180,78,0
2026.02.06 13:57:00,92734.53,92735.19,92718.42,92728.44,180,78,0
2026.02.06 13:54:00,92764.35,92771.19,92730.99,92734.47,180,78,0
2026.02.06 13:51:00,92781.90,92789.58,92761.29,92764.29,180,78,0
2026.02.06 13:48:00,92771.10,92781.84,92771.10,92781.84,180,78,0
2026.02.06 13:45:00,92800.09,92807.71,92768.64,92771.04,180,78,0
2026.02.06 13:42:00,92789.29,92800.03,92789.29,92800.03,180,78,0
2026.02.06 13:39:00,92812.28,92813.54,92779.81,92789.23,180,78,0
2026.02.06 13:36:00,92801.48,92812.22,92801.48,92812.22,180,78,0
2026.02.06 13:33:00,92790.68,92801.42,92790.68,92801.42,180,78,0
2026.02.06 13:30:00,92810.37,92814.39,92783.96,92790.62,180,78,0
2026.02.06 13:27:00,92799.57,92810.31,92799.57,92810.31,180,78,0
2026.02.06 13:24:00,92788.77,92799.51,92788.77,92799.51,180,78,0
2026.02.06 13:21:00,92777.97,92788.71,92777.97,92788.71,180,78,0
2026.02.06 13:18:00,92767.17,92777.91,92767.17,92777.91,180,78,0
2026.02.06 13:15:00,92756.37,92767.11,92756.37,92767.11,180,78,0
2026.02.06 13:12:00,92781.35,92789.21,92753.49,92756.31,180,78,0
2026.02.06 13:09:00,92811.94,92818.36,92777.03,92781.29,180,78,0
2026.02.06 13:06:00,92801.14,92811.88,92801.14,92811.88,180,78,0
2026.02.06 13:03:00,92790.34,92801.08,92790.34,92801.08,180,78,0
2026.02.06 13:00:00,92779.54,92790.28,92779.54,92790.28,180,78,0
2026.02.06 12:57:00,92768.74,92779.48,92768.74,92779.48,180,78,0
2026.02.06 12:54:00,92757.94,92768.68,92757.94,92768.68,180,78,0
2026.02.06 12:51:00,92747.14,92757.88,92747.14,92757.88,180,78,0
2026.02.06 12:48:00,92749.38,92757.72,92744.74,92747.08,180,78,0
2026.02.06 12:45:00,92769.28,92774.68,92744.04,92749.32,180,78,0
2026.02.06 12:42:00,92776.93,92777.35,92758.96,92769.22,180,78,0
2026.02.06 12:39:00,92766.13,92776.87,92766.13,92776.87,180,78,0
2026.02.06 12:36:00,92790.57,92791.11,92761.39,92766.07,180,78,0
2026.02.06 12:33:00,92779.77,92790.51,92779.77,92790.51,180,78,0
2026.02.06 12:30:00,92792.91,92795.13,92771.25,92779.71,180,78,0
2026.02.06 12:27:00,92807.95,92814.73,92788.95,92792.85,180,78,0
2026.02.06 12:24:00,92797.15,92807.89,92797.15,92807.89,180,78,0
2026.02.06 12:21:00,92807.58,92816.70,92795.53,92797.09,180,78,0
2026.02.06 12:18:00,92796.78,92807.52,92796.78,92807.52,180,78,0
2026.02.06 12:15:00,92785.98,92796.72,92785.98,92796.72,180,78,0
2026.02.06 12:12:00,92793.66,92800.38,92781.96,92785.92,180,78,0
2026.02.06 12:09:00,92782.86,92793.60,92782.86,92793.60,180,78,0
2026.02.06 12:06:00,92812.59,92815.65,92775.18,92782.80,180,78,0
2026.02.06 12:03:00,92801.79,92812.53,92801.79,92812.53,180,78,0
2026.02.06 12:00:00,92790.99,92801.73,92790.99,92801.73,180,78,0
2026.02.06 11:57:00,92780.19,92790.93,92780.19,92790.93,180,78,0
2026.02.06 11:54:00,92809.52,92811.80,92771.73,92780.13,180,78,0
2026.02.06 11:51:00,92824.78,92831.26,92805.26,92809.46,180,78,0
2026.02.06 11:48:00,92835.43,92840.53,92819.14,92824.72,180,78,0
2026.02.06 11:45:00,92844.86,92852.78,92832.61,92835.37,180,78,0
2026.02.06 11:42:00,92834.06,92844.80,92834.06,92844.80,180,78,0
2026.02.06 11:39:00,92823.26,92834.00,92823.26,92834.00,180,78,0
2026.02.06 11:36:00,92827.39,92836.69,92821.82,92823.20,180,78,0
2026.02.06 11:33:00,92840.80,92846.50,92822.35,92827.33,180,78,0
2026.02.06 11:30:00,92844.99,92846.91,92831.98,92840.74,180,78,0
2026.02.06 11:27:00,92834.19,92844.93,92834.19,92844.93,180,78,0
2026.02.06 11:24:00,92843.64,92845.62,92825.43,92834.13,180,78,0
2026.02.06 11:21:00,92832.84,92843.58,92832.84,92843.58,180,78,0
2026.02.06 11:18:00,92822.04,92832.78,92822.04,92832.78,180,78,0
2026.02.06 11:15:00,92829.66,92837.22,92818.86,92821.98,180,78,0
2026.02.06 11:12:00,92818.86,92829.60,92818.86,92829.60,180,78,0
2026.02.06 11:09:00,92808.06,92818.80,92808.06,92818.80,180,78,0
2026.02.06 11:06:00,92797.26,92808.00,92797.26,92808.00,180,78,0
2026.02.06 11:03:00,92809.01,92809.43,92786.94,92797.20,180,78,0
2026.02.06 11:00:00,92798.21,92808.95,92798.21,92808.95,180,78,0
2026.02.06 10:57:00,92787.41,92798.15,92787.41,92798.15,180,78,0
2026.02.06 10:54:00,92776.61,92787.35,92776.61,92787.35,180,78,0
2026.02.06 10:51:00,92796.32,92796.44,92765.99,92776.55,180,78,0
2026.02.06 10:48:00,92820.31,92823.31,92788.58,92796.26,180,78,0
2026.02.06 10:45:00,92809.51,92820.25,92809.51,92820.25,180,78,0
2026.02.06 10:42:00,92798.71,92809.45,92798.71,92809.45,180,78,0
2026.02.06 10:39:00,92812.24,92815.36,92791.09,92798.65,180,78,0
2026.02.06 10:36:00,92836.83,92839.53,92804.20,92812.18,180,78,0
2026.02.06 10:33:00,92826.03,92836.77,92826.03,92836.77,180,78,0
2026.02.06 10:30:00,92815.23,92825.97,92815.23,92825.97,180,78,0
2026.02.06 10:27:00,92804.43,92815.17,92804.43,92815.17,180,78,0
2026.02.06 10:24:00,92793.63,92804.37,92793.63,92804.37,180,78,0
2026.02.06 10:21:00,92797.29,92801.43,92787.03,92793.57,180,78,0
2026.02.06 10:18:00,92816.18,92824.76,92795.13,92797.23,180,78,0
2026.02.06 10:15:00,92805.38,92816.12,92805.38,92816.12,180,78,0
2026.02.06 10:12:00,92846.30,92851.46,92804.96,92805.32,180,78,0
2026.02.06 10:09:00,92851.42,92852.68,92836.82,92846.24,180,78,0
2026.02.06 10:06:00,92868.38,92870.48,92842.78,92851.36,180,78,0
2026.02.06 10:03:00,92857.58,92868.32,92857.58,92868.32,180,78,0
2026.02.06 10:00:00,92846.78,92857.52,92846.78,92857.52,180,78,0
2026.02.06 09:57:00,92835.98,92846.72,92835.98,92846.72,180,78,0
2026.02.06 09:54:00,92854.75,92859.61,92830.10,92835.92,180,78,0
2026.02.06 09:51:00,92843.95,92854.69,92843.95,92854.69,180,78,0
2026.02.06 09:48:00,92833.15,92843.89,92833.15,92843.89,180,78,0
2026.02.06 09:45:00,92822.35,92833.09,92822.35,92833.09,180,78,0
2026.02.06 09:42:00,92824.54,92827.42,92814.49,92822.29,180,78,0
2026.02.06 09:39:00,92813.74,92824.48,92813.74,92824.48,180,78,0
2026.02.06 09:36:00,92802.94,92813.68,92802.94,92813.68,180,78,0
2026.02.06 09:33:00,92792.14,92802.88,92792.14,92802.88,180,78,0
2026.02.06 09:30:00,92813.18,92819.06,92787.28,92792.08,180,78,0
2026.02.06 09:27:00,92826.53,92829.17,92805.08,92813.12,180,78,0
2026.02.06 09:24:00,92855.95,92857.03,92817.71,92826.47,180,78,0
2026.02.06 09:21:00,92874.97,92877.43,92847.67,92855.89,180,78,0
2026.02.06 09:18:00,92864.17,92874.91,92864.17,92874.91,180,78,0
2026.02.06 09:15:00,92853.37,92864.11,92853.37,92864.11,180,78,0
2026.02.06 09:12:00,92842.57,92853.31,92842.57,92853.31,180,78,0
2026.02.06 09:09:00,92871.30,92881.80,92842.33,92842.51,180,78,0
2026.02.06 09:06:00,92899.56,92902.80,92870.76,92871.24,180,78,0
2026.02.06 09:03:00,92888.76,92899.50,92888.76,92899.50,180,78,0
2026.02.06 09:00:00,92901.16,92901.34,92878.20,92888.70,180,78,0
2026.02.06 08:57:00,92890.36,92901.10,92890.36,92901.10,180,78,0
2026.02.06 08:54:00,92919.12,92926.80,92887.30,92890.30,180,78,0
2026.02.06 08:51:00,92908.32,92919.06,92908.32,92919.06,180,78,0
2026.02.06 08:48:00,92897.52,92908.26,92897.52,92908.26,180,78,0
2026.02.06 08:45:00,92886.72,92897.46,92886.72,92897.46,180,78,0
2026.02.06 08:42:00,92912.10,92917.02,92880.90,92886.66,180,78,0
2026.02.06 08:39:00,92932.46,92938.46,92907.36,92912.04,180,78,0
2026.02.06 08:36:00,92921.66,92932.40,92921.66,92932.40,180,78,0
2026.02.06 08:33:00,92910.86,92921.60,92910.86,92921.60,180,78,0
2026.02.06 08:30:00,92900.06,92910.80,92900.06,92910.80,180,78,0
2026.02.06 08:27:00,92889.26,92900.00,92889.26,92900.00,180,78,0
2026.02.06 08:24:00,92878.46,92889.20,92878.46,92889.20,180,78,0
2026.02.06 08:21:00,92867.66,92878.40,92867.66,92878.40,180,78,0
2026.02.06 08:18:00,92856.86,92867.60,92856.86,92867.60,180,78,0
2026.02.06 08:15:00,92862.08,92866.22,92850.26,92856.80,180,78,0
2026.02.06 08:12:00,92878.47,92883.69,92856.56,92862.02,180,78,0
2026.02.06 08:09:00,92867.67,92878.41,92867.67,92878.41,180,78,0
2026.02.06 08:06:00,92856.87,92867.61,92856.87,92867.61,180,78,0
2026.02.06 08:03:00,92846.07,92856.81,92846.07,92856.81,180,78,0
2026.02.06 08:00:00,92835.27,92846.01,92835.27,92846.01,180,78,0
2026.02.06 07:57:00,92824.47,92835.21,92824.47,92835.21,180,78,0
2026.02.06 07:54:00,92813.67,92824.41,92813.67,92824.41,180,78,0
2026.02.06 07:51:00,92900.60,92902.58,92808.51,92813.61,180,78,0
2026.02.06 07:48:00,92889.80,92900.54,92889.80,92900.54,180,78,0
2026.02.06 07:45:00,92879.00,92889.74,92879.00,92889.74,180,78,0
2026.02.06 07:42:00,92868.20,92878.94,92868.20,92878.94,180,78,0
2026.02.06 07:39:00,92857.40,92868.14,92857.40,92868.14,180,78,0
2026.02.06 07:36:00,92863.35,92870.31,92853.62,92857.34,180,78,0
2026.02.06 07:33:00,92852.55,92863.29,92852.55,92863.29,180,78,0
2026.02.06 07:30:00,92841.75,92852.49,92841.75,92852.49,180,78,0
2026.02.06 07:27:00,92865.27,92874.09,92839.83,92841.69,180,78,0
2026.02.06 07:24:00,92854.47,92865.21,92854.47,92865.21,180,78,0
2026.02.06 07:21:00,92892.98,92899.22,92852.91,92854.41,180,78,0
2026.02.06 07:18:00,92882.18,92892.92,92882.18,92892.92,180,78,0
2026.02.06 07:15:00,92893.22,92898.74,92876.96,92882.12,180,78,0
2026.02.06 07:12:00,92882.42,92893.16,92882.42,92893.16,180,78,0
2026.02.06 07:09:00,92871.62,92882.36,92871.62,92882.36,180,78,0
2026.02.06 07:06:00,92860.82,92871.56,92860.82,92871.56,180,78,0
2026.02.06 07:03:00,92881.69,92886.55,92854.94,92860.76,180,78,0
2026.02.06 07:00:00,92870.89,92881.63,92870.89,92881.63,180,78,0
2026.02.06 06:57:00,92860.09,92870.83,92860.09,92870.83,180,78,0
2026.02.06 06:54:00,92849.29,92860.03,92849.29,92860.03,180,78,0
2026.02.06 06:51:00,92838.49,92849.23,92838.49,92849.23,180,78,0
2026.02.06 06:48:00,92827.69,92838.43,92827.69,92838.43,180,78,0
2026.02.06 06:45:00,92831.85,92840.49,92825.59,92827.63,180,78,0
2026.02.06 06:42:00,92821.05,92831.79,92821.05,92831.79,180,78,0
2026.02.06 06:39:00,92810.25,92820.99,92810.25,92820.99,180,78,0
2026.02.06 06:36:00,92799.45,92810.19,92799.45,92810.19,180,78,0
2026.02.06 06:33:00,92804.88,92814.06,92797.89,92799.39,180,78,0
2026.02.06 06:30:00,92794.08,92804.82,92794.08,92804.82,180,78,0
2026.02.06 06:27:00,92817.80,92827.16,92792.70,92794.02,180,78,0
2026.02.06 06:24:00,92807.00,92817.74,92807.00,92817.74,180,78,0
2026.02.06 06:21:00,92796.20,92806.94,92796.20,92806.94,180,78,0
2026.02.06 06:18:00,92828.54,92837.78,92795.72,92796.14,180,78,0
2026.02.06 06:15:00,92895.33,92901.39,92826.08,92828.48,180,78,0
2026.02.06 06:12:00,92898.14,92903.90,92890.35,92895.27,180,78,0
2026.02.06 06:09:00,92887.34,92898.08,92887.34,92898.08,180,78,0
2026.02.06 06:06:00,92890.20,92898.12,92884.52,92887.28,180,78,0
2026.02.06 06:03:00,92879.40,92890.14,92879.40,92890.14,180,78,0
2026.02.06 06:00:00,92892.71,92899.19,92875.14,92879.34,180,78,0
2026.02.06 05:57:00,92914.00,92917.66,92885.63,92892.65,180,78,0
2026.02.06 05:54:00,92940.09,92944.53,92907.70,92913.94,180,78,0
2026.02.06 05:51:00,92929.29,92940.03,92929.29,92940.03,180,78,0
2026.02.06 05:48:00,92918.49,92929.23,92918.49,92929.23,180,78,0
2026.02.06 05:45:00,92907.69,92918.43,92907.69,92918.43,180,78,0
2026.02.06 05:42:00,92896.89,92907.63,92896.89,92907.63,180,78,0
2026.02.06 05:39:00,92886.09,92896.83,92886.09,92896.83,180,78,0
2026.02.06 05:36:00,92926.39,92928.79,92880.21,92886.03,180,78,0
2026.02.06 05:33:00,92915.59,92926.33,92915.59,92926.33,180,78,0
2026.02.06 05:30:00,92904.79,92915.53,92904.79,92915.53,180,78,0
2026.02.06 05:27:00,92893.99,92904.73,92893.99,92904.73,180,78,0
2026.02.06 05:24:00,92924.67,92931.75,92892.91,92893.93,180,78,0
2026.02.06 05:21:00,92926.93,92932.09,92919.09,92924.61,180,78,0
2026.02.06 05:18:00,92916.13,92926.87,92916.13,92926.87,180,78,0
2026.02.06 05:15:00,92905.33,92916.07,92905.33,92916.07,180,78,0
2026.02.06 05:12:00,92912.42,92922.74,92904.91,92905.27,180,78,0
2026.02.06 05:09:00,92901.62,92912.36,92901.62,92912.36,180,78,0
2026.02.06 05:06:00,92890.82,92901.56,92890.82,92901.56,180,78,0
2026.02.06 05:03:00,92901.13,92904.97,92883.92,92890.76,180,78,0
2026.02.06 05:00:00,92890.33,92901.07,92890.33,92901.07,180,78,0
2026.02.06 04:57:00,92899.34,92909.30,92889.55,92890.27,180,78,0
2026.02.06 04:54:00,92931.34,92933.68,92890.94,92899.28,180,78,0
2026.02.06 04:51:00,92920.54,92931.28,92920.54,92931.28,180,78,0
2026.02.06 04:48:00,92931.16,92938.12,92916.76,92920.48,180,78,0
2026.02.06 04:45:00,92944.90,92948.14,92923.66,92931.10,180,78,0
2026.02.06 04:42:00,92934.10,92944.84,92934.10,92944.84,180,78,0
2026.02.06 04:39:00,92923.30,92934.04,92923.30,92934.04,180,78,0
2026.02.06 04:36:00,92940.95,92941.25,92912.86,92923.24,180,78,0
2026.02.06 04:33:00,92930.15,92940.89,92930.15,92940.89,180,78,0
2026.02.06 04:30:00,92945.08,92946.64,92920.97,92930.09,180,78,0
2026.02.06 04:27:00,92955.28,92961.22,92940.28,92945.02,180,78,0
2026.02.06 04:24:00,92944.48,92955.22,92944.48,92955.22,180,78,0
2026.02.06 04:21:00,92970.76,92975.56,92938.60,92944.42,180,78,0
2026.02.06 04:18:00,92959.96,92970.70,92959.96,92970.70,180,78,0
2026.02.06 04:15:00,92973.13,92979.61,92955.70,92959.90,180,78,0
2026.02.06 04:12:00,92981.86,92983.84,92964.37,92973.07,180,78,0
2026.02.06 04:09:00,92971.06,92981.80,92971.06,92981.80,180,78,0
2026.02.06 04:06:00,93006.67,93007.69,92965.12,92971.00,180,78,0
2026.02.06 04:03:00,93038.77,93046.39,93004.33,93006.61,180,78,0
2026.02.06 04:00:00,93054.12,93058.44,93032.35,93038.71,180,78,0
2026.02.06 03:57:00,93073.62,93075.00,93044.76,93054.06,180,78,0
2026.02.06 03:54:00,93062.82,93073.56,93062.82,93073.56,180,78,0
2026.02.06 03:51:00,93052.02,93062.76,93052.02,93062.76,180,78,0
2026.02.06 03:48:00,93073.55,93077.63,93045.36,93051.96,180,78,0
2026.02.06 03:45:00,93062.75,93073.49,93062.75,93073.49,180,78,0
2026.02.06 03:42:00,93051.95,93062.69,93051.95,93062.69,180,78,0
2026.02.06 03:39:00,93041.15,93051.89,93041.15,93051.89,180,78,0
2026.02.06 03:36:00,93055.45,93064.75,93039.71,93041.09,180,78,0
2026.02.06 03:33:00,93063.54,93070.98,93052.15,93055.39,180,78,0
2026.02.06 03:30:00,93069.16,93071.74,93055.38,93063.48,180,78,0
2026.02.06 03:27:00,93130.49,93133.19,93063.76,93069.10,180,78,0
2026.02.06 03:24:00,93119.69,93130.43,93119.69,93130.43,180,78,0
2026.02.06 03:21:00,93108.89,93119.63,93108.89,93119.63,180,78,0
2026.02.06 03:18:00,93098.09,93108.83,93098.09,93108.83,180,78,0
2026.02.06 03:15:00,93118.84,93127.96,93096.47,93098.03,180,78,0
2026.02.06 03:12:00,93108.04,93118.78,93108.04,93118.78,180,78,0
2026.02.06 03:09:00,93097.24,93107.98,93097.24,93107.98,180,78,0
2026.02.06 03:06:00,93086.44,93097.18,93086.44,93097.18,180,78,0
2026.02.06 03:03:00,93088.26,93098.64,93086.08,93086.38,180,78,0
2026.02.06 03:00:00,93077.46,93088.20,93077.46,93088.20,180,78,0
2026.02.06 02:57:00,93127.20,93127.38,93076.74,93077.40,180,78,0
2026.02.06 02:54:00,93171.54,93174.30,93126.78,93127.14,180,78,0
2026.02.06 02:51:00,93160.74,93171.48,93160.74,93171.48,180,78,0
2026.02.06 02:48:00,93169.57,93173.53,93153.96,93160.68,180,78,0
2026.02.06 02:45:00,93178.31,93180.59,93161.11,93169.51,180,78,0
2026.02.06 02:42:00,93167.51,93178.25,93167.51,93178.25,180,78,0
2026.02.06 02:39:00,93156.71,93167.45,93156.71,93167.45,180,78,0
2026.02.06 02:36:00,93145.91,93156.65,93145.91,93156.65,180,78,0
2026.02.06 02:33:00,93152.23,93152.83,93135.77,93145.85,180,78,0
2026.02.06 02:30:00,93141.43,93152.17,93141.43,93152.17,180,78,0
2026.02.06 02:27:00,93130.63,93141.37,93130.63,93141.37,180,78,0
2026.02.06 02:24:00,93119.83,93130.57,93119.83,93130.57,180,78,0
2026.02.06 02:21:00,93109.03,93119.77,93109.03,93119.77,180,78,0
2026.02.06 02:18:00,93098.23,93108.97,93098.23,93108.97,180,78,0
2026.02.06 02:15:00,93087.43,93098.17,93087.43,93098.17,180,78,0
2026.02.06 02:12:00,93076.63,93087.37,93076.63,93087.37,180,78,0
2026.02.06 02:09:00,93111.71,93117.11,93071.29,93076.57,180,78,0
2026.02.06 02:06:00,93100.91,93111.65,93100.91,93111.65,180,78,0
2026.02.06 02:03:00,93090.11,93100.85,93090.11,93100.85,180,78,0
2026.02.06 02:00:00,93079.31,93090.05,93079.31,93090.05,180,78,0
2026.02.06 01:57:00,93068.51,93079.25,93068.51,93079.25,180,78,0
2026.02.06 01:54:00,93117.27,93118.11,93063.29,93068.45,180,78,0
2026.02.06 01:51:00,93131.66,93138.20,93113.07,93117.21,180,78,0
2026.02.06 01:48:00,93120.86,93131.60,93120.86,93131.60,180,78,0
2026.02.06 01:45:00,93145.11,93152.79,93117.80,93120.80,180,78,0
2026.02.06 01:42:00,93134.31,93145.05,93134.31,93145.05,180,78,0
2026.02.06 01:39:00,93123.51,93134.25,93123.51,93134.25,180,78,0
2026.02.06 01:36:00,93112.71,93123.45,93112.71,93123.45,180,78,0
2026.02.06 01:33:00,93121.34,93128.72,93109.35,93112.65,180,78,0
2026.02.06 01:30:00,93125.47,93132.73,93117.86,93121.28,180,78,0
2026.02.06 01:27:00,93114.67,93125.41,93114.67,93125.41,180,78,0
2026.02.06 01:24:00,93103.87,93114.61,93103.87,93114.61,180,78,0
2026.02.06 01:21:00,93093.07,93103.81,93093.07,93103.81,180,78,0
2026.02.06 01:18:00,93082.27,93093.01,93082.27,93093.01,180,78,0
2026.02.06 01:15:00,93071.47,93082.21,93071.47,93082.21,180,78,0
2026.02.06 01:12:00,93060.67,93071.41,93060.67,93071.41,180,78,0
2026.02.06 01:09:00,93049.87,93060.61,93049.87,93060.61,180,78,0
2026.02.06 01:06:00,93039.07,93049.81,93039.07,93049.81,180,78,0
2026.02.06 01:03:00,93043.64,93046.52,93031.21,93039.01,180,78,0
2026.02.06 01:00:00,93032.84,93043.58,93032.84,93043.58,180,78,0
2026.02.06 00:57:00,93022.04,93032.78,93022.04,93032.78,180,78,0
2026.02.06 00:54:00,93011.24,93021.98,93011.24,93021.98,180,78,0
2026.02.06 00:51:00,93000.44,93011.18,93000.44,93011.18,180,78,0
2026.02.06 00:48:00,92989.64,93000.38,92989.64,93000.38,180,78,0
2026.02.06 00:45:00,93032.69,93033.53,92986.64,92989.58,180,78,0
2026.02.06 00:42:00,93040.30,93043.60,93025.25,93032.63,180,78,0
2026.02.06 00:39:00,93059.15,93064.55,93037.36,93040.24,180,78,0
2026.02.06 00:36:00,93048.35,93059.09,93048.35,93059.09,180,78,0
2026.02.06 00:33:00,93063.71,93073.67,93047.57,93048.29,180,78,0
2026.02.06 00:30:00,93104.22,93105.06,93057.71,93063.65,180,78,0
2026.02.06 00:27:00,93093.42,93104.16,93093.42,93104.16,180,78,0
2026.02.06 00:24:00,93082.62,93093.36,93082.62,93093.36,180,78,0
2026.02.06 00:21:00,93071.82,93082.56,93071.82,93082.56,180,78,0
2026.02.06 00:18:00,93061.02,93071.76,93061.02,93071.76,180,78,0
2026.02.06 00:15:00,93069.29,93074.03,93055.02,93060.96,180,78,0
2026.02.06 00:12:00,93058.49,93069.23,93058.49,93069.23,180,78,0
2026.02.06 00:09:00,93047.69,93058.43,93047.69,93058.43,180,78,0
2026.02.06 00:06:00,93051.06,93056.10,93041.99,93047.63,180,78,0
2026.02.06 00:03:00,93040.26,93051.00,93040.26,93051.00,180,78,0
2026.02.06 00:00:00,93117.18,93121.26,93037.80,93040.20,180,78,0
2026.02.05 23:57:00,93132.84,93142.74,93116.34,93117.12,180,78,0
2026.02.05 23:54:00,93146.57,93149.21,93124.74,93132.78,180,78,0
2026.02.05 23:51:00,93152.78,93156.74,93139.79,93146.51,180,78,0
2026.02.05 23:48:00,93141.98,93152.72,93141.98,93152.72,180,78,0
2026.02.05 23:45:00,93131.18,93141.92,93131.18,93141.92,180,78,0
2026.02.05 23:42:00,93146.63,93146.63,93120.44,93131.12,180,78,0
2026.02.05 23:39:00,93135.83,93146.57,93135.83,93146.57,180,78,0
2026.02.05 23:36:00,93125.03,93135.77,93125.03,93135.77,180,78,0
2026.02.05 23:33:00,93149.43,93157.35,93122.21,93124.97,180,78,0
2026.02.05 23:30:00,93172.75,93179.47,93145.41,93149.37,180,78,0
2026.02.05 23:27:00,93161.95,93172.69,93161.95,93172.69,180,78,0
2026.02.05 23:24:00,93151.15,93161.89,93151.15,93161.89,180,78,0
2026.02.05 23:21:00,93140.35,93151.09,93140.35,93151.09,180,78,0
2026.02.05 23:18:00,93147.69,93156.03,93137.95,93140.29,180,78,0
2026.02.05 23:15:00,93136.89,93147.63,93136.89,93147.63,180,78,0
2026.02.05 23:12:00,93171.37,93175.45,93130.23,93136.83,180,78,0
2026.02.05 23:09:00,93160.57,93171.31,93160.57,93171.31,180,78,0
2026.02.05 23:06:00,93149.77,93160.51,93149.77,93160.51,180,78,0
2026.02.05 23:03:00,93138.97,93149.71,93138.97,93149.71,180,78,0
2026.02.05 23:00:00,93128.17,93138.91,93128.17,93138.91,180,78,0
2026.02.05 22:57:00,93173.15,93175.91,93127.51,93128.11,180,78,0
2026.02.05 22:54:00,93195.72,93201.24,93167.93,93173.09,180,78,0
2026.02.05 22:51:00,93184.92,93195.66,93184.92,93195.66,180,78,0
2026.02.05 22:48:00,93174.12,93184.86,93174.12,93184.86,180,78,0
2026.02.05 22:45:00,93190.85,93195.59,93168.12,93174.06,180,78,0
2026.02.05 22:42:00,93180.05,93190.79,93180.05,93190.79,180,78,0
2026.02.05 22:39:00,93169.25,93179.99,93169.25,93179.99,180,78,0
2026.02.05 22:36:00,93158.45,93169.19,93158.45,93169.19,180,78,0
2026.02.05 22:33:00,93147.65,93158.39,93147.65,93158.39,180,78,0
2026.02.05 22:30:00,93136.85,93147.59,93136.85,93147.59,180,78,0
2026.02.05 22:27:00,93126.05,93136.79,93126.05,93136.79,180,78,0
2026.02.05 22:24:00,93115.25,93125.99,93115.25,93125.99,180,78,0
2026.02.05 22:21:00,93104.45,93115.19,93104.45,93115.19,180,78,0
2026.02.05 22:18:00,93093.65,93104.39,93093.65,93104.39,180,78,0
2026.02.05 22:15:00,93115.17,93118.89,93086.63,93093.59,180,78,0
2026.02.05 22:12:00,93119.70,93129.66,93114.39,93115.11,180,78,0
2026.02.05 22:09:00,93108.90,93119.64,93108.90,93119.64,180,78,0
2026.02.05 22:06:00,93098.10,93108.84,93098.10,93108.84,180,78,0
2026.02.05 22:03:00,93087.30,93098.04,93087.30,93098.04,180,78,0
2026.02.05 22:00:00,93094.79,93100.61,93082.38,93087.24,180,78,0
2026.02.05 21:57:00,93083.99,93094.73,93083.99,93094.73,180,78,0
2026.02.05 21:54:00,93085.44,93090.00,93077.81,93083.93,180,78,0
2026.02.05 21:51:00,93102.07,93110.83,93083.88,93085.38,180,78,0
2026.02.05 21:48:00,93091.27,93102.01,93091.27,93102.01,180,78,0
2026.02.05 21:45:00,93111.86,93119.48,93088.15,93091.21,180,78,0
2026.02.05 21:42:00,93101.06,93111.80,93101.06,93111.80,180,78,0
2026.02.05 21:39:00,93090.26,93101.00,93090.26,93101.00,180,78,0
2026.02.05 21:36:00,93114.21,93118.29,93083.60,93090.20,180,78,0
2026.02.05 21:33:00,93103.41,93114.15,93103.41,93114.15,180,78,0
2026.02.05 21:30:00,93092.61,93103.35,93092.61,93103.35,180,78,0
2026.02.05 21:27:00,93081.81,93092.55,93081.81,93092.55,180,78,0
2026.02.05 21:24:00,93071.01,93081.75,93071.01,93081.75,180,78,0
2026.02.05 21:21:00,93060.21,93070.95,93060.21,93070.95,180,78,0
2026.02.05 21:18:00,93072.47,93074.87,93051.87,93060.15,180,78,0
2026.02.05 21:15:00,93088.40,93095.84,93069.17,93072.41,180,78,0
2026.02.05 21:12:00,93077.60,93088.34,93077.60,93088.34,180,78,0
2026.02.05 21:09:00,93066.80,93077.54,93066.80,93077.54,180,78,0
2026.02.05 21:06:00,93069.75,93075.39,93061.70,93066.74,180,78,0
2026.02.05 21:03:00,93058.95,93069.69,93058.95,93069.69,180,78,0
2026.02.05 21:00:00,93048.15,93058.89,93048.15,93058.89,180,78,0
2026.02.05 20:57:00,93065.69,93074.93,93046.65,93048.09,180,78,0
2026.02.05 20:54:00,93054.89,93065.63,93054.89,93065.63,180,78,0
2026.02.05 20:51:00,93044.09,93054.83,93044.09,93054.83,180,78,0
2026.02.05 20:48:00,93033.29,93044.03,93033.29,93044.03,180,78,0
2026.02.05 20:45:00,93022.49,93033.23,93022.49,93033.23,180,78,0
2026.02.05 20:42:00,93027.70,93030.88,93014.93,93022.43,180,78,0
2026.02.05 20:39:00,93047.81,93053.51,93022.66,93027.64,180,78,0
2026.02.05 20:36:00,93037.01,93047.75,93037.01,93047.75,180,78,0
2026.02.05 20:33:00,93026.21,93036.95,93026.21,93036.95,180,78,0
2026.02.05 20:30:00,93015.41,93026.15,93015.41,93026.15,180,78,0
2026.02.05 20:27:00,93032.45,93041.33,93014.81,93015.35,180,78,0
2026.02.05 20:24:00,93021.65,93032.39,93021.65,93032.39,180,78,0
2026.02.05 20:21:00,93010.85,93021.59,93010.85,93021.59,180,78,0
2026.02.05 20:18:00,93000.05,93010.79,93000.05,93010.79,180,78,0
2026.02.05 20:15:00,92989.25,92999.99,92989.25,92999.99,180,78,0
2026.02.05 20:12:00,92978.45,92989.19,92978.45,92989.19,180,78,0
2026.02.05 20:09:00,92967.65,92978.39,92967.65,92978.39,180,78,0
2026.02.05 20:06:00,92956.85,92967.59,92956.85,92967.59,180,78,0
2026.02.05 20:03:00,92946.05,92956.79,92946.05,92956.79,180,78,0
2026.02.05 20:00:00,92969.43,92970.51,92941.31,92945.99,180,78,0
2026.02.05 19:57:00,92958.63,92969.37,92958.63,92969.37,180,78,0
2026.02.05 19:54:00,93005.85,93016.11,92958.27,92958.57,180,78,0
2026.02.05 19:51:00,92995.05,93005.79,92995.05,93005.79,180,78,0
2026.02.05 19:48:00,93015.35,93024.23,92993.85,92994.99,180,78,0
2026.02.05 19:45:00,93004.55,93015.29,93004.55,93015.29,180,78,0
2026.02.05 19:42:00,93006.54,93010.92,92998.19,93004.49,180,78,0
2026.02.05 19:39:00,92995.74,93006.48,92995.74,93006.48,180,78,0
2026.02.05 19:36:00,92984.94,92995.68,92984.94,92995.68,180,78,0
2026.02.05 19:33:00,92974.14,92984.88,92974.14,92984.88,180,78,0
2026.02.05 19:30:00,92976.98,92980.58,92967.00,92974.08,180,78,0
2026.02.05 19:27:00,92966.18,92976.92,92966.18,92976.92,180,78,0
2026.02.05 19:24:00,92955.38,92966.12,92955.38,92966.12,180,78,0
2026.02.05 19:21:00,92944.58,92955.32,92944.58,92955.32,180,78,0
2026.02.05 19:18:00,92933.78,92944.52,92933.78,92944.52,180,78,0
2026.02.05 19:15:00,92936.95,92941.69,92927.78,92933.72,180,78,0
2026.02.05 19:12:00,92926.15,92936.89,92926.15,92936.89,180,78,0
2026.02.05 19:09:00,92948.82,92955.24,92924.71,92926.09,180,78,0
2026.02.05 19:06:00,92938.02,92948.76,92938.02,92948.76,180,78,0
2026.02.05 19:03:00,92927.22,92937.96,92927.22,92937.96,180,78,0
2026.02.05 19:00:00,92916.42,92927.16,92916.42,92927.16,180,78,0
2026.02.05 18:57:00,92905.62,92916.36,92905.62,92916.36,180,78,0
2026.02.05 18:54:00,92894.82,92905.56,92894.82,92905.56,180,78,0
2026.02.05 18:51:00,92884.02,92894.76,92884.02,92894.76,180,78,0
2026.02.05 18:48:00,92873.22,92883.96,92873.22,92883.96,180,78,0
2026.02.05 18:45:00,92877.19,92886.79,92872.08,92873.16,180,78,0
2026.02.05 18:42:00,92917.13,92925.23,92875.15,92877.13,180,78,0
2026.02.05 18:39:00,92906.33,92917.07,92906.33,92917.07,180,78,0
2026.02.05 18:36:00,92935.91,92943.17,92903.99,92906.27,180,78,0
2026.02.05 18:33:00,92925.11,92935.85,92925.11,92935.85,180,78,0
2026.02.05 18:30:00,92914.31,92925.05,92914.31,92925.05,180,78,0
2026.02.05 18:27:00,92932.74,92939.70,92910.53,92914.25,180,78,0
2026.02.05 18:24:00,92948.89,92959.39,92932.50,92932.68,180,78,0
2026.02.05 18:21:00,92938.09,92948.83,92938.09,92948.83,180,78,0
2026.02.05 18:18:00,92940.57,92944.59,92931.37,92938.03,180,78,0
2026.02.05 18:15:00,92929.77,92940.51,92929.77,92940.51,180,78,0
2026.02.05 18:12:00,92956.74,92960.82,92923.11,92929.71,180,78,0
2026.02.05 18:09:00,92945.94,92956.68,92945.94,92956.68,180,78,0
2026.02.05 18:06:00,92935.14,92945.88,92935.14,92945.88,180,78,0
2026.02.05 18:03:00,92924.34,92935.08,92924.34,92935.08,180,78,0
2026.02.05 18:00:00,92984.56,92986.42,92923.14,92924.28,180,78,0
2026.02.05 17:57:00,92973.76,92984.50,92973.76,92984.50,180,78,0
2026.02.05 17:54:00,92962.96,92973.70,92962.96,92973.70,180,78,0
2026.02.05 17:51:00,92952.16,92962.90,92952.16,92962.90,180,78,0
2026.02.05 17:48:00,92958.63,92959.65,92942.44,92952.10,180,78,0
2026.02.05 17:45:00,92947.83,92958.57,92947.83,92958.57,180,78,0
2026.02.05 17:42:00,92937.03,92947.77,92937.03,92947.77,180,78,0
2026.02.05 17:39:00,92926.23,92936.97,92926.23,92936.97,180,78,0
2026.02.05 17:36:00,92915.43,92926.17,92915.43,92926.17,180,78,0
2026.02.05 17:33:00,92935.85,92941.07,92909.91,92915.37,180,78,0
2026.02.05 17:30:00,92925.05,92935.79,92925.05,92935.79,180,78,0
2026.02.05 17:27:00,92914.25,92924.99,92914.25,92924.99,180,78,0
2026.02.05 17:24:00,92903.45,92914.19,92903.45,92914.19,180,78,0
2026.02.05 17:21:00,92892.65,92903.39,92892.65,92903.39,180,78,0
2026.02.05 17:18:00,92899.02,92909.64,92892.53,92892.59,180,78,0
2026.02.05 17:15:00,92888.22,92898.96,92888.22,92898.96,180,78,0
2026.02.05 17:12:00,92877.42,92888.16,92877.42,92888.16,180,78,0
2026.02.05 17:09:00,92866.62,92877.36,92866.62,92877.36,180,78,0
2026.02.05 17:06:00,92903.75,92904.05,92859.90,92866.56,180,78,0
2026.02.05 17:03:00,92892.95,92903.69,92892.95,92903.69,180,78,0
2026.02.05 17:00:00,92882.15,92892.89,92882.15,92892.89,180,78,0
2026.02.05 16:57:00,92871.35,92882.09,92871.35,92882.09,180,78,0
2026.02.05 16:54:00,92860.55,92871.29,92860.55,92871.29,180,78,0
2026.02.05 16:51:00,92879.75,92883.65,92853.71,92860.49,180,78,0
2026.02.05 16:48:00,92868.95,92879.69,92868.95,92879.69,180,78,0
2026.02.05 16:45:00,92858.15,92868.89,92858.15,92868.89,180,78,0
2026.02.05 16:42:00,92847.35,92858.09,92847.35,92858.09,180,78,0
2026.02.05 16:39:00,92887.11,92889.21,92844.71,92847.29,180,78,0
2026.02.05 16:36:00,92876.31,92887.05,92876.31,92887.05,180,78,0
2026.02.05 16:33:00,92865.51,92876.25,92865.51,92876.25,180,78,0
2026.02.05 16:30:00,92854.71,92865.45,92854.71,92865.45,180,78,0
2026.02.05 16:27:00,92843.91,92854.65,92843.91,92854.65,180,78,0
2026.02.05 16:24:00,92833.11,92843.85,92833.11,92843.85,180,78,0
2026.02.05 16:21:00,92822.31,92833.05,92822.31,92833.05,180,78,0
2026.02.05 16:18:00,92811.51,92822.25,92811.51,92822.25,180,78,0
2026.02.05 16:15:00,92842.16,92845.88,92809.23,92811.45,180,78,0
2026.02.05 16:12:00,92831.36,92842.10,92831.36,92842.10,180,78,0
2026.02.05 16:09:00,92820.56,92831.30,92820.56,92831.30,180,78,0
2026.02.05 16:06:00,92809.76,92820.50,92809.76,92820.50,180,78,0
2026.02.05 16:03:00,92798.96,92809.70,92798.96,92809.70,180,78,0
2026.02.05 16:00:00,92788.16,92798.90,92788.16,92798.90,180,78,0
2026.02.05 15:57:00,92777.36,92788.10,92777.36,92788.10,180,78,0
2026.02.05 15:54:00,92766.56,92777.30,92766.56,92777.30,180,78,0
2026.02.05 15:51:00,92755.76,92766.50,92755.76,92766.50,180,78,0
2026.02.05 15:48:00,92744.96,92755.70,92744.96,92755.70,180,78,0
2026.02.05 15:45:00,92747.12,92755.46,92742.56,92744.90,180,78,0
2026.02.05 15:42:00,92771.09,92781.53,92763.02,92763.26,180,78,0
2026.02.05 15:39:00,92801.19,92809.17,92768.33,92771.03,180,78,0
2026.02.05 15:36:00,92790.39,92801.13,92790.39,92801.13,180,78,0
2026.02.05 15:33:00,92805.59,92811.47,92785.53,92790.33,180,78,0
2026.02.05 15:30:00,92794.79,92805.53,92794.79,92805.53,180,78,0
2026.02.05 15:27:00,92783.99,92794.73,92783.99,92794.73,180,78,0
2026.02.05 15:24:00,92773.19,92783.93,92773.19,92783.93,180,78,0
2026.02.05 15:21:00,92762.39,92773.13,92762.39,92773.13,180,78,0
2026.02.05 15:18:00,92779.65,92780.85,92752.85,92762.33,180,78,0
2026.02.05 15:15:00,92768.85,92779.59,92768.85,92779.59,180,78,0
2026.02.05 15:12:00,92780.66,92790.08,92767.53,92768.79,180,78,0
2026.02.05 15:09:00,92787.89,92796.53,92778.56,92780.60,180,78,0
2026.02.05 15:06:00,92777.09,92787.83,92777.09,92787.83,180,78,0
2026.02.05 15:03:00,92766.29,92777.03,92766.29,92777.03,180,78,0
2026.02.05 15:00:00,92777.70,92787.36,92765.21,92766.23,180,78,0
2026.02.05 14:57:00,92766.90,92777.64,92766.90,92777.64,180,78,0
2026.02.05 14:54:00,92786.09,92790.35,92766.66,92766.84,180,78,0
2026.02.05 14:51:00,92788.05,92791.17,92778.47,92786.03,180,78,0
2026.02.05 14:48:00,92777.25,92787.99,92777.25,92787.99,180,78,0
2026.02.05 14:45:00,92786.34,92797.08,92786.34,92797.08,180,78,0
2026.02.05 14:42:00,92775.54,92786.28,92775.54,92786.28,180,78,0
2026.02.05 14:39:00,92777.08,92781.88,92769.60,92775.48,180,78,0
2026.02.05 14:36:00,92766.28,92777.02,92766.28,92777.02,180,78,0
2026.02.05 14:33:00,92774.73,92779.29,92760.10,92766.22,180,78,0
2026.02.05 14:30:00,92789.43,92790.63,92765.19,92774.67,180,78,0
2026.02.05 14:27:00,92778.63,92789.37,92778.63,92789.37,180,78,0
2026.02.05 14:24:00,92787.61,92796.19,92776.47,92778.57,180,78,0
2026.02.05 14:21:00,92776.81,92787.55,92776.81,92787.55,180,78,0
2026.02.05 14:18:00,92766.01,92776.75,92766.01,92776.75,180,78,0
2026.02.05 14:15:00,92755.21,92765.95,92755.21,92765.95,180,78,0
2026.02.05 14:12:00,92744.41,92755.15,92744.41,92755.15,180,78,0
2026.02.05 14:09:00,92733.61,92744.35,92733.61,92744.35,180,78,0
2026.02.05 14:06:00,92750.54,92758.34,92730.67,92733.55,180,78,0
2026.02.05 14:03:00,92774.03,92776.37,92742.14,92750.48,180,78,0
2026.02.05 14:00:00,92802.82,92807.50,92767.97,92773.97,180,78,0
2026.02.05 13:57:00,92792.02,92802.76,92792.02,92802.76,180,78,0
2026.02.05 13:54:00,92809.41,92815.59,92787.46,92791.96,180,78,0
2026.02.05 13:51:00,92798.61,92809.35,92798.61,92809.35,180,78,0
2026.02.05 13:48:00,92802.70,92804.26,92789.43,92798.55,180,78,0
2026.02.05 13:45:00,92791.90,92802.64,92791.90,92802.64,180,78,0
2026.02.05 13:42:00,92781.10,92791.84,92781.10,92791.84,180,78,0
2026.02.05 13:39:00,92770.30,92781.04,92770.30,92781.04,180,78,0
2026.02.05 13:36:00,92759.50,92770.24,92759.50,92770.24,180,78,0
2026.02.05 13:33:00,92748.70,92759.44,92748.70,92759.44,180,78,0
2026.02.05 13:30:00,92759.03,92764.31,92743.24,92748.64,180,78,0
2026.02.05 13:27:00,92748.23,92758.97,92748.23,92758.97,180,78,0
2026.02.05 13:24:00,92757.83,92762.33,92741.99,92748.17,180,78,0
2026.02.05 13:21:00,92747.03,92757.77,92747.03,92757.77,180,78,0
2026.02.05 13:18:00,92736.23,92746.97,92736.23,92746.97,180,78,0
2026.02.05 13:15:00,92725.43,92736.17,92725.43,92736.17,180,78,0
2026.02.05 13:12:00,92731.70,92741.24,92724.23,92725.37,180,78,0
2026.02.05 13:09:00,92720.90,92731.64,92720.90,92731.64,180,78,0
2026.02.05 13:06:00,92710.10,92720.84,92710.10,92720.84,180,78,0
2026.02.05 13:03:00,92699.30,92710.04,92699.30,92710.04,180,78,0
2026.02.05 13:00:00,92688.50,92699.24,92688.50,92699.24,180,78,0
2026.02.05 12:57:00,92677.70,92688.44,92677.70,92688.44,180,78,0
2026.02.05 12:54:00,92689.21,92690.89,92668.64,92677.64,180,78,0
2026.02.05 12:51:00,92678.41,92689.15,92678.41,92689.15,180,78,0
2026.02.05 12:48:00,92667.61,92678.35,92667.61,92678.35,180,78,0
2026.02.05 12:45:00,92681.09,92683.91,92659.69,92667.55,180,78,0
2026.02.05 12:42:00,92670.29,92681.03,92670.29,92681.03,180,78,0
2026.02.05 12:39:00,92659.49,92670.23,92659.49,92670.23,180,78,0
2026.02.05 12:36:00,92709.17,92710.49,92658.53,92659.43,180,78,0
2026.02.05 12:33:00,92698.37,92709.11,92698.37,92709.11,180,78,0
2026.02.05 12:30:00,92687.57,92698.31,92687.57,92698.31,180,78,0
2026.02.05 12:27:00,92676.77,92687.51,92676.77,92687.51,180,78,0
2026.02.05 12:24:00,92665.97,92676.71,92665.97,92676.71,180,78,0
2026.02.05 12:21:00,92655.17,92665.91,92655.17,92665.91,180,78,0
2026.02.05 12:18:00,92644.37,92655.11,92644.37,92655.11,180,78,0
2026.02.05 12:15:00,92633.57,92644.31,92633.57,92644.31,180,78,0
2026.02.05 12:12:00,92622.77,92633.51,92622.77,92633.51,180,78,0
2026.02.05 12:09:00,92611.97,92622.71,92611.97,92622.71,180,78,0
2026.02.05 12:06:00,92601.17,92611.91,92601.17,92611.91,180,78,0
2026.02.05 12:03:00,92613.71,92619.11,92595.83,92601.11,180,78,0
2026.02.05 12:00:00,92626.18,92626.36,92603.15,92613.65,180,78,0
2026.02.05 11:57:00,92627.55,92637.21,92625.10,92626.12,180,78,0
2026.02.05 11:54:00,92629.22,92639.96,92629.22,92639.96,180,78,0
2026.02.05 11:51:00,92618.42,92629.16,92618.42,92629.16,180,78,0
2026.02.05 11:48:00,92607.62,92618.36,92607.62,92618.36,180,78,0
2026.02.05 11:45:00,92596.82,92607.56,92596.82,92607.56,180,78,0
2026.02.05 11:42:00,92617.81,92624.53,92592.80,92596.76,180,78,0
2026.02.05 11:39:00,92607.01,92617.75,92607.01,92617.75,180,78,0
2026.02.05 11:36:00,92617.83,92626.35,92604.79,92606.95,180,78,0
2026.02.05 11:33:00,92654.23,92659.45,92617.47,92617.77,180,78,0
2026.02.05 11:30:00,92643.43,92654.17,92643.43,92654.17,180,78,0
2026.02.05 11:27:00,92632.63,92643.37,92632.63,92643.37,180,78,0
2026.02.05 11:24:00,92621.83,92632.57,92621.83,92632.57,180,78,0
2026.02.05 11:21:00,92611.03,92621.77,92611.03,92621.77,180,78,0
2026.02.05 11:18:00,92600.23,92610.97,92600.23,92610.97,180,78,0
2026.02.05 11:15:00,92614.52,92621.48,92596.45,92600.17,180,78,0
2026.02.05 11:12:00,92603.72,92614.46,92603.72,92614.46,180,78,0
2026.02.05 11:09:00,92619.40,92627.20,92600.78,92603.66,180,78,0
2026.02.05 11:06:00,92608.60,92619.34,92608.60,92619.34,180,78,0
2026.02.05 11:03:00,92597.80,92608.54,92597.80,92608.54,180,78,0
2026.02.05 11:00:00,92587.00,92597.74,92587.00,92597.74,180,78,0
2026.02.05 10:57:00,92604.95,92615.51,92586.82,92586.94,180,78,0
2026.02.05 10:54:00,92594.15,92604.89,92594.15,92604.89,180,78,0
2026.02.05 10:51:00,92583.35,92594.09,92583.35,92594.09,180,78,0
2026.02.05 10:48:00,92572.55,92583.29,92572.55,92583.29,180,78,0
2026.02.05 10:45:00,92561.75,92572.49,92561.75,92572.49,180,78,0
2026.02.05 10:42:00,92550.95,92561.69,92550.95,92561.69,180,78,0
2026.02.05 10:39:00,92540.15,92550.89,92540.15,92550.89,180,78,0
2026.02.05 10:36:00,92555.03,92561.15,92535.53,92540.09,180,78,0
2026.02.05 10:33:00,92544.23,92554.97,92544.23,92554.97,180,78,0
2026.02.05 10:30:00,92533.43,92544.17,92533.43,92544.17,180,78,0
2026.02.05 10:27:00,92522.63,92533.37,92522.63,92533.37,180,78,0
2026.02.05 10:24:00,92511.83,92522.57,92511.83,92522.57,180,78,0
2026.02.05 10:21:00,92501.03,92511.77,92501.03,92511.77,180,78,0
2026.02.05 10:18:00,92490.23,92500.97,92490.23,92500.97,180,78,0
2026.02.05 10:15:00,92479.43,92490.17,92479.43,92490.17,180,78,0
2026.02.05 10:12:00,92468.63,92479.37,92468.63,92479.37,180,78,0
2026.02.05 10:09:00,92457.83,92468.57,92457.83,92468.57,180,78,0
2026.02.05 10:06:00,92485.57,92490.25,92454.53,92457.77,180,78,0
2026.02.05 10:03:00,92525.28,92529.00,92478.55,92485.51,180,78,0
2026.02.05 10:00:00,92530.22,92532.44,92516.76,92525.22,180,78,0
2026.02.05 09:57:00,92519.42,92530.16,92519.42,92530.16,180,78,0
2026.02.05 09:54:00,92527.79,92533.25,92514.14,92519.36,180,78,0
2026.02.05 09:51:00,92516.99,92527.73,92516.99,92527.73,180,78,0
2026.02.05 09:48:00,92564.41,92570.23,92512.55,92516.93,180,78,0
2026.02.05 09:45:00,92553.61,92564.35,92553.61,92564.35,180,78,0
2026.02.05 09:42:00,92542.81,92553.55,92542.81,92553.55,180,78,0
2026.02.05 09:39:00,92532.01,92542.75,92532.01,92542.75,180,78,0
2026.02.05 09:36:00,92581.96,92583.70,92530.93,92531.95,180,78,0
2026.02.05 09:33:00,92571.16,92581.90,92571.16,92581.90,180,78,0
2026.02.05 09:30:00,92560.36,92571.10,92560.36,92571.10,180,78,0
2026.02.05 09:27:00,92549.56,92560.30,92549.56,92560.30,180,78,0
2026.02.05 09:24:00,92538.76,92549.50,92538.76,92549.50,180,78,0
2026.02.05 09:21:00,92527.96,92538.70,92527.96,92538.70,180,78,0
2026.02.05 09:18:00,92517.16,92527.90,92517.16,92527.90,180,78,0
2026.02.05 09:15:00,92506.36,92517.10,92506.36,92517.10,180,78,0
2026.02.05 09:12:00,92495.56,92506.30,92495.56,92506.30,180,78,0
2026.02.05 09:09:00,92484.76,92495.50,92484.76,92495.50,180,78,0
2026.02.05 09:06:00,92493.46,92499.10,92479.66,92484.70,180,78,0
2026.02.05 09:03:00,92482.66,92493.40,92482.66,92493.40,180,78,0
2026.02.05 09:00:00,92471.86,92482.60,92471.86,92482.60,180,78,0
2026.02.05 08:57:00,92461.06,92471.80,92461.06,92471.80,180,78,0
2026.02.05 08:54:00,92527.15,92534.59,92460.40,92461.00,180,78,0
2026.02.05 08:51:00,92516.35,92527.09,92516.35,92527.09,180,78,0
2026.02.05 08:48:00,92521.05,92521.41,92505.97,92516.29,180,78,0
2026.02.05 08:45:00,92530.89,92536.83,92516.25,92520.99,180,78,0
2026.02.05 08:42:00,92533.65,92535.09,92521.59,92530.83,180,78,0
2026.02.05 08:39:00,92522.85,92533.59,92522.85,92533.59,180,78,0
2026.02.05 08:36:00,92561.35,92563.93,92522.19,92522.79,180,78,0
2026.02.05 08:33:00,92567.57,92573.63,92556.67,92561.29,180,78,0
2026.02.05 08:30:00,92581.55,92589.41,92564.69,92567.51,180,78,0
2026.02.05 08:27:00,92570.75,92581.49,92570.75,92581.49,180,78,0
2026.02.05 08:24:00,92559.95,92570.69,92559.95,92570.69,180,78,0
2026.02.05 08:21:00,92582.01,92588.01,92555.21,92559.89,180,78,0
2026.02.05 08:18:00,92592.41,92602.61,92581.47,92581.95,180,78,0
2026.02.05 08:15:00,92581.61,92592.35,92581.61,92592.35,180,78,0
2026.02.05 08:12:00,92603.30,92607.08,92578.25,92581.55,180,78,0
2026.02.05 08:09:00,92592.50,92603.24,92592.50,92603.24,180,78,0
2026.02.05 08:06:00,92581.70,92592.44,92581.70,92592.44,180,78,0
2026.02.05 08:03:00,92570.90,92581.64,92570.90,92581.64,180,78,0
2026.02.05 08:00:00,92560.10,92570.84,92560.10,92570.84,180,78,0
2026.02.05 07:57:00,92549.30,92560.04,92549.30,92560.04,180,78,0
2026.02.05 07:54:00,92571.36,92571.36,92540.72,92549.24,180,78,0
2026.02.05 07:51:00,92560.56,92571.30,92560.56,92571.30,180,78,0
2026.02.05 07:48:00,92549.76,92560.50,92549.76,92560.50,180,78,0
2026.02.05 07:45:00,92538.96,92549.70,92538.96,92549.70,180,78,0
2026.02.05 07:42:00,92528.16,92538.90,92528.16,92538.90,180,78,0
2026.02.05 07:39:00,92544.23,92544.95,92518.14,92528.10,180,78,0
2026.02.05 07:36:00,92573.11,92576.65,92539.91,92544.17,180,78,0
2026.02.05 07:33:00,92577.26,92579.42,92564.53,92573.05,180,78,0
2026.02.05 07:30:00,92566.46,92577.20,92566.46,92577.20,180,78,0
2026.02.05 07:27:00,92555.66,92566.40,92555.66,92566.40,180,78,0
2026.02.05 07:24:00,92544.86,92555.60,92544.86,92555.60,180,78,0
2026.02.05 07:21:00,92534.06,92544.80,92534.06,92544.80,180,78,0
2026.02.05 07:18:00,92523.26,92534.00,92523.26,92534.00,180,78,0
2026.02.05 07:15:00,92531.14,92539.06,92520.44,92523.20,180,78,0
2026.02.05 07:12:00,92520.34,92531.08,92520.34,92531.08,180,78,0
2026.02.05 07:09:00,92540.37,92542.65,92511.88,92520.28,180,78,0
2026.02.05 07:06:00,92549.09,92551.43,92531.97,92540.31,180,78,0
2026.02.05 07:03:00,92538.29,92549.03,92538.29,92549.03,180,78,0
2026.02.05 07:00:00,92527.49,92538.23,92527.49,92538.23,180,78,0
2026.02.05 06:57:00,92516.69,92527.43,92516.69,92527.43,180,78,0
2026.02.05 06:54:00,92537.86,92545.24,92513.33,92516.63,180,78,0
2026.02.05 06:51:00,92543.04,92543.70,92527.78,92537.80,180,78,0
2026.02.05 06:48:00,92558.11,92564.05,92538.24,92542.98,180,78,0
2026.02.05 06:45:00,92590.77,92596.47,92557.15,92558.05,180,78,0
2026.02.05 06:42:00,92598.15,92602.71,92584.59,92590.71,180,78,0
2026.02.05 06:39:00,92636.65,92639.41,92596.59,92598.09,180,78,0
2026.02.05 06:36:00,92625.85,92636.59,92625.85,92636.59,180,78,0
2026.02.05 06:33:00,92615.05,92625.79,92615.05,92625.79,180,78,0
2026.02.05 06:30:00,92604.25,92614.99,92604.25,92614.99,180,78,0
2026.02.05 06:27:00,92593.45,92604.19,92593.45,92604.19,180,78,0
2026.02.05 06:24:00,92627.68,92629.90,92591.05,92593.39,180,78,0
2026.02.05 06:21:00,92630.18,92638.22,92624.98,92627.62,180,78,0
2026.02.05 06:18:00,92641.84,92643.40,92621.00,92630.12,180,78,0
2026.02.05 06:15:00,92631.04,92641.78,92631.04,92641.78,180,78,0
2026.02.05 06:12:00,92620.24,92630.98,92620.24,92630.98,180,78,0
2026.02.05 06:09:00,92638.64,92646.92,92617.78,92620.18,180,78,0
2026.02.05 06:06:00,92663.48,92664.68,92629.10,92638.58,180,78,0
2026.02.05 06:03:00,92652.68,92663.42,92652.68,92663.42,180,78,0
2026.02.05 06:00:00,92661.39,92663.55,92644.10,92652.62,180,78,0
2026.02.05 05:57:00,92650.59,92661.33,92650.59,92661.33,180,78,0
2026.02.05 05:54:00,92639.79,92650.53,92639.79,92650.53,180,78,0
2026.02.05 05:51:00,92628.99,92639.73,92628.99,92639.73,180,78,0
2026.02.05 05:48:00,92709.85,92710.27,92628.27,92628.93,180,78,0
2026.02.05 05:45:00,92728.40,92734.76,92707.39,92709.79,180,78,0
2026.02.05 05:42:00,92749.91,92754.95,92722.70,92728.34,180,78,0
2026.02.05 05:39:00,92739.11,92749.85,92739.11,92749.85,180,78,0
2026.02.05 05:36:00,92728.31,92739.05,92728.31,92739.05,180,78,0
2026.02.05 05:33:00,92717.51,92728.25,92717.51,92728.25,180,78,0
2026.02.05 05:30:00,92721.75,92726.37,92711.39,92717.45,180,78,0
2026.02.05 05:27:00,92737.78,92739.28,92712.51,92721.69,180,78,0
2026.02.05 05:24:00,92752.05,92755.83,92730.82,92737.72,180,78,0
2026.02.05 05:21:00,92741.25,92751.99,92741.25,92751.99,180,78,0
2026.02.05 05:18:00,92730.45,92741.19,92730.45,92741.19,180,78,0
2026.02.05 05:15:00,92739.13,92746.45,92727.03,92730.39,180,78,0
2026.02.05 05:12:00,92728.33,92739.07,92728.33,92739.07,180,78,0
2026.02.05 05:09:00,92717.53,92728.27,92717.53,92728.27,180,78,0
2026.02.05 05:06:00,92706.73,92717.47,92706.73,92717.47,180,78,0
2026.02.05 05:03:00,92714.99,92724.47,92705.47,92706.67,180,78,0
2026.02.05 05:00:00,92717.37,92718.99,92705.87,92714.93,180,78,0
2026.02.05 04:57:00,92706.57,92717.31,92706.57,92717.31,180,78,0
2026.02.05 04:54:00,92716.00,92716.72,92696.55,92706.51,180,78,0
2026.02.05 04:51:00,92705.20,92715.94,92705.20,92715.94,180,78,0
2026.02.05 04:48:00,92694.40,92705.14,92694.40,92705.14,180,78,0
2026.02.05 04:45:00,92683.60,92694.34,92683.60,92694.34,180,78,0
2026.02.05 04:42:00,92764.57,92768.41,92682.16,92683.54,180,78,0
2026.02.05 04:39:00,92753.77,92764.51,92753.77,92764.51,180,78,0
2026.02.05 04:36:00,92742.97,92753.71,92742.97,92753.71,180,78,0
2026.02.05 04:33:00,92761.93,92762.47,92736.55,92742.91,180,78,0
2026.02.05 04:30:00,92751.13,92761.87,92751.13,92761.87,180,78,0
2026.02.05 04:27:00,92740.33,92751.07,92740.33,92751.07,180,78,0
2026.02.05 04:24:00,92757.98,92761.64,92733.25,92740.27,180,78,0
2026.02.05 04:21:00,92747.18,92757.92,92747.18,92757.92,180,78,0
2026.02.05 04:18:00,92779.24,92781.40,92738.60,92747.12,180,78,0
2026.02.05 04:15:00,92768.44,92779.18,92768.44,92779.18,180,78,0
2026.02.05 04:12:00,92784.56,92790.80,92764.66,92768.38,180,78,0
2026.02.05 04:09:00,92773.76,92784.50,92773.76,92784.50,180,78,0
2026.02.05 04:06:00,92790.53,92797.49,92769.98,92773.70,180,78,0
2026.02.05 04:03:00,92779.73,92790.47,92779.73,92790.47,180,78,0
2026.02.05 04:00:00,92789.09,92795.33,92775.23,92779.67,180,78,0
2026.02.05 03:57:00,92778.29,92789.03,92778.29,92789.03,180,78,0
2026.02.05 03:54:00,92767.49,92778.23,92767.49,92778.23,180,78,0
2026.02.05 03:51:00,92800.90,92810.38,92766.23,92767.43,180,78,0
2026.02.05 03:48:00,92790.10,92800.84,92790.10,92800.84,180,78,0
2026.02.05 03:45:00,92795.98,92799.82,92783.20,92790.04,180,78,0
2026.02.05 03:42:00,92785.18,92795.92,92785.18,92795.92,180,78,0
2026.02.05 03:39:00,92774.38,92785.12,92774.38,92785.12,180,78,0
2026.02.05 03:36:00,92763.58,92774.32,92763.58,92774.32,180,78,0
2026.02.05 03:33:00,92766.09,92769.03,92755.78,92763.52,180,78,0
2026.02.05 03:30:00,92755.29,92766.03,92755.29,92766.03,180,78,0
2026.02.05 03:27:00,92757.23,92760.29,92747.61,92755.23,180,78,0
2026.02.05 03:24:00,92746.43,92757.17,92746.43,92757.17,180,78,0
2026.02.05 03:21:00,92735.63,92746.37,92735.63,92746.37,180,78,0
2026.02.05 03:18:00,92741.67,92741.79,92725.01,92735.57,180,78,0
2026.02.05 03:15:00,92730.87,92741.61,92730.87,92741.61,180,78,0
2026.02.05 03:12:00,92720.07,92730.81,92720.07,92730.81,180,78,0
2026.02.05 03:09:00,92709.27,92720.01,92709.27,92720.01,180,78,0
2026.02.05 03:06:00,92698.47,92709.21,92698.47,92709.21,180,78,0
2026.02.05 03:03:00,92687.67,92698.41,92687.67,92698.41,180,78,0
2026.02.05 03:00:00,92676.87,92687.61,92676.87,92687.61,180,78,0
2026.02.05 02:57:00,92666.07,92676.81,92666.07,92676.81,180,78,0
2026.02.05 02:54:00,92655.27,92666.01,92655.27,92666.01,180,78,0
2026.02.05 02:51:00,92662.27,92665.03,92647.29,92655.21,180,78,0
2026.02.05 02:48:00,92651.47,92662.21,92651.47,92662.21,180,78,0
2026.02.05 02:45:00,92663.59,92664.61,92641.75,92651.41,180,78,0
2026.02.05 02:42:00,92652.79,92663.53,92652.79,92663.53,180,78,0
2026.02.05 02:39:00,92641.99,92652.73,92641.99,92652.73,180,78,0
2026.02.05 02:36:00,92631.19,92641.93,92631.19,92641.93,180,78,0
2026.02.05 02:33:00,92620.39,92631.13,92620.39,92631.13,180,78,0
2026.02.05 02:30:00,92624.52,92625.72,92610.85,92620.33,180,78,0
2026.02.05 02:27:00,92613.72,92624.46,92613.72,92624.46,180,78,0
2026.02.05 02:24:00,92602.92,92613.66,92602.92,92613.66,180,78,0
2026.02.05 02:21:00,92592.12,92602.86,92592.12,92602.86,180,78,0
2026.02.05 02:18:00,92581.32,92592.06,92581.32,92592.06,180,78,0
2026.02.05 02:15:00,92570.52,92581.26,92570.52,92581.26,180,78,0
2026.02.05 02:12:00,92559.72,92570.46,92559.72,92570.46,180,78,0
2026.02.05 02:09:00,92548.92,92559.66,92548.92,92559.66,180,78,0
2026.02.05 02:06:00,92538.12,92548.86,92538.12,92548.86,180,78,0
2026.02.05 02:03:00,92527.32,92538.06,92527.32,92538.06,180,78,0
2026.02.05 02:00:00,92516.52,92527.26,92516.52,92527.26,180,78,0
2026.02.05 01:57:00,92505.72,92516.46,92505.72,92516.46,180,78,0
2026.02.05 01:54:00,92526.22,92535.58,92504.64,92505.66,180,78,0
2026.02.05 01:51:00,92515.42,92526.16,92515.42,92526.16,180,78,0
2026.02.05 01:48:00,92504.62,92515.36,92504.62,92515.36,180,78,0
2026.02.05 01:45:00,92517.57,92522.07,92498.38,92504.56,180,78,0
2026.02.05 01:42:00,92506.77,92517.51,92506.77,92517.51,180,78,0
2026.02.05 01:39:00,92514.37,92522.71,92504.37,92506.71,180,78,0
2026.02.05 01:36:00,92503.57,92514.31,92503.57,92514.31,180,78,0
2026.02.05 01:33:00,92523.54,92523.90,92496.85,92503.51,180,78,0
2026.02.05 01:30:00,92512.74,92523.48,92512.74,92523.48,180,78,0
2026.02.05 01:27:00,92514.11,92521.43,92509.32,92512.68,180,78,0
2026.02.05 01:24:00,92534.62,92539.48,92508.23,92514.05,180,78,0
2026.02.05 01:21:00,92550.37,92554.03,92527.54,92534.56,180,78,0
2026.02.05 01:18:00,92589.59,92591.21,92541.31,92550.31,180,78,0
2026.02.05 01:15:00,92578.79,92589.53,92578.79,92589.53,180,78,0
2026.02.05 01:12:00,92567.99,92578.73,92567.99,92578.73,180,78,0
2026.02.05 01:09:00,92557.19,92567.93,92557.19,92567.93,180,78,0
2026.02.05 01:06:00,92546.39,92557.13,92546.39,92557.13,180,78,0
2026.02.05 01:03:00,92535.59,92546.33,92535.59,92546.33,180,78,0
2026.02.05 01:00:00,92545.25,92546.63,92526.23,92535.53,180,78,0
2026.02.05 00:57:00,92534.45,92545.19,92534.45,92545.19,180,78,0
2026.02.05 00:54:00,92541.19,92543.05,92525.57,92534.39,180,78,0
2026.02.05 00:51:00,92578.78,92587.48,92540.71,92541.13,180,78,0
2026.02.05 00:48:00,92567.98,92578.72,92567.98,92578.72,180,78,0
2026.02.05 00:45:00,92574.73,92578.27,92560.78,92567.92,180,78,0
2026.02.05 00:42:00,92563.93,92574.67,92563.93,92574.67,180,78,0
2026.02.05 00:39:00,92635.20,92635.92,92561.65,92563.87,180,78,0
2026.02.05 00:36:00,92648.60,92656.64,92632.50,92635.14,180,78,0
2026.02.05 00:33:00,92637.80,92648.54,92637.80,92648.54,180,78,0
2026.02.05 00:30:00,92656.76,92658.26,92628.56,92637.74,180,78,0
2026.02.05 00:27:00,92645.96,92656.70,92645.96,92656.70,180,78,0
2026.02.05 00:24:00,92635.16,92645.90,92635.16,92645.90,180,78,0
2026.02.05 00:21:00,92624.36,92635.10,92624.36,92635.10,180,78,0
2026.02.05 00:18:00,92638.67,92644.43,92619.38,92624.30,180,78,0
2026.02.05 00:15:00,92627.87,92638.61,92627.87,92638.61,180,78,0
2026.02.05 00:12:00,92617.07,92627.81,92617.07,92627.81,180,78,0
2026.02.05 00:09:00,92606.27,92617.01,92606.27,92617.01,180,78,0
2026.02.05 00:06:00,92595.47,92606.21,92595.47,92606.21,180,78,0
2026.02.05 00:03:00,92607.88,92613.40,92590.25,92595.41,180,78,0
2026.02.05 00:00:00,92644.97,92647.31,92599.48,92607.82,180,78,0
2026.02.04 23:57:00,92634.17,92644.91,92634.17,92644.91,180,78,0
2026.02.04 23:54:00,92623.37,92634.11,92623.37,92634.11,180,78,0
2026.02.04 23:51:00,92612.57,92623.31,92612.57,92623.31,180,78,0
2026.02.04 23:48:00,92601.77,92612.51,92601.77,92612.51,180,78,0
2026.02.04 23:45:00,92590.97,92601.71,92590.97,92601.71,180,78,0
2026.02.04 23:42:00,92617.69,92621.59,92584.13,92590.91,180,78,0
2026.02.04 23:39:00,92623.66,92633.02,92616.31,92617.63,180,78,0
2026.02.04 23:36:00,92635.69,92638.87,92616.10,92623.60,180,78,0
2026.02.04 23:33:00,92677.01,92677.85,92631.91,92635.63,180,78,0
2026.02.04 23:30:00,92666.21,92676.95,92666.21,92676.95,180,78,0
2026.02.04 23:27:00,92655.41,92666.15,92655.41,92666.15,180,78,0
2026.02.04 23:24:00,92656.64,92660.00,92648.03,92655.35,180,78,0
2026.02.04 23:21:00,92645.84,92656.58,92645.84,92656.58,180,78,0
2026.02.04 23:18:00,92635.04,92645.78,92635.04,92645.78,180,78,0
2026.02.04 23:15:00,92624.24,92634.98,92624.24,92634.98,180,78,0
2026.02.04 23:12:00,92627.59,92632.27,92618.18,92624.18,180,78,0
2026.02.04 23:09:00,92616.79,92627.53,92616.79,92627.53,180,78,0
2026.02.04 23:06:00,92605.99,92616.73,92605.99,92616.73,180,78,0
2026.02.04 23:03:00,92595.19,92605.93,92595.19,92605.93,180,78,0
2026.02.04 23:00:00,92584.39,92595.13,92584.39,92595.13,180,78,0
2026.02.04 22:57:00,92573.59,92584.33,92573.59,92584.33,180,78,0
2026.02.04 22:54:00,92587.71,92594.13,92569.27,92573.53,180,78,0
2026.02.04 22:51:00,92576.91,92587.65,92576.91,92587.65,180,78,0
2026.02.04 22:48:00,92590.66,92594.50,92570.01,92576.85,180,78,0
2026.02.04 22:45:00,92616.49,92618.65,92582.08,92590.60,180,78,0
2026.02.04 22:42:00,92639.35,92641.57,92607.97,92616.43,180,78,0
2026.02.04 22:39:00,92628.55,92639.29,92628.55,92639.29,180,78,0
2026.02.04 22:36:00,92636.27,92644.85,92626.39,92628.49,180,78,0
2026.02.04 22:33:00,92650.12,92658.16,92633.57,92636.21,180,78,0
2026.02.04 22:30:00,92639.32,92650.06,92639.32,92650.06,180,78,0
2026.02.04 22:27:00,92628.52,92639.26,92628.52,92639.26,180,78,0
2026.02.04 22:24:00,92617.72,92628.46,92617.72,92628.46,180,78,0
2026.02.04 22:21:00,92634.29,92643.53,92616.22,92617.66,180,78,0
2026.02.04 22:18:00,92654.47,92655.31,92624.39,92634.23,180,78,0
2026.02.04 22:15:00,92643.67,92654.41,92643.67,92654.41,180,78,0
2026.02.04 22:12:00,92667.81,92675.01,92643.31,92643.61,180,78,0
2026.02.04 22:09:00,92657.01,92667.75,92657.01,92667.75,180,78,0
2026.02.04 22:06:00,92646.21,92656.95,92646.21,92656.95,180,78,0
2026.02.04 22:03:00,92635.41,92646.15,92635.41,92646.15,180,78,0
2026.02.04 22:00:00,92624.61,92635.35,92624.61,92635.35,180,78,0
2026.02.04 21:57:00,92647.34,92650.46,92616.99,92624.55,180,78,0
2026.02.04 21:54:00,92636.54,92647.28,92636.54,92647.28,180,78,0
2026.02.04 21:51:00,92625.74,92636.48,92625.74,92636.48,180,78,0
2026.02.04 21:48:00,92614.94,92625.68,92614.94,92625.68,180,78,0
2026.02.04 21:45:00,92604.14,92614.88,92604.14,92614.88,180,78,0
2026.02.04 21:42:00,92593.34,92604.08,92593.34,92604.08,180,78,0
2026.02.04 21:39:00,92640.03,92640.21,92583.62,92593.28,180,78,0
2026.02.04 21:36:00,92658.52,92664.40,92635.17,92639.97,180,78,0
2026.02.04 21:33:00,92672.29,92680.51,92656.00,92658.46,180,78,0
2026.02.04 21:30:00,92661.49,92672.23,92661.49,92672.23,180,78,0
2026.02.04 21:27:00,92650.69,92661.43,92650.69,92661.43,180,78,0
2026.02.04 21:24:00,92639.89,92650.63,92639.89,92650.63,180,78,0
2026.02.04 21:21:00,92661.19,92669.89,92637.85,92639.83,180,78,0
2026.02.04 21:18:00,92650.39,92661.13,92650.39,92661.13,180,78,0
2026.02.04 21:15:00,92639.59,92650.33,92639.59,92650.33,180,78,0
2026.02.04 21:12:00,92628.79,92639.53,92628.79,92639.53,180,78,0
2026.02.04 21:09:00,92645.96,92649.08,92621.17,92628.73,180,78,0
2026.02.04 21:06:00,92635.16,92645.90,92635.16,92645.90,180,78,0
2026.02.04 21:03:00,92624.36,92635.10,92624.36,92635.10,180,78,0
2026.02.04 21:00:00,92613.56,92624.30,92613.56,92624.30,180,78,0
2026.02.04 20:57:00,92620.53,92627.19,92609.48,92613.50,180,78,0
2026.02.04 20:54:00,92652.42,92656.20,92613.57,92620.47,180,78,0
2026.02.04 20:51:00,92674.79,92679.17,92646.06,92652.36,180,78,0
2026.02.04 20:48:00,92663.99,92674.73,92663.99,92674.73,180,78,0
2026.02.04 20:45:00,92653.19,92663.93,92653.19,92663.93,180,78,0
2026.02.04 20:42:00,92684.02,92686.54,92645.27,92653.13,180,78,0
2026.02.04 20:39:00,92673.22,92683.96,92673.22,92683.96,180,78,0
2026.02.04 20:36:00,92662.42,92673.16,92662.42,92673.16,180,78,0
2026.02.04 20:33:00,92651.62,92662.36,92651.62,92662.36,180,78,0
2026.02.04 20:30:00,92640.82,92651.56,92640.82,92651.56,180,78,0
2026.02.04 20:27:00,92630.02,92640.76,92630.02,92640.76,180,78,0
2026.02.04 20:24:00,92643.80,92650.16,92625.64,92629.96,180,78,0
2026.02.04 20:21:00,92633.00,92643.74,92633.00,92643.74,180,78,0
2026.02.04 20:18:00,92622.20,92632.94,92622.20,92632.94,180,78,0
2026.02.04 20:15:00,92611.40,92622.14,92611.40,92622.14,180,78,0
2026.02.04 20:12:00,92600.60,92611.34,92600.60,92611.34,180,78,0
2026.02.04 20:09:00,92589.80,92600.54,92589.80,92600.54,180,78,0
2026.02.04 20:06:00,92579.00,92589.74,92579.00,92589.74,180,78,0
2026.02.04 20:03:00,92568.20,92578.94,92568.20,92578.94,180,78,0
2026.02.04 20:00:00,92557.40,92568.14,92557.40,92568.14,180,78,0
2026.02.04 19:57:00,92546.60,92557.34,92546.60,92557.34,180,78,0
2026.02.04 19:54:00,92535.80,92546.54,92535.80,92546.54,180,78,0
2026.02.04 19:51:00,92525.00,92535.74,92525.00,92535.74,180,78,0
2026.02.04 19:48:00,92514.20,92524.94,92514.20,92524.94,180,78,0
2026.02.04 19:45:00,92503.40,92514.14,92503.40,92514.14,180,78,0
2026.02.04 19:42:00,92529.50,92539.28,92502.44,92503.34,180,78,0
2026.02.04 19:39:00,92518.70,92529.44,92518.70,92529.44,180,78,0
2026.02.04 19:36:00,92507.90,92518.64,92507.90,92518.64,180,78,0
2026.02.04 19:33:00,92497.10,92507.84,92497.10,92507.84,180,78,0
2026.02.04 19:30:00,92526.71,92534.03,92496.14,92497.04,180,78,0
2026.02.04 19:27:00,92515.91,92526.65,92515.91,92526.65,180,78,0
2026.02.04 19:24:00,92505.11,92515.85,92505.11,92515.85,180,78,0
2026.02.04 19:21:00,92494.31,92505.05,92494.31,92505.05,180,78,0
2026.02.04 19:18:00,92524.54,92527.42,92486.45,92494.25,180,78,0
2026.02.04 19:15:00,92513.74,92524.48,92513.74,92524.48,180,78,0
2026.02.04 19:12:00,92502.94,92513.68,92502.94,92513.68,180,78,0
2026.02.04 19:09:00,92518.11,92522.07,92496.16,92502.88,180,78,0
2026.02.04 19:06:00,92507.31,92518.05,92507.31,92518.05,180,78,0
2026.02.04 19:03:00,92516.40,92523.78,92503.95,92507.25,180,78,0
2026.02.04 19:00:00,92528.53,92529.49,92506.62,92516.34,180,78,0
2026.02.04 18:57:00,92558.11,92568.13,92527.81,92528.47,180,78,0
2026.02.04 18:54:00,92576.58,92584.38,92555.17,92558.05,180,78,0
2026.02.04 18:51:00,92565.78,92576.52,92565.78,92576.52,180,78,0
2026.02.04 18:48:00,92554.98,92565.72,92554.98,92565.72,180,78,0
2026.02.04 18:45:00,92544.18,92554.92,92544.18,92554.92,180,78,0
2026.02.04 18:42:00,92533.38,92544.12,92533.38,92544.12,180,78,0
2026.02.04 18:39:00,92522.58,92533.32,92522.58,92533.32,180,78,0
2026.02.04 18:36:00,92511.78,92522.52,92511.78,92522.52,180,78,0
2026.02.04 18:33:00,92500.98,92511.72,92500.98,92511.72,180,78,0
2026.02.04 18:30:00,92490.18,92500.92,92490.18,92500.92,180,78,0
2026.02.04 18:27:00,92499.76,92501.98,92481.66,92490.12,180,78,0
2026.02.04 18:24:00,92520.98,92524.04,92492.08,92499.70,180,78,0
2026.02.04 18:21:00,92510.18,92520.92,92510.18,92520.92,180,78,0
2026.02.04 18:18:00,92516.43,92518.83,92501.84,92510.12,180,78,0
2026.02.04 18:15:00,92526.48,92529.06,92508.27,92516.37,180,78,0
2026.02.04 18:12:00,92515.68,92526.42,92515.68,92526.42,180,78,0
2026.02.04 18:09:00,92504.88,92515.62,92504.88,92515.62,180,78,0
2026.02.04 18:06:00,92524.17,92532.81,92502.78,92504.82,180,78,0
2026.02.04 18:03:00,92513.37,92524.11,92513.37,92524.11,180,78,0
2026.02.04 18:00:00,92502.57,92513.31,92502.57,92513.31,180,78,0
2026.02.04 17:57:00,92491.77,92502.51,92491.77,92502.51,180,78,0
2026.02.04 17:54:00,92493.13,92502.25,92490.15,92491.71,180,78,0
2026.02.04 17:51:00,92482.33,92493.07,92482.33,92493.07,180,78,0
2026.02.04 17:48:00,92499.64,92507.98,92479.93,92482.27,180,78,0
2026.02.04 17:45:00,92529.33,92531.37,92499.52,92499.58,180,78,0
2026.02.04 17:42:00,92518.53,92529.27,92518.53,92529.27,180,78,0
2026.02.04 17:39:00,92613.64,92618.62,92516.91,92518.47,180,78,0
2026.02.04 17:36:00,92602.84,92613.58,92602.84,92613.58,180,78,0
2026.02.04 17:33:00,92592.04,92602.78,92592.04,92602.78,180,78,0
2026.02.04 17:30:00,92581.24,92591.98,92581.24,92591.98,180,78,0
2026.02.04 17:27:00,92593.83,92600.79,92577.46,92581.18,180,78,0
2026.02.04 17:24:00,92583.03,92593.77,92583.03,92593.77,180,78,0
2026.02.04 17:21:00,92572.23,92582.97,92572.23,92582.97,180,78,0
2026.02.04 17:18:00,92577.63,92587.65,92571.51,92572.17,180,78,0
2026.02.04 17:15:00,92566.83,92577.57,92566.83,92577.57,180,78,0
2026.02.04 17:12:00,92556.03,92566.77,92556.03,92566.77,180,78,0
2026.02.04 17:09:00,92644.39,92647.75,92555.73,92555.97,180,78,0
2026.02.04 17:06:00,92633.59,92644.33,92633.59,92644.33,180,78,0
2026.02.04 17:03:00,92639.77,92645.47,92628.55,92633.53,180,78,0
2026.02.04 17:00:00,92628.97,92639.71,92628.97,92639.71,180,78,0
2026.02.04 16:57:00,92630.70,92633.94,92621.47,92628.91,180,78,0
2026.02.04 16:54:00,92619.90,92630.64,92619.90,92630.64,180,78,0
2026.02.04 16:51:00,92609.10,92619.84,92609.10,92619.84,180,78,0
2026.02.04 16:48:00,92598.30,92609.04,92598.30,92609.04,180,78,0
2026.02.04 16:45:00,92587.50,92598.24,92587.50,92598.24,180,78,0
2026.02.04 16:42:00,92591.45,92596.43,92581.74,92587.44,180,78,0
2026.02.04 16:39:00,92580.65,92591.39,92580.65,92591.39,180,78,0
2026.02.04 16:36:00,92620.96,92624.02,92580.17,92580.59,180,78,0
2026.02.04 16:33:00,92610.16,92620.90,92610.16,92620.90,180,78,0
2026.02.04 16:30:00,92599.36,92610.10,92599.36,92610.10,180,78,0
2026.02.04 16:27:00,92588.56,92599.30,92588.56,92599.30,180,78,0
2026.02.04 16:24:00,92591.72,92593.64,92579.74,92588.50,180,78,0
2026.02.04 16:21:00,92607.47,92614.73,92588.24,92591.66,180,78,0
2026.02.04 16:18:00,92645.23,92647.75,92607.05,92607.41,180,78,0
2026.02.04 16:15:00,92655.32,92661.38,92640.55,92645.17,180,78,0
2026.02.04 16:12:00,92644.52,92655.26,92644.52,92655.26,180,78,0
2026.02.04 16:09:00,92633.72,92644.46,92633.72,92644.46,180,78,0
2026.02.04 16:06:00,92687.32,92696.56,92661.03,92662.11,180,78,0
2026.02.04 16:03:00,92676.52,92687.26,92676.52,92687.26,180,78,0
2026.02.04 16:00:00,92665.72,92676.46,92665.72,92676.46,180,78,0
2026.02.04 15:57:00,92654.92,92665.66,92654.92,92665.66,180,78,0
2026.02.04 15:54:00,92644.12,92654.86,92644.12,92654.86,180,78,0
2026.02.04 15:51:00,92633.32,92644.06,92633.32,92644.06,180,78,0
2026.02.04 15:48:00,92622.52,92633.26,92622.52,92633.26,180,78,0
2026.02.04 15:45:00,92611.72,92622.46,92611.72,92622.46,180,78,0
2026.02.04 15:42:00,92618.49,92627.31,92609.80,92611.66,180,78,0
2026.02.04 15:39:00,92607.69,92618.43,92607.69,92618.43,180,78,0
2026.02.04 15:36:00,92674.38,92682.42,92605.95,92607.63,180,78,0
2026.02.04 15:33:00,92663.58,92674.32,92663.58,92674.32,180,78,0
2026.02.04 15:30:00,92652.78,92663.52,92652.78,92663.52,180,78,0
2026.02.04 15:27:00,92641.98,92652.72,92641.98,92652.72,180,78,0
2026.02.04 15:24:00,92631.18,92641.92,92631.18,92641.92,180,78,0
2026.02.04 15:21:00,92647.85,92651.27,92623.86,92631.12,180,78,0
2026.02.04 15:18:00,92637.05,92647.79,92637.05,92647.79,180,78,0
2026.02.04 15:15:00,92626.25,92636.99,92626.25,92636.99,180,78,0
2026.02.04 15:12:00,92642.83,92649.07,92621.75,92626.19,180,78,0
2026.02.04 15:09:00,92632.03,92642.77,92632.03,92642.77,180,78,0
2026.02.04 15:06:00,92662.98,92669.52,92628.85,92631.97,180,78,0
2026.02.04 15:03:00,92652.18,92662.92,92652.18,92662.92,180,78,0
2026.02.04 15:00:00,92641.38,92652.12,92641.38,92652.12,180,78,0
2026.02.04 14:57:00,92630.58,92641.32,92630.58,92641.32,180,78,0
2026.02.04 14:54:00,92619.78,92630.52,92619.78,92630.52,180,78,0
2026.02.04 14:51:00,92632.74,92635.38,92611.68,92619.72,180,78,0
2026.02.04 14:48:00,92649.09,92649.63,92622.54,92632.68,180,78,0
2026.02.04 14:45:00,92638.29,92649.03,92638.29,92649.03,180,78,0
2026.02.04 14:42:00,92655.06,92658.18,92630.67,92638.23,180,78,0
2026.02.04 14:39:00,92681.31,92687.61,92650.62,92655.00,180,78,0
2026.02.04 14:36:00,92670.51,92681.25,92670.51,92681.25,180,78,0
2026.02.04 14:33:00,92683.05,92686.95,92663.67,92670.45,180,78,0
2026.02.04 14:30:00,92672.25,92682.99,92672.25,92682.99,180,78,0
2026.02.04 14:27:00,92680.55,92681.69,92662.65,92672.19,180,78,0
2026.02.04 14:24:00,92669.75,92680.49,92669.75,92680.49,180,78,0
2026.02.04 14:21:00,92698.66,92698.72,92659.07,92669.69,180,78,0
2026.02.04 14:18:00,92687.86,92698.60,92687.86,92698.60,180,78,0
2026.02.04 14:15:00,92737.64,92738.42,92678.20,92687.80,180,78,0
2026.02.04 14:12:00,92765.54,92776.22,92737.58,92737.58,180,78,0
2026.02.04 14:09:00,92787.48,92792.04,92759.36,92765.48,180,78,0
2026.02.04 14:06:00,92776.68,92787.42,92776.68,92787.42,180,78,0
2026.02.04 14:03:00,92765.88,92776.62,92765.88,92776.62,180,78,0
2026.02.04 14:00:00,92755.08,92765.82,92755.08,92765.82,180,78,0
2026.02.04 13:57:00,92783.93,92784.35,92751.60,92755.02,180,78,0
2026.02.04 13:54:00,92790.33,92799.15,92782.01,92783.87,180,78,0
2026.02.04 13:51:00,92779.53,92790.27,92779.53,92790.27,180,78,0
2026.02.04 13:48:00,92768.73,92779.47,92768.73,92779.47,180,78,0
2026.02.04 13:45:00,92794.88,92795.36,92758.47,92768.67,180,78,0
2026.02.04 13:42:00,92798.55,92798.61,92784.20,92794.82,180,78,0
2026.02.04 13:39:00,92829.59,92832.95,92796.03,92798.49,180,78,0
2026.02.04 13:36:00,92818.79,92829.53,92818.79,92829.53,180,78,0
2026.02.04 13:33:00,92826.09,92834.79,92816.75,92818.73,180,78,0
2026.02.04 13:30:00,92815.29,92826.03,92815.29,92826.03,180,78,0
2026.02.04 13:27:00,92804.49,92815.23,92804.49,92815.23,180,78,0
2026.02.04 13:24:00,92811.61,92815.27,92797.41,92804.43,180,78,0
2026.02.04 13:21:00,92800.81,92811.55,92800.81,92811.55,180,78,0
2026.02.04 13:18:00,92817.10,92824.84,92797.81,92800.75,180,78,0
2026.02.04 13:15:00,92806.30,92817.04,92806.30,92817.04,180,78,0
2026.02.04 13:12:00,92810.46,92813.52,92798.62,92806.24,180,78,0
2026.02.04 13:09:00,92832.41,92833.13,92800.44,92810.40,180,78,0
2026.02.04 13:06:00,92846.25,92850.27,92825.69,92832.35,180,78,0
2026.02.04 13:03:00,92835.45,92846.19,92835.45,92846.19,180,78,0
2026.02.04 13:00:00,92824.65,92835.39,92824.65,92835.39,180,78,0
2026.02.04 12:57:00,92813.85,92824.59,92813.85,92824.59,180,78,0
2026.02.04 12:54:00,92817.34,92818.48,92804.25,92813.79,180,78,0
2026.02.04 12:51:00,92895.03,92898.09,92811.52,92817.28,180,78,0
2026.02.04 12:48:00,92884.23,92894.97,92884.23,92894.97,180,78,0
2026.02.04 12:45:00,92899.98,92900.94,92874.45,92884.17,180,78,0
2026.02.04 12:42:00,92916.69,92926.47,92899.02,92899.92,180,78,0
2026.02.04 12:39:00,92929.20,92932.98,92909.73,92916.63,180,78,0
2026.02.04 12:36:00,92918.40,92929.14,92918.40,92929.14,180,78,0
2026.02.04 12:33:00,92953.05,92957.31,92915.52,92918.34,180,78,0
2026.02.04 12:30:00,92942.25,92952.99,92942.25,92952.99,180,78,0
2026.02.04 12:27:00,92952.18,92958.78,92938.11,92942.19,180,78,0
2026.02.04 12:24:00,92941.38,92952.12,92941.38,92952.12,180,78,0
2026.02.04 12:21:00,92930.58,92941.32,92930.58,92941.32,180,78,0
2026.02.04 12:18:00,92947.17,92956.47,92929.14,92930.52,180,78,0
2026.02.04 12:15:00,92936.37,92947.11,92936.37,92947.11,180,78,0
2026.02.04 12:12:00,92925.57,92936.31,92925.57,92936.31,180,78,0
2026.02.04 12:09:00,92914.77,92925.51,92914.77,92925.51,180,78,0
2026.02.04 12:06:00,92903.97,92914.71,92903.97,92914.71,180,78,0
2026.02.04 12:03:00,92958.72,92959.92,92895.15,92903.91,180,78,0
2026.02.04 12:00:00,92967.34,92977.36,92958.00,92958.66,180,78,0
2026.02.04 11:57:00,92956.54,92967.28,92956.54,92967.28,180,78,0
2026.02.04 11:54:00,92969.85,92975.31,92951.26,92956.48,180,78,0
2026.02.04 11:51:00,92959.05,92969.79,92959.05,92969.79,180,78,0
2026.02.04 11:48:00,92948.25,92958.99,92948.25,92958.99,180,78,0
2026.02.04 11:45:00,92969.61,92973.03,92940.93,92948.19,180,78,0
2026.02.04 11:42:00,92958.81,92969.55,92958.81,92969.55,180,78,0
2026.02.04 11:39:00,92948.01,92958.75,92948.01,92958.75,180,78,0
2026.02.04 11:36:00,92937.21,92947.95,92937.21,92947.95,180,78,0
2026.02.04 11:33:00,92956.53,92963.49,92933.43,92937.15,180,78,0
2026.02.04 11:30:00,92945.73,92956.47,92945.73,92956.47,180,78,0
2026.02.04 11:27:00,92934.93,92945.67,92934.93,92945.67,180,78,0
2026.02.04 11:24:00,92924.13,92934.87,92924.13,92934.87,180,78,0
2026.02.04 11:21:00,92913.33,92924.07,92913.33,92924.07,180,78,0
2026.02.04 11:18:00,92902.53,92913.27,92902.53,92913.27,180,78,0
2026.02.04 11:15:00,92891.73,92902.47,92891.73,92902.47,180,78,0
2026.02.04 11:12:00,92880.93,92891.67,92880.93,92891.67,180,78,0
2026.02.04 11:09:00,92870.13,92880.87,92870.13,92880.87,180,78,0
2026.02.04 11:06:00,92859.33,92870.07,92859.33,92870.07,180,78,0
2026.02.04 11:03:00,92848.53,92859.27,92848.53,92859.27,180,78,0
2026.02.04 11:00:00,92861.63,92871.23,92847.39,92848.47,180,78,0
2026.02.04 10:57:00,92850.83,92861.57,92850.83,92861.57,180,78,0
2026.02.04 10:54:00,92840.03,92850.77,92840.03,92850.77,180,78,0
2026.02.04 10:51:00,92829.23,92839.97,92829.23,92839.97,180,78,0
2026.02.04 10:48:00,92818.43,92829.17,92818.43,92829.17,180,78,0
2026.02.04 10:45:00,92807.63,92818.37,92807.63,92818.37,180,78,0
2026.02.04 10:42:00,92817.13,92824.57,92804.33,92807.57,180,78,0
2026.02.04 10:39:00,92806.33,92817.07,92806.33,92817.07,180,78,0
2026.02.04 10:36:00,92795.53,92806.27,92795.53,92806.27,180,78,0
2026.02.04 10:33:00,92784.73,92795.47,92784.73,92795.47,180,78,0
2026.02.04 10:30:00,92773.93,92784.67,92773.93,92784.67,180,78,0
2026.02.04 10:27:00,92789.48,92792.72,92766.43,92773.87,180,78,0
2026.02.04 10:24:00,92808.19,92809.39,92779.94,92789.42,180,78,0
2026.02.04 10:21:00,92797.39,92808.13,92797.39,92808.13,180,78,0
2026.02.04 10:18:00,92786.59,92797.33,92786.59,92797.33,180,78,0
2026.02.04 10:15:00,92794.56,92804.16,92785.45,92786.53,180,78,0
2026.02.04 10:12:00,92783.76,92794.50,92783.76,92794.50,180,78,0
2026.02.04 10:09:00,92772.96,92783.70,92772.96,92783.70,180,78,0
2026.02.04 10:06:00,92762.16,92772.90,92762.16,92772.90,180,78,0
2026.02.04 10:03:00,92771.17,92778.49,92758.74,92762.10,180,78,0
2026.02.04 10:00:00,92760.37,92771.11,92760.37,92771.11,180,78,0
2026.02.04 09:57:00,92749.57,92760.31,92749.57,92760.31,180,78,0
2026.02.04 09:54:00,92738.77,92749.51,92738.77,92749.51,180,78,0
2026.02.04 09:51:00,92727.97,92738.71,92727.97,92738.71,180,78,0
2026.02.04 09:48:00,92717.17,92727.91,92717.17,92727.91,180,78,0
2026.02.04 09:45:00,92706.37,92717.11,92706.37,92717.11,180,78,0
2026.02.04 09:42:00,92707.95,92708.91,92696.59,92706.31,180,78,0
2026.02.04 09:39:00,92697.15,92707.89,92697.15,92707.89,180,78,0
2026.02.04 09:36:00,92686.35,92697.09,92686.35,92697.09,180,78,0
2026.02.04 09:33:00,92675.55,92686.29,92675.55,92686.29,180,78,0
2026.02.04 09:30:00,92664.75,92675.49,92664.75,92675.49,180,78,0
2026.02.04 09:27:00,92653.95,92664.69,92653.95,92664.69,180,78,0
2026.02.04 09:24:00,92643.15,92653.89,92643.15,92653.89,180,78,0
2026.02.04 09:21:00,92684.16,92684.46,92640.15,92643.09,180,78,0
2026.02.04 09:18:00,92673.36,92684.10,92673.36,92684.10,180,78,0
2026.02.04 09:15:00,92662.56,92673.30,92662.56,92673.30,180,78,0
2026.02.04 09:12:00,92651.76,92662.50,92651.76,92662.50,180,78,0
2026.02.04 09:09:00,92670.27,92673.81,92644.56,92651.70,180,78,0
2026.02.04 09:06:00,92659.47,92670.21,92659.47,92670.21,180,78,0
2026.02.04 09:03:00,92683.16,92692.16,92657.73,92659.41,180,78,0
2026.02.04 09:00:00,92672.36,92683.10,92672.36,92683.10,180,78,0
2026.02.04 08:57:00,92674.16,92675.48,92662.94,92672.30,180,78,0
2026.02.04 08:54:00,92663.36,92674.10,92663.36,92674.10,180,78,0
2026.02.04 08:51:00,92652.56,92663.30,92652.56,92663.30,180,78,0
2026.02.04 08:48:00,92671.19,92674.13,92644.76,92652.50,180,78,0
2026.02.04 08:45:00,92660.39,92671.13,92660.39,92671.13,180,78,0
2026.02.04 08:42:00,92649.59,92660.33,92649.59,92660.33,180,78,0
2026.02.04 08:39:00,92638.79,92649.53,92638.79,92649.53,180,78,0
2026.02.04 08:36:00,92627.99,92638.73,92627.99,92638.73,180,78,0
2026.02.04 08:33:00,92617.19,92627.93,92617.19,92627.93,180,78,0
2026.02.04 08:30:00,92606.39,92617.13,92606.39,92617.13,180,78,0
2026.02.04 08:27:00,92595.59,92606.33,92595.59,92606.33,180,78,0
2026.02.04 08:24:00,92622.45,92630.43,92594.51,92595.53,180,78,0
2026.02.04 08:21:00,92640.57,92647.41,92618.55,92622.39,180,78,0
2026.02.04 08:18:00,92629.77,92640.51,92629.77,92640.51,180,78,0
2026.02.04 08:15:00,92618.97,92629.71,92618.97,92629.71,180,78,0
2026.02.04 08:12:00,92608.17,92618.91,92608.17,92618.91,180,78,0
2026.02.04 08:09:00,92597.37,92608.11,92597.37,92608.11,180,78,0
2026.02.04 08:06:00,92586.57,92597.31,92586.57,92597.31,180,78,0
2026.02.04 08:03:00,92607.01,92611.09,92579.91,92586.51,180,78,0
2026.02.04 08:00:00,92596.21,92606.95,92596.21,92606.95,180,78,0
2026.02.04 07:57:00,92585.41,92596.15,92585.41,92596.15,180,78,0
2026.02.04 07:54:00,92586.91,92597.35,92585.11,92585.35,180,78,0
2026.02.04 07:51:00,92576.11,92586.85,92576.11,92586.85,180,78,0
2026.02.04 07:48:00,92565.31,92576.05,92565.31,92576.05,180,78,0
2026.02.04 07:45:00,92554.51,92565.25,92554.51,92565.25,180,78,0
2026.02.04 07:42:00,92564.61,92567.13,92546.29,92554.45,180,78,0
2026.02.04 07:39:00,92553.81,92564.55,92553.81,92564.55,180,78,0
2026.02.04 07:36:00,92543.01,92553.75,92543.01,92553.75,180,78,0
2026.02.04 07:33:00,92560.80,92561.88,92533.35,92542.95,180,78,0
2026.02.04 07:30:00,92581.93,92588.35,92556.48,92560.74,180,78,0
2026.02.04 07:27:00,92571.13,92581.87,92571.13,92581.87,180,78,0
2026.02.04 07:24:00,92613.12,92613.60,92568.79,92571.07,180,78,0
2026.02.04 07:21:00,92602.32,92613.06,92602.32,92613.06,180,78,0
2026.02.04 07:18:00,92619.67,92619.73,92591.64,92602.26,180,78,0
2026.02.04 07:15:00,92608.87,92619.61,92608.87,92619.61,180,78,0
2026.02.04 07:12:00,92617.17,92626.23,92607.19,92608.81,180,78,0
2026.02.04 07:09:00,92606.37,92617.11,92606.37,92617.11,180,78,0
2026.02.04 07:06:00,92615.13,92623.41,92603.91,92606.31,180,78,0
2026.02.04 07:03:00,92604.33,92615.07,92604.33,92615.07,180,78,0
2026.02.04 07:00:00,92616.86,92626.10,92602.83,92604.27,180,78,0
2026.02.04 06:57:00,92606.06,92616.80,92606.06,92616.80,180,78,0
2026.02.04 06:54:00,92607.35,92611.07,92599.04,92606.00,180,78,0
2026.02.04 06:51:00,92631.39,92634.15,92599.55,92607.29,180,78,0
2026.02.04 06:48:00,92620.59,92631.33,92620.59,92631.33,180,78,0
2026.02.04 06:45:00,92623.51,92629.63,92615.97,92620.53,180,78,0
2026.02.04 06:42:00,92612.71,92623.45,92612.71,92623.45,180,78,0
2026.02.04 06:39:00,92601.91,92612.65,92601.91,92612.65,180,78,0
2026.02.04 06:36:00,92591.11,92601.85,92591.11,92601.85,180,78,0
2026.02.04 06:33:00,92631.23,92632.97,92588.05,92591.05,180,78,0
2026.02.04 06:30:00,92644.83,92648.85,92624.51,92631.17,180,78,0
2026.02.04 06:27:00,92634.03,92644.77,92634.03,92644.77,180,78,0
2026.02.04 06:24:00,92636.90,92642.06,92628.45,92633.97,180,78,0
2026.02.04 06:21:00,92626.10,92636.84,92626.10,92636.84,180,78,0
2026.02.04 06:18:00,92676.79,92677.57,92618.42,92626.04,180,78,0
2026.02.04 06:15:00,92665.99,92676.73,92665.99,92676.73,180,78,0
2026.02.04 06:12:00,92668.78,92678.02,92664.49,92665.93,180,78,0
2026.02.04 06:09:00,92657.98,92668.72,92657.98,92668.72,180,78,0
2026.02.04 06:06:00,92690.98,92693.98,92654.86,92657.92,180,78,0
2026.02.04 06:03:00,92680.18,92690.92,92680.18,92690.92,180,78,0
2026.02.04 06:00:00,92704.62,92706.24,92671.06,92680.12,180,78,0
2026.02.04 05:57:00,92693.82,92704.56,92693.82,92704.56,180,78,0
2026.02.04 05:54:00,92683.02,92693.76,92683.02,92693.76,180,78,0
2026.02.04 05:51:00,92713.68,92720.64,92682.84,92682.96,180,78,0
2026.02.04 05:48:00,92702.88,92713.62,92702.88,92713.62,180,78,0
2026.02.04 05:45:00,92719.81,92728.27,92700.60,92702.82,180,78,0
2026.02.04 05:42:00,92709.01,92719.75,92709.01,92719.75,180,78,0
2026.02.04 05:39:00,92698.21,92708.95,92698.21,92708.95,180,78,0
2026.02.04 05:36:00,92687.41,92698.15,92687.41,92698.15,180,78,0
2026.02.04 05:33:00,92676.61,92687.35,92676.61,92687.35,180,78,0
2026.02.04 05:30:00,92665.81,92676.55,92665.81,92676.55,180,78,0
2026.02.04 05:27:00,92655.01,92665.75,92655.01,92665.75,180,78,0
2026.02.04 05:24:00,92644.21,92654.95,92644.21,92654.95,180,78,0
2026.02.04 05:21:00,92633.41,92644.15,92633.41,92644.15,180,78,0
2026.02.04 05:18:00,92622.61,92633.35,92622.61,92633.35,180,78,0
2026.02.04 05:15:00,92657.84,92662.28,92616.31,92622.55,180,78,0
2026.02.04 05:12:00,92647.04,92657.78,92647.04,92657.78,180,78,0
2026.02.04 05:09:00,92668.39,92677.39,92645.30,92646.98,180,78,0
2026.02.04 05:06:00,92657.59,92668.33,92657.59,92668.33,180,78,0
2026.02.04 05:03:00,92646.79,92657.53,92646.79,92657.53,180,78,0
2026.02.04 05:00:00,92635.99,92646.73,92635.99,92646.73,180,78,0
2026.02.04 04:57:00,92625.19,92635.93,92625.19,92635.93,180,78,0
2026.02.04 04:54:00,92614.39,92625.13,92614.39,92625.13,180,78,0
2026.02.04 04:51:00,92622.87,92629.53,92610.31,92614.33,180,78,0
2026.02.04 04:48:00,92628.26,92628.68,92612.55,92622.81,180,78,0
2026.02.04 04:45:00,92651.14,92656.18,92622.56,92628.20,180,78,0
2026.02.04 04:42:00,92640.34,92651.08,92640.34,92651.08,180,78,0
2026.02.04 04:39:00,92680.39,92683.63,92632.84,92640.28,180,78,0
2026.02.04 04:36:00,92669.59,92680.33,92669.59,92680.33,180,78,0
2026.02.04 04:33:00,92695.81,92699.59,92662.63,92669.53,180,78,0
2026.02.04 04:30:00,92730.65,92732.87,92694.61,92695.75,180,78,0
2026.02.04 04:27:00,92740.07,92746.97,92726.81,92730.59,180,78,0
2026.02.04 04:24:00,92729.27,92740.01,92729.27,92740.01,180,78,0
2026.02.04 04:21:00,92758.40,92759.30,92725.01,92729.21,180,78,0
2026.02.04 04:18:00,92747.60,92758.34,92747.60,92758.34,180,78,0
2026.02.04 04:15:00,92736.80,92747.54,92736.80,92747.54,180,78,0
2026.02.04 04:12:00,92726.00,92736.74,92726.00,92736.74,180,78,0
2026.02.04 04:09:00,92739.45,92747.97,92723.78,92725.94,180,78,0
2026.02.04 04:06:00,92765.12,92770.64,92734.23,92739.39,180,78,0
2026.02.04 04:03:00,92778.10,92788.78,92765.06,92765.06,180,78,0
2026.02.04 04:00:00,92767.30,92778.04,92767.30,92778.04,180,78,0
2026.02.04 03:57:00,92756.50,92767.24,92756.50,92767.24,180,78,0
2026.02.04 03:54:00,92745.70,92756.44,92745.70,92756.44,180,78,0
2026.02.04 03:51:00,92734.90,92745.64,92734.90,92745.64,180,78,0
2026.02.04 03:48:00,92724.10,92734.84,92724.10,92734.84,180,78,0
2026.02.04 03:45:00,92713.30,92724.04,92713.30,92724.04,180,78,0
2026.02.04 03:42:00,92729.41,92734.03,92707.18,92713.24,180,78,0
2026.02.04 03:39:00,92758.43,92760.11,92727.01,92729.35,180,78,0
2026.02.04 03:36:00,92747.63,92758.37,92747.63,92758.37,180,78,0
2026.02.04 03:33:00,92736.83,92747.57,92736.83,92747.57,180,78,0
2026.02.04 03:30:00,92726.03,92736.77,92726.03,92736.77,180,78,0
2026.02.04 03:27:00,92715.23,92725.97,92715.23,92725.97,180,78,0
2026.02.04 03:24:00,92704.43,92715.17,92704.43,92715.17,180,78,0
2026.02.04 03:21:00,92693.63,92704.37,92693.63,92704.37,180,78,0
2026.02.04 03:18:00,92682.83,92693.57,92682.83,92693.57,180,78,0
2026.02.04 03:15:00,92672.03,92682.77,92672.03,92682.77,180,78,0
2026.02.04 03:12:00,92661.23,92671.97,92661.23,92671.97,180,78,0
2026.02.04 03:09:00,92650.43,92661.17,92650.43,92661.17,180,78,0
2026.02.04 03:06:00,92654.17,92662.93,92648.45,92650.37,180,78,0
2026.02.04 03:03:00,92643.37,92654.11,92643.37,92654.11,180,78,0
2026.02.04 03:00:00,92632.57,92643.31,92632.57,92643.31,180,78,0
2026.02.04 02:57:00,92621.77,92632.51,92621.77,92632.51,180,78,0
2026.02.04 02:54:00,92610.97,92621.71,92610.97,92621.71,180,78,0
2026.02.04 02:51:00,92600.17,92610.91,92600.17,92610.91,180,78,0
2026.02.04 02:48:00,92624.25,92626.77,92591.95,92600.11,180,78,0
2026.02.04 02:45:00,92633.78,92635.34,92615.07,92624.19,180,78,0
2026.02.04 02:42:00,92622.98,92633.72,92622.98,92633.72,180,78,0
2026.02.04 02:39:00,92612.18,92622.92,92612.18,92622.92,180,78,0
2026.02.04 02:36:00,92624.42,92632.94,92609.96,92612.12,180,78,0
2026.02.04 02:33:00,92613.56,92624.36,92613.56,92624.36,181,78,0
2026.02.04 02:30:00,92602.82,92613.50,92602.82,92613.50,179,78,0
2026.02.04 02:27:00,92592.02,92602.76,92592.02,92602.76,180,78,0
2026.02.04 02:24:00,92607.51,92613.75,92587.46,92591.96,181,78,0
2026.02.04 02:21:00,92596.77,92607.45,92596.77,92607.45,179,78,0
2026.02.04 02:18:00,92585.97,92596.71,92585.97,92596.71,180,78,0
2026.02.04 02:15:00,92575.11,92585.91,92575.11,92585.91,181,78,0
2026.02.04 02:12:00,92564.37,92575.05,92564.37,92575.05,179,78,0
2026.02.04 02:09:00,92553.57,92564.31,92553.57,92564.31,180,78,0
2026.02.04 02:06:00,92567.44,92573.20,92548.53,92553.51,181,78,0
2026.02.04 02:03:00,92586.56,92596.64,92566.78,92567.38,180,78,0
2026.02.04 02:00:00,92575.82,92586.50,92575.82,92586.50,179,78,0
2026.02.04 01:57:00,92565.02,92575.76,92565.02,92575.76,180,78,0
2026.02.04 01:54:00,92554.16,92564.96,92554.16,92564.96,181,78,0
2026.02.04 01:51:00,92543.42,92554.10,92543.42,92554.10,179,78,0
2026.02.04 01:48:00,92548.99,92551.15,92534.78,92543.36,181,78,0
2026.02.04 01:45:00,92568.41,92576.63,92546.47,92548.93,180,78,0
2026.02.04 01:42:00,92589.44,92592.20,92560.49,92568.35,179,78,0
2026.02.04 01:39:00,92599.33,92601.25,92580.56,92589.38,181,78,0
2026.02.04 01:36:00,92588.53,92599.27,92588.53,92599.27,180,78,0
2026.02.04 01:33:00,92577.73,92588.47,92577.73,92588.47,180,78,0
2026.02.04 01:30:00,92566.93,92577.67,92566.93,92577.67,180,78,0
2026.02.04 01:27:00,92556.13,92566.87,92556.13,92566.87,180,78,0
2026.02.04 01:24:00,92545.33,92556.07,92545.33,92556.07,180,78,0
2026.02.04 01:21:00,92551.27,92555.23,92538.61,92545.27,179,78,0
2026.02.04 01:18:00,92540.41,92551.21,92540.41,92551.21,181,78,0
2026.02.04 01:15:00,92529.61,92540.35,92529.61,92540.35,180,78,0
2026.02.04 01:12:00,92518.81,92529.55,92518.81,92529.55,180,78,0
2026.02.04 01:09:00,92508.01,92518.75,92508.01,92518.75,180,78,0
2026.02.04 01:06:00,92497.21,92507.95,92497.21,92507.95,180,78,0
2026.02.04 01:03:00,92486.41,92497.15,92486.41,92497.15,180,78,0
2026.02.04 01:00:00,92475.61,92486.35,92475.61,92486.35,180,78,0
2026.02.04 00:57:00,92464.81,92475.55,92464.81,92475.55,180,78,0
2026.02.04 00:54:00,92483.73,92485.17,92455.51,92464.75,180,78,0
2026.02.04 00:51:00,92472.93,92483.67,92472.93,92483.67,180,78,0
2026.02.04 00:48:00,92462.13,92472.87,92462.13,92472.87,180,78,0
2026.02.04 00:45:00,92451.33,92462.07,92451.33,92462.07,180,78,0
2026.02.04 00:42:00,92473.45,92483.05,92450.85,92451.27,180,78,0
2026.02.04 00:39:00,92462.65,92473.39,92462.65,92473.39,180,78,0
2026.02.04 00:36:00,92473.06,92483.26,92462.11,92462.59,180,78,0
2026.02.04 00:33:00,92462.26,92473.00,92462.26,92473.00,180,78,0
2026.02.04 00:30:00,92451.46,92462.20,92451.46,92462.20,180,78,0
2026.02.04 00:27:00,92453.55,92462.55,92449.72,92451.40,180,78,0
2026.02.04 00:24:00,92442.75,92453.49,92442.75,92453.49,180,78,0
2026.02.04 00:21:00,92431.95,92442.69,92431.95,92442.69,180,78,0
2026.02.04 00:18:00,92434.29,92440.53,92427.45,92431.89,180,78,0
2026.02.04 00:15:00,92423.49,92434.23,92423.49,92434.23,180,78,0
2026.02.04 00:12:00,92412.69,92423.43,92412.69,92423.43,180,78,0
2026.02.04 00:09:00,92401.89,92412.63,92401.89,92412.63,180,78,0
2026.02.04 00:06:00,92488.22,92494.22,92397.93,92401.83,180,78,0
2026.02.04 00:03:00,92506.13,92509.19,92480.54,92488.16,180,78,0
2026.02.04 00:00:00,92495.33,92506.07,92495.33,92506.07,180,78,0
2026.02.03 23:57:00,92512.36,92522.92,92495.15,92495.27,180,78,0
2026.02.03 23:54:00,92524.19,92530.91,92508.34,92512.30,180,78,0
2026.02.03 23:51:00,92513.39,92524.13,92513.39,92524.13,180,78,0
2026.02.03 23:48:00,92529.11,92536.79,92510.33,92513.33,180,78,0
2026.02.03 23:45:00,92518.31,92529.05,92518.31,92529.05,180,78,0
2026.02.03 23:42:00,92507.51,92518.25,92507.51,92518.25,180,78,0
2026.02.03 23:39:00,92533.01,92534.03,92497.79,92507.45,180,78,0
2026.02.03 23:36:00,92549.70,92554.98,92527.55,92532.95,180,78,0
2026.02.03 23:33:00,92538.90,92549.64,92538.90,92549.64,180,78,0
2026.02.03 23:30:00,92547.55,92555.59,92536.20,92538.84,180,78,0
2026.02.03 23:27:00,92536.75,92547.49,92536.75,92547.49,180,78,0
2026.02.03 23:24:00,92547.88,92552.86,92530.99,92536.69,180,78,0
2026.02.03 23:21:00,92537.08,92547.82,92537.08,92547.82,180,78,0
2026.02.03 23:18:00,92526.28,92537.02,92526.28,92537.02,180,78,0
2026.02.03 23:15:00,92515.48,92526.22,92515.48,92526.22,180,78,0
2026.02.03 23:12:00,92524.26,92529.36,92509.84,92515.42,180,78,0
2026.02.03 23:09:00,92533.01,92537.75,92518.26,92524.20,180,78,0
2026.02.03 23:06:00,92522.21,92532.95,92522.21,92532.95,180,78,0
2026.02.03 23:03:00,92511.41,92522.15,92511.41,92522.15,180,78,0
2026.02.03 23:00:00,92531.68,92535.04,92504.03,92511.35,180,78,0
2026.02.03 22:57:00,92520.88,92531.62,92520.88,92531.62,180,78,0
2026.02.03 22:54:00,92510.08,92520.82,92510.08,92520.82,180,78,0
2026.02.03 22:51:00,92499.28,92510.02,92499.28,92510.02,180,78,0
2026.02.03 22:48:00,92488.48,92499.22,92488.48,92499.22,180,78,0
2026.02.03 22:45:00,92477.68,92488.42,92477.68,92488.42,180,78,0
2026.02.03 22:42:00,92466.88,92477.62,92466.88,92477.62,180,78,0
2026.02.03 22:39:00,92456.08,92466.82,92456.08,92466.82,180,78,0
2026.02.03 22:36:00,92445.28,92456.02,92445.28,92456.02,180,78,0
2026.02.03 22:33:00,92434.48,92445.22,92434.48,92445.22,180,78,0
2026.02.03 22:30:00,92423.68,92434.42,92423.68,92434.42,180,78,0
2026.02.03 22:27:00,92412.88,92423.62,92412.88,92423.62,180,78,0
2026.02.03 22:24:00,92437.31,92438.87,92407.84,92412.82,180,78,0
2026.02.03 22:21:00,92426.51,92437.25,92426.51,92437.25,180,78,0
2026.02.03 22:18:00,92415.71,92426.45,92415.71,92426.45,180,78,0
2026.02.03 22:15:00,92430.77,92431.85,92406.05,92415.65,180,78,0
2026.02.03 22:12:00,92419.97,92430.71,92419.97,92430.71,180,78,0
2026.02.03 22:09:00,92409.17,92419.91,92409.17,92419.91,180,78,0
2026.02.03 22:06:00,92445.69,92454.63,92407.37,92409.11,180,78,0
2026.02.03 22:03:00,92467.33,92473.39,92441.01,92445.63,180,78,0
2026.02.03 22:00:00,92456.53,92467.27,92456.53,92467.27,180,78,0
2026.02.03 21:57:00,92445.73,92456.47,92445.73,92456.47,180,78,0
2026.02.03 21:54:00,92434.93,92445.67,92434.93,92445.67,180,78,0
2026.02.03 21:51:00,92424.13,92434.87,92424.13,92434.87,180,78,0
2026.02.03 21:48:00,92461.87,92464.21,92421.79,92424.07,180,78,0
2026.02.03 21:45:00,92490.29,92499.17,92460.01,92461.81,180,78,0
2026.02.03 21:42:00,92499.37,92502.49,92482.67,92490.23,180,78,0
2026.02.03 21:39:00,92537.88,92543.82,92495.35,92499.31,180,78,0
2026.02.03 21:36:00,92527.08,92537.82,92527.08,92537.82,180,78,0
2026.02.03 21:33:00,92540.04,92545.14,92521.44,92527.02,180,78,0
2026.02.03 21:30:00,92529.24,92539.98,92529.24,92539.98,180,78,0
2026.02.03 21:27:00,92533.79,92536.55,92521.26,92529.18,180,78,0
2026.02.03 21:24:00,92522.99,92533.73,92522.99,92533.73,180,78,0
2026.02.03 21:21:00,92512.19,92522.93,92512.19,92522.93,180,78,0
2026.02.03 21:18:00,92501.39,92512.13,92501.39,92512.13,180,78,0
2026.02.03 21:15:00,92509.05,92511.09,92492.69,92501.33,180,78,0
2026.02.03 21:12:00,92498.25,92508.99,92498.25,92508.99,180,78,0
2026.02.03 21:09:00,92487.45,92498.19,92487.45,92498.19,180,78,0
2026.02.03 21:06:00,92476.65,92487.39,92476.65,92487.39,180,78,0
2026.02.03 21:03:00,92465.85,92476.59,92465.85,92476.59,180,78,0
2026.02.03 21:00:00,92469.79,92476.75,92462.07,92465.79,180,78,0
2026.02.03 20:57:00,92458.99,92469.73,92458.99,92469.73,180,78,0
2026.02.03 20:54:00,92463.28,92467.00,92451.97,92458.93,180,78,0
2026.02.03 20:51:00,92452.48,92463.22,92452.48,92463.22,180,78,0
2026.02.03 20:48:00,92461.70,92465.12,92445.16,92452.42,180,78,0
2026.02.03 20:45:00,92450.90,92461.64,92450.90,92461.64,180,78,0
2026.02.03 20:42:00,92440.10,92450.84,92440.10,92450.84,180,78,0
2026.02.03 20:39:00,92429.30,92440.04,92429.30,92440.04,180,78,0
2026.02.03 20:36:00,92418.50,92429.24,92418.50,92429.24,180,78,0
2026.02.03 20:33:00,92434.72,92434.78,92407.82,92418.44,180,78,0
2026.02.03 20:30:00,92451.36,92459.82,92432.44,92434.66,180,78,0
2026.02.03 20:27:00,92468.39,92468.99,92441.22,92451.30,180,78,0
2026.02.03 20:24:00,92471.04,92476.56,92463.17,92468.33,180,78,0
2026.02.03 20:21:00,92480.42,92488.04,92467.92,92470.98,180,78,0
2026.02.03 20:18:00,92520.62,92529.38,92480.18,92480.36,180,78,0
2026.02.03 20:15:00,92529.87,92539.95,92519.96,92520.56,180,78,0
2026.02.03 20:12:00,92563.60,92571.82,92529.21,92529.81,180,78,0
2026.02.03 20:09:00,92578.29,92587.23,92561.80,92563.54,180,78,0
2026.02.03 20:06:00,92633.73,92639.13,92576.31,92578.23,180,78,0
2026.02.03 20:03:00,92622.93,92633.67,92622.93,92633.67,180,78,0
2026.02.03 20:00:00,92632.44,92636.10,92615.85,92622.87,180,78,0
2026.02.03 19:57:00,92621.64,92632.38,92621.64,92632.38,180,78,0
2026.02.03 19:54:00,92610.84,92621.58,92610.84,92621.58,180,78,0
2026.02.03 19:51:00,92600.04,92610.78,92600.04,92610.78,180,78,0
2026.02.03 19:48:00,92589.24,92599.98,92589.24,92599.98,180,78,0
2026.02.03 19:45:00,92612.34,92617.38,92583.54,92589.18,180,78,0
2026.02.03 19:42:00,92601.54,92612.28,92601.54,92612.28,180,78,0
2026.02.03 19:39:00,92613.84,92615.76,92592.72,92601.48,180,78,0
2026.02.03 19:36:00,92631.27,92636.79,92608.62,92613.78,180,78,0
2026.02.03 19:33:00,92676.38,92681.30,92629.47,92631.21,180,78,0
2026.02.03 19:30:00,92665.58,92676.32,92665.58,92676.32,180,78,0
2026.02.03 19:27:00,92671.76,92682.02,92665.10,92665.52,180,78,0
2026.02.03 19:24:00,92683.32,92693.10,92670.80,92671.70,180,78,0
2026.02.03 19:21:00,92672.52,92683.26,92672.52,92683.26,180,78,0
2026.02.03 19:18:00,92661.72,92672.46,92661.72,92672.46,180,78,0
2026.02.03 19:15:00,92667.19,92670.25,92654.04,92661.66,180,78,0
2026.02.03 19:12:00,92694.41,92695.73,92657.77,92667.13,180,78,0
2026.02.03 19:09:00,92683.61,92694.35,92683.61,92694.35,180,78,0
2026.02.03 19:06:00,92672.81,92683.55,92672.81,92683.55,180,78,0
2026.02.03 19:03:00,92692.75,92694.79,92679.12,92687.76,180,78,0
2026.02.03 19:00:00,92681.95,92692.69,92681.95,92692.69,180,78,0
2026.02.03 18:57:00,92695.08,92701.50,92677.63,92681.89,180,78,0
2026.02.03 18:54:00,92684.28,92695.02,92684.28,92695.02,180,78,0
2026.02.03 18:51:00,92744.08,92752.24,92681.94,92684.22,180,78,0
2026.02.03 18:48:00,92733.28,92744.02,92733.28,92744.02,180,78,0
2026.02.03 18:45:00,92722.48,92733.22,92722.48,92733.22,180,78,0
2026.02.03 18:42:00,92755.32,92763.84,92721.34,92722.42,180,78,0
2026.02.03 18:39:00,92763.66,92773.98,92754.90,92755.26,180,78,0
2026.02.03 18:36:00,92770.64,92777.60,92759.88,92763.60,180,78,0
2026.02.03 18:33:00,92759.84,92770.58,92759.84,92770.58,180,78,0
2026.02.03 18:30:00,92812.05,92816.55,92754.38,92759.78,180,78,0
2026.02.03 18:27:00,92830.41,92830.77,92801.67,92811.99,180,78,0
2026.02.03 18:24:00,92819.61,92830.35,92819.61,92830.35,180,78,0
2026.02.03 18:21:00,92808.81,92819.55,92808.81,92819.55,180,78,0
2026.02.03 18:18:00,92798.01,92808.75,92798.01,92808.75,180,78,0
2026.02.03 18:15:00,92787.21,92797.95,92787.21,92797.95,180,78,0
2026.02.03 18:12:00,92808.49,92814.97,92782.95,92787.15,180,78,0
2026.02.03 18:09:00,92797.69,92808.43,92797.69,92808.43,180,78,0
2026.02.03 18:06:00,92786.89,92797.63,92786.89,92797.63,180,78,0
2026.02.03 18:03:00,92804.29,92808.07,92782.75,92786.83,180,78,0
2026.02.03 18:00:00,92793.49,92804.23,92793.49,92804.23,180,78,0
2026.02.03 17:57:00,92782.69,92793.43,92782.69,92793.43,180,78,0
2026.02.03 17:54:00,92800.87,92807.53,92778.61,92782.63,180,78,0
2026.02.03 17:51:00,92790.07,92800.81,92790.07,92800.81,180,78,0
2026.02.03 17:48:00,92791.62,92798.22,92785.93,92790.01,180,78,0
2026.02.03 17:45:00,92780.82,92791.56,92780.82,92791.56,180,78,0
2026.02.03 17:42:00,92783.77,92794.39,92780.70,92780.76,180,78,0
2026.02.03 17:39:00,92772.97,92783.71,92772.97,92783.71,180,78,0
2026.02.03 17:36:00,92762.17,92772.91,92762.17,92772.91,180,78,0
2026.02.03 17:33:00,92819.58,92823.18,92758.93,92762.11,180,78,0
2026.02.03 17:30:00,92808.78,92819.52,92808.78,92819.52,180,78,0
2026.02.03 17:27:00,92797.98,92808.72,92797.98,92808.72,180,78,0
2026.02.03 17:24:00,92787.18,92797.92,92787.18,92797.92,180,78,0
2026.02.03 17:21:00,92790.96,92796.06,92781.54,92787.12,180,78,0
2026.02.03 17:18:00,92780.16,92790.90,92780.16,92790.90,180,78,0
2026.02.03 17:15:00,92783.97,92790.39,92775.84,92780.10,180,78,0
2026.02.03 17:12:00,92773.17,92783.91,92773.17,92783.91,180,78,0
2026.02.03 17:09:00,92762.37,92773.11,92762.37,92773.11,180,78,0
2026.02.03 17:06:00,92765.19,92766.75,92753.19,92762.31,180,78,0
2026.02.03 17:03:00,92791.98,92794.56,92764.77,92765.13,180,78,0
2026.02.03 17:00:00,92781.18,92791.92,92781.18,92791.92,180,78,0
2026.02.03 16:57:00,92770.38,92781.12,92770.38,92781.12,180,78,0
2026.02.03 16:54:00,92781.72,92789.28,92767.20,92770.32,180,78,0
2026.02.03 16:51:00,92770.92,92781.66,92770.92,92781.66,180,78,0
2026.02.03 16:48:00,92760.12,92770.86,92760.12,92770.86,180,78,0
2026.02.03 16:45:00,92749.32,92760.06,92749.32,92760.06,180,78,0
2026.02.03 16:42:00,92738.52,92749.26,92738.52,92749.26,180,78,0
2026.02.03 16:39:00,92757.94,92763.76,92733.60,92738.46,180,78,0
2026.02.03 16:36:00,92747.14,92757.88,92747.14,92757.88,180,78,0
2026.02.03 16:33:00,92736.34,92747.08,92736.34,92747.08,180,78,0
2026.02.03 16:30:00,92782.64,92783.84,92733.34,92736.28,180,78,0
2026.02.03 16:27:00,92771.84,92782.58,92771.84,92782.58,180,78,0
2026.02.03 16:24:00,92761.04,92771.78,92761.04,92771.78,180,78,0
2026.02.03 16:21:00,92750.24,92760.98,92750.24,92760.98,180,78,0
2026.02.03 16:18:00,92739.44,92750.18,92739.44,92750.18,180,78,0
2026.02.03 16:15:00,92728.64,92739.38,92728.64,92739.38,180,78,0
2026.02.03 16:12:00,92750.76,92759.64,92726.78,92728.58,180,78,0
2026.02.03 16:09:00,92739.96,92750.70,92739.96,92750.70,180,78,0
2026.02.03 16:06:00,92729.16,92739.90,92729.16,92739.90,180,78,0
2026.02.03 16:03:00,92718.36,92729.10,92718.36,92729.10,180,78,0
2026.02.03 16:00:00,92707.56,92718.30,92707.56,92718.30,180,78,0
2026.02.03 15:57:00,92696.76,92707.50,92696.76,92707.50,180,78,0
2026.02.03 15:54:00,92720.03,92720.39,92695.86,92696.70,180,78,0
2026.02.03 15:51:00,92729.75,92737.85,92717.39,92719.97,180,78,0
2026.02.03 15:48:00,92746.51,92755.57,92728.07,92729.69,180,78,0
2026.02.03 15:45:00,92792.27,92792.93,92741.23,92746.45,180,78,0
2026.02.03 15:42:00,92807.20,92810.32,92784.65,92792.21,180,78,0
2026.02.03 15:39:00,92796.40,92807.14,92796.40,92807.14,180,78,0
2026.02.03 15:36:00,92785.60,92796.34,92785.60,92796.34,180,78,0
2026.02.03 15:33:00,92774.80,92785.54,92774.80,92785.54,180,78,0
2026.02.03 15:30:00,92764.00,92774.74,92764.00,92774.74,180,78,0
2026.02.03 15:27:00,92753.20,92763.94,92753.20,92763.94,180,78,0
2026.02.03 15:24:00,92742.40,92753.14,92742.40,92753.14,180,78,0
2026.02.03 15:21:00,92749.66,92759.68,92741.68,92742.34,180,78,0
2026.02.03 15:18:00,92738.86,92749.60,92738.86,92749.60,180,78,0
2026.02.03 15:15:00,92728.06,92738.80,92728.06,92738.80,180,78,0
2026.02.03 15:12:00,92748.44,92754.14,92723.02,92728.00,180,78,0
2026.02.03 15:09:00,92778.78,92781.30,92745.08,92748.38,180,78,0
2026.02.03 15:06:00,92787.39,92787.57,92768.22,92778.72,180,78,0
2026.02.03 15:03:00,92776.59,92787.33,92776.59,92787.33,180,78,0
2026.02.03 15:00:00,92765.79,92776.53,92765.79,92776.53,180,78,0
2026.02.03 14:57:00,92754.99,92765.73,92754.99,92765.73,180,78,0
2026.02.03 14:54:00,92778.98,92781.62,92746.89,92754.93,180,78,0
2026.02.03 14:51:00,92768.18,92778.92,92768.18,92778.92,180,78,0
2026.02.03 14:48:00,92776.72,92779.78,92760.50,92768.12,180,78,0
2026.02.03 14:45:00,92781.88,92788.36,92772.46,92776.66,180,78,0
2026.02.03 14:42:00,92771.08,92781.82,92771.08,92781.82,180,78,0
2026.02.03 14:39:00,92760.28,92771.02,92760.28,92771.02,180,78,0
2026.02.03 14:36:00,92749.48,92760.22,92749.48,92760.22,180,78,0
2026.02.03 14:33:00,92738.68,92749.42,92738.68,92749.42,180,78,0
2026.02.03 14:30:00,92727.88,92738.62,92727.88,92738.62,180,78,0
2026.02.03 14:27:00,92735.00,92739.98,92722.12,92727.82,180,78,0
2026.02.03 14:24:00,92760.47,92770.13,92733.92,92734.94,180,78,0
2026.02.03 14:21:00,92749.67,92760.41,92749.67,92760.41,180,78,0
2026.02.03 14:18:00,92738.87,92749.61,92738.87,92749.61,180,78,0
2026.02.03 14:15:00,92728.07,92738.81,92728.07,92738.81,180,78,0
2026.02.03 14:12:00,92717.27,92728.01,92717.27,92728.01,180,78,0
2026.02.03 14:09:00,92723.72,92732.54,92715.35,92717.21,180,78,0
2026.02.03 14:06:00,92743.33,92753.35,92723.00,92723.66,180,78,0
2026.02.03 14:03:00,92732.53,92743.27,92732.53,92743.27,180,78,0
2026.02.03 14:00:00,92755.38,92756.82,92731.03,92732.47,180,78,0
2026.02.03 13:57:00,92744.58,92755.32,92744.58,92755.32,180,78,0
2026.02.03 13:54:00,92733.78,92744.52,92733.78,92744.52,180,78,0
2026.02.03 13:51:00,92722.98,92733.72,92722.98,92733.72,180,78,0
2026.02.03 13:48:00,92725.66,92736.22,92722.80,92722.92,180,78,0
2026.02.03 13:45:00,92714.86,92725.60,92714.86,92725.60,180,78,0
2026.02.03 13:42:00,92704.06,92714.80,92704.06,92714.80,180,78,0
2026.02.03 13:39:00,92693.26,92704.00,92693.26,92704.00,180,78,0
2026.02.03 13:36:00,92682.46,92693.20,92682.46,92693.20,180,78,0
2026.02.03 13:33:00,92671.66,92682.40,92671.66,92682.40,180,78,0
2026.02.03 13:30:00,92676.97,92680.27,92664.22,92671.60,180,78,0
2026.02.03 13:27:00,92666.17,92676.91,92666.17,92676.91,180,78,0
2026.02.03 13:24:00,92655.37,92666.11,92655.37,92666.11,180,78,0
2026.02.03 13:21:00,92644.57,92655.31,92644.57,92655.31,180,78,0
2026.02.03 13:18:00,92646.72,92648.10,92635.21,92644.51,180,78,0
2026.02.03 13:15:00,92635.92,92646.66,92635.92,92646.66,180,78,0
2026.02.03 13:12:00,92625.12,92635.86,92625.12,92635.86,180,78,0
2026.02.03 13:09:00,92614.32,92625.06,92614.32,92625.06,180,78,0
2026.02.03 13:06:00,92603.52,92614.26,92603.52,92614.26,180,78,0
2026.02.03 13:03:00,92622.86,92633.60,92622.86,92633.60,180,78,0
2026.02.03 13:00:00,92612.06,92622.80,92612.06,92622.80,180,78,0
2026.02.03 12:57:00,92601.26,92612.00,92601.26,92612.00,180,78,0
2026.02.03 12:54:00,92590.46,92601.20,92590.46,92601.20,180,78,0
2026.02.03 12:51:00,92579.66,92590.40,92579.66,92590.40,180,78,0
2026.02.03 12:48:00,92568.86,92579.60,92568.86,92579.60,180,78,0
2026.02.03 12:45:00,92578.86,92580.78,92560.04,92568.80,180,78,0
2026.02.03 12:42:00,92568.06,92578.80,92568.06,92578.80,180,78,0
2026.02.03 12:39:00,92575.74,92577.00,92558.58,92568.00,180,78,0
2026.02.03 12:36:00,92564.94,92575.68,92564.94,92575.68,180,78,0
2026.02.03 12:33:00,92554.14,92564.88,92554.14,92564.88,180,78,0
2026.02.03 12:30:00,92543.34,92554.08,92543.34,92554.08,180,78,0
2026.02.03 12:27:00,92532.54,92543.28,92532.54,92543.28,180,78,0
2026.02.03 12:24:00,92536.28,92546.78,92532.30,92532.48,180,78,0
2026.02.03 12:21:00,92525.48,92536.22,92525.48,92536.22,180,78,0
2026.02.03 12:18:00,92544.85,92552.53,92522.42,92525.42,180,78,0
2026.02.03 12:15:00,92534.05,92544.79,92534.05,92544.79,180,78,0
2026.02.03 12:12:00,92523.25,92533.99,92523.25,92533.99,180,78,0
2026.02.03 12:09:00,92512.45,92523.19,92512.45,92523.19,180,78,0
2026.02.03 12:06:00,92501.65,92512.39,92501.65,92512.39,180,78,0
2026.02.03 12:03:00,92490.85,92501.59,92490.85,92501.59,180,78,0
2026.02.03 12:00:00,92480.05,92490.79,92480.05,92490.79,180,78,0
2026.02.03 11:57:00,92469.25,92479.99,92469.25,92479.99,180,78,0
2026.02.03 11:54:00,92506.48,92508.52,92463.73,92469.19,180,78,0
2026.02.03 11:51:00,92495.68,92506.42,92495.68,92506.42,180,78,0
2026.02.03 11:48:00,92505.28,92515.78,92495.44,92495.62,180,78,0
2026.02.03 11:45:00,92494.48,92505.22,92494.48,92505.22,180,78,0
2026.02.03 11:42:00,92502.53,92512.85,92494.06,92494.42,180,78,0
2026.02.03 11:39:00,92491.73,92502.47,92491.73,92502.47,180,78,0
2026.02.03 11:36:00,92499.86,92509.16,92490.29,92491.67,180,78,0
2026.02.03 11:33:00,92489.06,92499.80,92489.06,92499.80,180,78,0
2026.02.03 11:30:00,92580.78,92582.22,92485.94,92489.00,180,78,0
2026.02.03 11:27:00,92610.62,92614.76,92576.16,92580.72,180,78,0
2026.02.03 11:24:00,92599.82,92610.56,92599.82,92610.56,180,78,0
2026.02.03 11:21:00,92622.58,92627.44,92596.76,92599.76,180,78,0
2026.02.03 11:18:00,92642.90,92648.60,92617.54,92622.52,180,78,0
2026.02.03 11:15:00,92663.28,92673.12,92642.00,92642.84,180,78,0
2026.02.03 11:12:00,92652.48,92663.22,92652.48,92663.22,180,78,0
2026.02.03 11:09:00,92641.68,92652.42,92641.68,92652.42,180,78,0
2026.02.03 11:06:00,92652.48,92659.32,92637.78,92641.62,180,78,0
2026.02.03 11:03:00,92662.88,92665.40,92644.26,92652.42,180,78,0
2026.02.03 11:00:00,92652.08,92662.82,92652.08,92662.82,180,78,0
2026.02.03 10:57:00,92641.28,92652.02,92641.28,92652.02,180,78,0
2026.02.03 10:54:00,92630.48,92641.22,92630.48,92641.22,180,78,0
2026.02.03 10:51:00,92632.81,92641.09,92628.02,92630.42,180,78,0
2026.02.03 10:48:00,92622.01,92632.75,92622.01,92632.75,180,78,0
2026.02.03 10:45:00,92611.21,92621.95,92611.21,92621.95,180,78,0
2026.02.03 10:42:00,92633.78,92639.84,92606.53,92611.15,180,78,0
2026.02.03 10:39:00,92622.98,92633.72,92622.98,92633.72,180,78,0
2026.02.03 10:36:00,92628.79,92631.85,92615.30,92622.92,180,78,0
2026.02.03 10:33:00,92617.99,92628.73,92617.99,92628.73,180,78,0
2026.02.03 10:30:00,92652.79,92658.91,92614.57,92617.93,180,78,0
2026.02.03 10:27:00,92641.99,92652.73,92641.99,92652.73,180,78,0
2026.02.03 10:24:00,92666.28,92670.18,92641.27,92641.93,180,78,0
2026.02.03 10:21:00,92692.14,92693.76,92657.16,92666.22,180,78,0
2026.02.03 10:18:00,92681.34,92692.08,92681.34,92692.08,180,78,0
2026.02.03 10:15:00,92670.54,92681.28,92670.54,92681.28,180,78,0
2026.02.03 10:12:00,92659.74,92670.48,92659.74,92670.48,180,78,0
2026.02.03 10:09:00,92648.94,92659.68,92648.94,92659.68,180,78,0
2026.02.03 10:06:00,92638.14,92648.88,92638.14,92648.88,180,78,0
2026.02.03 10:03:00,92627.34,92638.08,92627.34,92638.08,180,78,0
2026.02.03 10:00:00,92637.49,92646.31,92625.42,92627.28,180,78,0
2026.02.03 09:57:00,92626.69,92637.43,92626.69,92637.43,180,78,0
2026.02.03 09:54:00,92615.89,92626.63,92615.89,92626.63,180,78,0
2026.02.03 09:51:00,92605.09,92615.83,92605.09,92615.83,180,78,0
2026.02.03 09:48:00,92625.64,92629.06,92597.77,92605.03,180,78,0
2026.02.03 09:45:00,92629.42,92636.74,92622.22,92625.58,180,78,0
2026.02.03 09:42:00,92637.88,92645.68,92626.48,92629.36,180,78,0
2026.02.03 09:39:00,92627.08,92637.82,92627.08,92637.82,180,78,0
2026.02.03 09:36:00,92668.67,92673.47,92626.90,92627.02,180,78,0
2026.02.03 09:33:00,92657.87,92668.61,92657.87,92668.61,180,78,0
2026.02.03 09:30:00,92647.07,92657.81,92647.07,92657.81,180,78,0
2026.02.03 09:27:00,92658.35,92665.07,92643.05,92647.01,180,78,0
2026.02.03 09:24:00,92647.55,92658.29,92647.55,92658.29,180,78,0
2026.02.03 09:21:00,92636.75,92647.49,92636.75,92647.49,180,78,0
2026.02.03 09:18:00,92625.95,92636.69,92625.95,92636.69,180,78,0
2026.02.03 09:15:00,92643.43,92649.73,92621.51,92625.89,180,78,0
2026.02.03 09:12:00,92680.94,92681.42,92637.25,92643.37,180,78,0
2026.02.03 09:09:00,92692.51,92702.11,92679.80,92680.88,180,78,0
2026.02.03 09:06:00,92681.71,92692.45,92681.71,92692.45,180,78,0
2026.02.03 09:03:00,92670.91,92681.65,92670.91,92681.65,180,78,0
2026.02.03 09:00:00,92690.90,92692.94,92667.97,92670.85,180,78,0
2026.02.03 08:57:00,92707.73,92717.69,92690.12,92690.84,180,78,0
2026.02.03 08:54:00,92696.93,92707.67,92696.93,92707.67,180,78,0
2026.02.03 08:51:00,92712.27,92722.53,92696.45,92696.87,180,78,0
2026.02.03 08:48:00,92727.50,92737.34,92712.21,92712.21,180,78,0
2026.02.03 08:45:00,92716.70,92727.44,92716.70,92727.44,180,78,0
2026.02.03 08:42:00,92705.90,92716.64,92705.90,92716.64,180,78,0
2026.02.03 08:39:00,92712.25,92717.95,92700.86,92705.84,180,78,0
2026.02.03 08:36:00,92701.45,92712.19,92701.45,92712.19,180,78,0
2026.02.03 08:33:00,92690.65,92701.39,92690.65,92701.39,180,78,0
2026.02.03 08:30:00,92697.47,92704.07,92686.51,92690.59,180,78,0
2026.02.03 08:27:00,92686.67,92697.41,92686.67,92697.41,180,78,0
2026.02.03 08:24:00,92694.66,92700.30,92681.57,92686.61,180,78,0
2026.02.03 08:21:00,92731.44,92738.28,92694.42,92694.60,180,78,0
2026.02.03 08:18:00,92720.64,92731.38,92720.64,92731.38,180,78,0
2026.02.03 08:15:00,92725.55,92734.49,92718.84,92720.58,180,78,0
2026.02.03 08:12:00,92714.75,92725.49,92714.75,92725.49,180,78,0
2026.02.03 08:09:00,92703.95,92714.69,92703.95,92714.69,180,78,0
2026.02.03 08:06:00,92693.15,92703.89,92693.15,92703.89,180,78,0
2026.02.03 08:03:00,92682.35,92693.09,92682.35,92693.09,180,78,0
2026.02.03 08:00:00,92690.95,92695.27,92675.93,92682.29,180,78,0
2026.02.03 07:57:00,92680.15,92690.89,92680.15,92690.89,180,78,0
2026.02.03 07:54:00,92669.35,92680.09,92669.35,92680.09,180,78,0
2026.02.03 07:51:00,92681.37,92689.11,92666.35,92669.29,180,78,0
2026.02.03 07:48:00,92670.57,92681.31,92670.57,92681.31,180,78,0
2026.02.03 07:45:00,92659.77,92670.51,92659.77,92670.51,180,78,0
2026.02.03 07:42:00,92648.97,92659.71,92648.97,92659.71,180,78,0
2026.02.03 07:39:00,92638.17,92648.91,92638.17,92648.91,180,78,0
2026.02.03 07:36:00,92643.84,92647.80,92631.39,92638.11,180,78,0
2026.02.03 07:33:00,92633.04,92643.78,92633.04,92643.78,180,78,0
2026.02.03 07:30:00,92622.24,92632.98,92622.24,92632.98,180,78,0
2026.02.03 07:27:00,92611.44,92622.18,92611.44,92622.18,180,78,0
2026.02.03 07:24:00,92600.64,92611.38,92600.64,92611.38,180,78,0
2026.02.03 07:21:00,92618.26,92620.30,92591.94,92600.58,180,78,0
2026.02.03 07:18:00,92607.46,92618.20,92607.46,92618.20,180,78,0
2026.02.03 07:15:00,92596.66,92607.40,92596.66,92607.40,180,78,0
2026.02.03 07:12:00,92585.86,92596.60,92585.86,92596.60,180,78,0
2026.02.03 07:09:00,92598.15,92598.57,92575.54,92585.80,180,78,0
2026.02.03 07:06:00,92624.00,92627.42,92593.65,92598.09,180,78,0
2026.02.03 07:03:00,92699.72,92701.58,92618.78,92623.94,180,78,0
2026.02.03 07:00:00,92688.92,92699.66,92688.92,92699.66,180,78,0
2026.02.03 06:57:00,92678.12,92688.86,92678.12,92688.86,180,78,0
2026.02.03 06:54:00,92690.56,92692.90,92669.72,92678.06,180,78,0
2026.02.03 06:51:00,92720.73,92722.23,92681.62,92690.50,180,78,0
2026.02.03 06:48:00,92729.98,92732.62,92712.63,92720.67,180,78,0
2026.02.03 06:45:00,92719.18,92729.92,92719.18,92729.92,180,78,0
2026.02.03 06:42:00,92708.38,92719.12,92708.38,92719.12,180,78,0
2026.02.03 06:39:00,92697.58,92708.32,92697.58,92708.32,180,78,0
2026.02.03 06:36:00,92739.88,92741.68,92692.30,92697.52,180,78,0
2026.02.03 06:33:00,92729.08,92739.82,92729.08,92739.82,180,78,0
2026.02.03 06:30:00,92718.28,92729.02,92718.28,92729.02,180,78,0
2026.02.03 06:27:00,92707.48,92718.22,92707.48,92718.22,180,78,0
2026.02.03 06:24:00,92696.68,92707.42,92696.68,92707.42,180,78,0
2026.02.03 06:21:00,92685.88,92696.62,92685.88,92696.62,180,78,0
2026.02.03 06:18:00,92675.08,92685.82,92675.08,92685.82,180,78,0
2026.02.03 06:15:00,92686.72,92693.08,92670.70,92675.02,180,78,0
2026.02.03 06:12:00,92675.92,92686.66,92675.92,92686.66,180,78,0
2026.02.03 06:09:00,92665.12,92675.86,92665.12,92675.86,180,78,0
2026.02.03 06:06:00,92654.32,92665.06,92654.32,92665.06,180,78,0
2026.02.03 06:03:00,92643.52,92654.26,92643.52,92654.26,180,78,0
2026.02.03 06:00:00,92632.72,92643.46,92632.72,92643.46,180,78,0
2026.02.03 05:57:00,92654.59,92658.55,92625.94,92632.66,180,78,0
2026.02.03 05:54:00,92643.79,92654.53,92643.79,92654.53,180,78,0
2026.02.03 05:51:00,92669.31,92677.59,92641.33,92643.73,180,78,0
2026.02.03 05:48:00,92658.51,92669.25,92658.51,92669.25,180,78,0
2026.02.03 05:45:00,92694.72,92699.76,92653.95,92658.45,180,78,0
2026.02.03 05:42:00,92712.12,92714.40,92686.26,92694.66,180,78,0
2026.02.03 05:39:00,92755.29,92760.57,92711.28,92712.06,180,78,0
2026.02.03 05:36:00,92744.49,92755.23,92744.49,92755.23,180,78,0
2026.02.03 05:33:00,92733.69,92744.43,92733.69,92744.43,180,78,0
2026.02.03 05:30:00,92722.89,92733.63,92722.89,92733.63,180,78,0
2026.02.03 05:27:00,92712.09,92722.83,92712.09,92722.83,180,78,0
2026.02.03 05:24:00,92701.29,92712.03,92701.29,92712.03,180,78,0
2026.02.03 05:21:00,92690.49,92701.23,92690.49,92701.23,180,78,0
2026.02.03 05:18:00,92679.69,92690.43,92679.69,92690.43,180,78,0
2026.02.03 05:15:00,92710.87,92711.89,92669.97,92679.63,180,78,0
2026.02.03 05:12:00,92751.97,92752.09,92700.37,92710.81,180,78,0
2026.02.03 05:09:00,92774.02,92778.40,92745.61,92751.91,180,78,0
2026.02.03 05:06:00,92763.22,92773.96,92763.22,92773.96,180,78,0
2026.02.03 05:03:00,92752.42,92763.16,92752.42,92763.16,180,78,0
2026.02.03 05:00:00,92741.62,92752.36,92741.62,92752.36,180,78,0
2026.02.03 04:57:00,92730.82,92741.56,92730.82,92741.56,180,78,0
2026.02.03 04:54:00,92720.02,92730.76,92720.02,92730.76,180,78,0
2026.02.03 04:51:00,92733.12,92739.78,92715.94,92719.96,180,78,0
2026.02.03 04:48:00,92722.32,92733.06,92722.32,92733.06,180,78,0
2026.02.03 04:45:00,92728.81,92729.83,92712.60,92722.26,180,78,0
2026.02.03 04:42:00,92760.87,92767.71,92724.91,92728.75,180,78,0
2026.02.03 04:39:00,92750.07,92760.81,92750.07,92760.81,180,78,0
2026.02.03 04:36:00,92761.82,92769.32,92746.83,92750.01,180,78,0
2026.02.03 04:33:00,92751.02,92761.76,92751.02,92761.76,180,78,0
2026.02.03 04:30:00,92740.22,92750.96,92740.22,92750.96,180,78,0
2026.02.03 04:27:00,92761.58,92767.94,92735.84,92740.16,180,78,0
2026.02.03 04:24:00,92750.78,92761.52,92750.78,92761.52,180,78,0
2026.02.03 04:21:00,92770.55,92779.67,92749.16,92750.72,180,78,0
2026.02.03 04:18:00,92814.21,92818.47,92767.97,92770.49,180,78,0
2026.02.03 04:15:00,92803.41,92814.15,92803.41,92814.15,180,78,0
2026.02.03 04:12:00,92792.61,92803.35,92792.61,92803.35,180,78,0
2026.02.03 04:09:00,92810.37,92817.27,92788.77,92792.55,180,78,0
2026.02.03 04:06:00,92816.98,92817.58,92800.23,92810.31,180,78,0
2026.02.03 04:03:00,92806.18,92816.92,92806.18,92816.92,180,78,0
2026.02.03 04:00:00,92813.07,92813.43,92795.80,92806.12,180,78,0
2026.02.03 03:57:00,92854.81,92863.39,92811.99,92813.01,180,78,0
2026.02.03 03:54:00,92844.01,92854.75,92844.01,92854.75,180,78,0
2026.02.03 03:51:00,92852.39,92853.83,92834.71,92843.95,180,78,0
2026.02.03 03:48:00,92841.59,92852.33,92841.59,92852.33,180,78,0
2026.02.03 03:45:00,92830.79,92841.53,92830.79,92841.53,180,78,0
2026.02.03 03:42:00,92819.99,92830.73,92819.99,92830.73,180,78,0
2026.02.03 03:39:00,92845.48,92846.74,92811.35,92819.93,180,78,0
2026.02.03 03:36:00,92870.97,92875.53,92839.30,92845.42,180,78,0
2026.02.03 03:33:00,92880.68,92888.12,92867.67,92870.91,180,78,0
2026.02.03 03:30:00,92908.27,92911.21,92872.88,92880.62,180,78,0
2026.02.03 03:27:00,92909.77,92918.47,92906.23,92908.21,180,78,0
2026.02.03 03:24:00,92898.97,92909.71,92898.97,92909.71,180,78,0
2026.02.03 03:21:00,92888.17,92898.91,92888.17,92898.91,180,78,0
2026.02.03 03:18:00,92945.76,92953.02,92886.43,92888.11,180,78,0
2026.02.03 03:15:00,92934.96,92945.70,92934.96,92945.70,180,78,0
2026.02.03 03:12:00,92941.70,92947.04,92929.56,92934.90,180,78,0
2026.02.03 03:09:00,92930.90,92941.64,92930.90,92941.64,180,78,0
2026.02.03 03:06:00,92920.10,92930.84,92920.10,92930.84,180,78,0
2026.02.03 03:03:00,92930.65,92936.53,92915.24,92920.04,180,78,0
2026.02.03 03:00:00,92919.85,92930.59,92919.85,92930.59,180,78,0
2026.02.03 02:57:00,92909.05,92919.79,92909.05,92919.79,180,78,0
2026.02.03 02:54:00,92898.25,92908.99,92898.25,92908.99,180,78,0
2026.02.03 02:51:00,92887.45,92898.19,92887.45,92898.19,180,78,0
2026.02.03 02:48:00,92876.65,92887.39,92876.65,92887.39,180,78,0
2026.02.03 02:45:00,92894.72,92904.74,92875.93,92876.59,180,78,0
2026.02.03 02:42:00,92883.92,92894.66,92883.92,92894.66,180,78,0
2026.02.03 02:39:00,92873.12,92883.86,92873.12,92883.86,180,78,0
2026.02.03 02:36:00,92862.32,92873.06,92862.32,92873.06,180,78,0
2026.02.03 02:33:00,92851.52,92862.26,92851.52,92862.26,180,78,0
2026.02.03 02:30:00,92840.72,92851.46,92840.72,92851.46,180,78,0
2026.02.03 02:27:00,92829.92,92840.66,92829.92,92840.66,180,78,0
2026.02.03 02:24:00,92819.12,92829.86,92819.12,92829.86,180,78,0
2026.02.03 02:21:00,92808.32,92819.06,92808.32,92819.06,180,78,0
2026.02.03 02:18:00,92797.52,92808.26,92797.52,92808.26,180,78,0
2026.02.03 02:15:00,92822.69,92829.53,92793.62,92797.46,180,78,0
2026.02.03 02:12:00,92811.89,92822.63,92811.89,92822.63,180,78,0
2026.02.03 02:09:00,92816.47,92819.71,92804.39,92811.83,180,78,0
2026.02.03 02:06:00,92875.12,92879.50,92812.57,92816.41,180,78,0
2026.02.03 02:03:00,92864.32,92875.06,92864.32,92875.06,180,78,0
2026.02.03 02:00:00,92884.14,92890.38,92859.82,92864.26,180,78,0
2026.02.03 01:57:00,92873.34,92884.08,92873.34,92884.08,180,78,0
2026.02.03 01:54:00,92862.54,92873.28,92862.54,92873.28,180,78,0
2026.02.03 01:51:00,92874.43,92879.65,92857.02,92862.48,180,78,0
2026.02.03 01:48:00,92918.78,92923.94,92870.65,92874.37,180,78,0
2026.02.03 01:45:00,92907.98,92918.72,92907.98,92918.72,180,78,0
2026.02.03 01:42:00,92930.61,92939.79,92906.42,92907.92,180,78,0
2026.02.03 01:39:00,92919.81,92930.55,92919.81,92930.55,180,78,0
2026.02.03 01:36:00,92927.72,92935.28,92916.63,92919.75,180,78,0
2026.02.03 01:33:00,92916.92,92927.66,92916.92,92927.66,180,78,0
2026.02.03 01:30:00,92906.12,92916.86,92906.12,92916.86,180,78,0
2026.02.03 01:27:00,92895.32,92906.06,92895.32,92906.06,180,78,0
2026.02.03 01:24:00,92899.68,92908.38,92893.28,92895.26,180,78,0
2026.02.03 01:21:00,92888.88,92899.62,92888.88,92899.62,180,78,0
2026.02.03 01:18:00,92878.08,92888.82,92878.08,92888.82,180,78,0
2026.02.03 01:15:00,92867.28,92878.02,92867.28,92878.02,180,78,0
2026.02.03 01:12:00,92856.48,92867.22,92856.48,92867.22,180,78,0
2026.02.03 01:09:00,92845.68,92856.42,92845.68,92856.42,180,78,0
2026.02.03 01:06:00,92834.88,92845.62,92834.88,92845.62,180,78,0
2026.02.03 01:03:00,92854.23,92859.51,92829.42,92834.82,180,78,0
2026.02.03 01:00:00,92843.43,92854.17,92843.43,92854.17,180,78,0
2026.02.03 00:57:00,92861.26,92868.28,92839.71,92843.37,180,78,0
2026.02.03 00:54:00,92850.46,92861.20,92850.46,92861.20,180,78,0
2026.02.03 00:51:00,92839.66,92850.40,92839.66,92850.40,180,78,0
2026.02.03 00:48:00,92828.86,92839.60,92828.86,92839.60,180,78,0
2026.02.03 00:45:00,92818.06,92828.80,92818.06,92828.80,180,78,0
2026.02.03 00:42:00,92807.26,92818.00,92807.26,92818.00,180,78,0
2026.02.03 00:39:00,92796.46,92807.20,92796.46,92807.20,180,78,0
2026.02.03 00:36:00,92785.66,92796.40,92785.66,92796.40,180,78,0
2026.02.03 00:33:00,92816.97,92823.63,92781.58,92785.60,180,78,0
2026.02.03 00:30:00,92806.17,92816.91,92806.17,92816.91,180,78,0
2026.02.03 00:27:00,92795.37,92806.11,92795.37,92806.11,180,78,0
2026.02.03 00:24:00,92804.36,92804.78,92785.05,92795.31,180,78,0
2026.02.03 00:21:00,92793.56,92804.30,92793.56,92804.30,180,78,0
2026.02.03 00:18:00,92782.76,92793.50,92782.76,92793.50,180,78,0
2026.02.03 00:15:00,92803.72,92810.38,92778.68,92782.70,180,78,0
2026.02.03 00:12:00,92816.40,92826.12,92802.70,92803.66,180,78,0
2026.02.03 00:09:00,92805.60,92816.34,92805.60,92816.34,180,78,0
2026.02.03 00:06:00,92794.80,92805.54,92794.80,92805.54,180,78,0
2026.02.03 00:03:00,92813.51,92816.63,92787.18,92794.74,180,78,0
2026.02.03 00:00:00,92802.71,92813.45,92802.71,92813.45,180,78,0
2026.02.02 23:57:00,92820.63,92825.73,92797.07,92802.65,180,78,0
2026.02.02 23:54:00,92809.83,92820.57,92809.83,92820.57,180,78,0
2026.02.02 23:51:00,92799.03,92809.77,92799.03,92809.77,180,78,0
2026.02.02 23:48:00,92788.23,92798.97,92788.23,92798.97,180,78,0
2026.02.02 23:45:00,92777.43,92788.17,92777.43,92788.17,180,78,0
2026.02.02 23:42:00,92766.63,92777.37,92766.63,92777.37,180,78,0
2026.02.02 23:39:00,92755.83,92766.57,92755.83,92766.57,180,78,0
2026.02.02 23:36:00,92775.05,92776.91,92746.95,92755.77,180,78,0
2026.02.02 23:33:00,92764.25,92774.99,92764.25,92774.99,180,78,0
2026.02.02 23:30:00,92753.45,92764.19,92753.45,92764.19,180,78,0
2026.02.02 23:27:00,92771.10,92780.64,92752.25,92753.39,180,78,0
2026.02.02 23:24:00,92784.40,92795.02,92770.98,92771.04,180,78,0
2026.02.02 23:21:00,92773.60,92784.34,92773.60,92784.34,180,78,0
2026.02.02 23:18:00,92825.19,92826.15,92767.54,92773.54,180,78,0
2026.02.02 23:15:00,92814.39,92825.13,92814.39,92825.13,180,78,0
2026.02.02 23:12:00,92803.59,92814.33,92803.59,92814.33,180,78,0
2026.02.02 23:09:00,92792.79,92803.53,92792.79,92803.53,180,78,0
2026.02.02 23:06:00,92781.99,92792.73,92781.99,92792.73,180,78,0
2026.02.02 23:03:00,92771.19,92781.93,92771.19,92781.93,180,78,0
2026.02.02 23:00:00,92760.39,92771.13,92760.39,92771.13,180,78,0
2026.02.02 22:57:00,92749.59,92760.33,92749.59,92760.33,180,78,0
2026.02.02 22:54:00,92738.79,92749.53,92738.79,92749.53,180,78,0
2026.02.02 22:51:00,92727.99,92738.73,92727.99,92738.73,180,78,0
2026.02.02 22:48:00,92717.19,92727.93,92717.19,92727.93,180,78,0
2026.02.02 22:45:00,92706.39,92717.13,92706.39,92717.13,180,78,0
2026.02.02 22:42:00,92695.59,92706.33,92695.59,92706.33,180,78,0
2026.02.02 22:39:00,92684.79,92695.53,92684.79,92695.53,180,78,0
2026.02.02 22:36:00,92673.99,92684.73,92673.99,92684.73,180,78,0
2026.02.02 22:33:00,92663.19,92673.93,92663.19,92673.93,180,78,0
2026.02.02 22:30:00,92652.39,92663.13,92652.39,92663.13,180,78,0
2026.02.02 22:27:00,92641.59,92652.33,92641.59,92652.33,180,78,0
2026.02.02 22:24:00,92630.79,92641.53,92630.79,92641.53,180,78,0
2026.02.02 22:21:00,92619.99,92630.73,92619.99,92630.73,180,78,0
2026.02.02 22:18:00,92623.42,92633.20,92619.03,92619.93,180,78,0
2026.02.02 22:15:00,92612.62,92623.36,92612.62,92623.36,180,78,0
2026.02.02 22:12:00,92601.82,92612.56,92601.82,92612.56,180,78,0
2026.02.02 22:09:00,92591.02,92601.76,92591.02,92601.76,180,78,0
2026.02.02 22:06:00,92607.58,92617.00,92589.70,92590.96,180,78,0
2026.02.02 22:03:00,92634.04,92642.38,92605.18,92607.52,180,78,0
2026.02.02 22:00:00,92643.21,92651.85,92631.94,92633.98,180,78,0
2026.02.02 21:57:00,92632.41,92643.15,92632.41,92643.15,180,78,0
2026.02.02 21:54:00,92645.02,92647.30,92623.95,92632.35,180,78,0
2026.02.02 21:51:00,92634.22,92644.96,92634.22,92644.96,180,78,0
2026.02.02 21:48:00,92656.44,92660.10,92627.14,92634.16,180,78,0
2026.02.02 21:45:00,92671.48,92681.62,92655.84,92656.38,180,78,0
2026.02.02 21:42:00,92660.68,92671.42,92660.68,92671.42,180,78,0
2026.02.02 21:39:00,92649.88,92660.62,92649.88,92660.62,180,78,0
2026.02.02 21:36:00,92654.58,92665.32,92654.58,92665.32,180,78,0
2026.02.02 21:33:00,92686.08,92694.06,92651.82,92654.52,180,78,0
2026.02.02 21:30:00,92675.28,92686.02,92675.28,92686.02,180,78,0
2026.02.02 21:27:00,92664.48,92675.22,92664.48,92675.22,180,78,0
2026.02.02 21:24:00,92653.68,92664.42,92653.68,92664.42,180,78,0
2026.02.02 21:21:00,92642.88,92653.62,92642.88,92653.62,180,78,0
2026.02.02 21:18:00,92645.94,92650.56,92636.76,92642.82,180,78,0
2026.02.02 21:15:00,92661.81,92670.27,92643.66,92645.88,180,78,0
2026.02.02 21:12:00,92651.01,92661.75,92651.01,92661.75,180,78,0
2026.02.02 21:09:00,92655.45,92660.01,92644.83,92650.95,180,78,0
2026.02.02 21:06:00,92644.65,92655.39,92644.65,92655.39,180,78,0
2026.02.02 21:03:00,92633.85,92644.59,92633.85,92644.59,180,78,0
2026.02.02 21:00:00,92623.05,92633.79,92623.05,92633.79,180,78,0
2026.02.02 20:57:00,92612.25,92622.99,92612.25,92622.99,180,78,0
2026.02.02 20:54:00,92601.45,92612.19,92601.45,92612.19,180,78,0
2026.02.02 20:51:00,92590.65,92601.39,92590.65,92601.39,180,78,0
2026.02.02 20:48:00,92621.78,92626.88,92590.05,92590.59,180,78,0
2026.02.02 20:45:00,92610.98,92621.72,92610.98,92621.72,180,78,0
2026.02.02 20:42:00,92600.18,92610.92,92600.18,92610.92,180,78,0
2026.02.02 20:39:00,92612.48,92621.12,92598.08,92600.12,180,78,0
2026.02.02 20:36:00,92601.68,92612.42,92601.68,92612.42,180,78,0
2026.02.02 20:33:00,92590.88,92601.62,92590.88,92601.62,180,78,0
2026.02.02 20:30:00,92580.08,92590.82,92580.08,92590.82,180,78,0
2026.02.02 20:27:00,92569.28,92580.02,92569.28,92580.02,180,78,0
2026.02.02 20:24:00,92571.91,92577.91,92564.54,92569.22,180,78,0
2026.02.02 20:21:00,92577.78,92586.78,92570.17,92571.85,180,78,0
2026.02.02 20:18:00,92603.40,92603.46,92567.10,92577.72,180,78,0
2026.02.02 20:15:00,92629.83,92633.43,92602.02,92603.34,180,78,0
2026.02.02 20:12:00,92619.03,92629.77,92619.03,92629.77,180,78,0
2026.02.02 20:09:00,92608.23,92618.97,92608.23,92618.97,180,78,0
2026.02.02 20:06:00,92616.97,92621.59,92602.11,92608.17,180,78,0
2026.02.02 20:03:00,92656.69,92657.53,92616.49,92616.91,180,78,0
2026.02.02 20:00:00,92645.89,92656.63,92645.89,92656.63,180,78,0
2026.02.02 19:57:00,92677.78,92688.28,92645.65,92645.83,180,78,0
2026.02.02 19:54:00,92697.62,92702.66,92672.08,92677.72,180,78,0
2026.02.02 19:51:00,92723.92,92726.68,92689.64,92697.56,180,78,0
2026.02.02 19:48:00,92713.12,92723.86,92713.12,92723.86,180,78,0
2026.02.02 19:45:00,92702.32,92713.06,92702.32,92713.06,180,78,0
2026.02.02 19:42:00,92691.52,92702.26,92691.52,92702.26,180,78,0
2026.02.02 19:39:00,92680.72,92691.46,92680.72,92691.46,180,78,0
2026.02.02 19:36:00,92669.92,92680.66,92669.92,92680.66,180,78,0
2026.02.02 19:33:00,92675.49,92676.51,92660.20,92669.86,180,78,0
2026.02.02 19:30:00,92664.69,92675.43,92664.69,92675.43,180,78,0
2026.02.02 19:27:00,92653.89,92664.63,92653.89,92664.63,180,78,0
2026.02.02 19:24:00,92643.09,92653.83,92643.09,92653.83,180,78,0
2026.02.02 19:21:00,92632.29,92643.03,92632.29,92643.03,180,78,0
2026.02.02 19:18:00,92621.49,92632.23,92621.49,92632.23,180,78,0
2026.02.02 19:15:00,92610.69,92621.43,92610.69,92621.43,180,78,0
2026.02.02 19:12:00,92631.54,92636.76,92605.17,92610.63,180,78,0
2026.02.02 19:09:00,92620.74,92631.48,92620.74,92631.48,180,78,0
2026.02.02 19:06:00,92609.94,92620.68,92609.94,92620.68,180,78,0
2026.02.02 19:03:00,92637.16,92642.74,92604.78,92609.88,180,78,0
2026.02.02 19:00:00,92626.36,92637.10,92626.36,92637.10,180,78,0
2026.02.02 18:57:00,92650.95,92658.69,92623.36,92626.30,180,78,0
2026.02.02 18:54:00,92640.15,92650.89,92640.15,92650.89,180,78,0
2026.02.02 18:51:00,92629.35,92640.09,92629.35,92640.09,180,78,0
2026.02.02 18:48:00,92634.82,92642.92,92626.71,92629.29,180,78,0
2026.02.02 18:45:00,92624.02,92634.76,92624.02,92634.76,180,78,0
2026.02.02 18:42:00,92630.07,92633.85,92617.06,92623.96,180,78,0
2026.02.02 18:39:00,92619.27,92630.01,92619.27,92630.01,180,78,0
2026.02.02 18:36:00,92608.47,92619.21,92608.47,92619.21,180,78,0
2026.02.02 18:33:00,92626.23,92633.79,92605.29,92608.41,180,78,0
2026.02.02 18:30:00,92628.45,92638.41,92625.45,92626.17,180,78,0
2026.02.02 18:27:00,92617.65,92628.39,92617.65,92628.39,180,78,0
2026.02.02 18:24:00,92606.85,92617.59,92606.85,92617.59,180,78,0
2026.02.02 18:21:00,92596.05,92606.79,92596.05,92606.79,180,78,0
2026.02.02 18:18:00,92630.51,92637.47,92595.09,92595.99,180,78,0
2026.02.02 18:15:00,92641.06,92644.36,92623.07,92630.45,180,78,0
2026.02.02 18:12:00,92630.26,92641.00,92630.26,92641.00,180,78,0
2026.02.02 18:09:00,92633.82,92634.90,92620.60,92630.20,180,78,0
2026.02.02 18:06:00,92665.92,92674.92,92632.08,92633.76,180,78,0
2026.02.02 18:03:00,92655.12,92665.86,92655.12,92665.86,180,78,0
2026.02.02 18:00:00,92670.46,92677.42,92651.34,92655.06,180,78,0
2026.02.02 17:57:00,92659.66,92670.40,92659.66,92670.40,180,78,0
2026.02.02 17:54:00,92648.86,92659.60,92648.86,92659.60,180,78,0
2026.02.02 17:51:00,92638.06,92648.80,92638.06,92648.80,180,78,0
2026.02.02 17:48:00,92640.44,92641.58,92628.46,92638.00,180,78,0
2026.02.02 17:45:00,92629.64,92640.38,92629.64,92640.38,180,78,0
2026.02.02 17:42:00,92618.84,92629.58,92618.84,92629.58,180,78,0
2026.02.02 17:39:00,92608.04,92618.78,92608.04,92618.78,180,78,0
2026.02.02 17:36:00,92597.24,92607.98,92597.24,92607.98,180,78,0
2026.02.02 17:33:00,92586.44,92597.18,92586.44,92597.18,180,78,0
2026.02.02 17:30:00,92607.30,92613.96,92582.36,92586.38,180,78,0
2026.02.02 17:27:00,92596.50,92607.24,92596.50,92607.24,180,78,0
2026.02.02 17:24:00,92611.36,92616.46,92590.86,92596.44,180,78,0
2026.02.02 17:21:00,92600.56,92611.30,92600.56,92611.30,180,78,0
2026.02.02 17:18:00,92589.76,92600.50,92589.76,92600.50,180,78,0
2026.02.02 17:15:00,92593.12,92603.20,92589.10,92589.70,180,78,0
2026.02.02 17:12:00,92582.32,92593.06,92582.32,92593.06,180,78,0
2026.02.02 17:09:00,92571.52,92582.26,92571.52,92582.26,180,78,0
2026.02.02 17:06:00,92597.81,92598.83,92561.80,92571.46,180,78,0
2026.02.02 17:03:00,92587.01,92597.75,92587.01,92597.75,180,78,0
2026.02.02 17:00:00,92576.21,92586.95,92576.21,92586.95,180,78,0
2026.02.02 16:57:00,92582.29,92588.53,92571.71,92576.15,180,78,0
2026.02.02 16:54:00,92603.16,92605.08,92573.47,92582.23,180,78,0
2026.02.02 16:51:00,92592.36,92603.10,92592.36,92603.10,180,78,0
2026.02.02 16:48:00,92581.56,92592.30,92581.56,92592.30,180,78,0
2026.02.02 16:45:00,92591.94,92596.32,92575.20,92581.50,180,78,0
2026.02.02 16:42:00,92581.14,92591.88,92581.14,92591.88,180,78,0
2026.02.02 16:39:00,92598.80,92604.26,92575.86,92581.08,180,78,0
2026.02.02 16:36:00,92650.57,92651.83,92597.60,92598.74,180,78,0
2026.02.02 16:33:00,92683.28,92691.44,92649.91,92650.51,180,78,0
2026.02.02 16:30:00,92672.48,92683.22,92672.48,92683.22,180,78,0
2026.02.02 16:27:00,92698.36,92704.24,92667.62,92672.42,180,78,0
2026.02.02 16:24:00,92757.41,92759.33,92694.04,92698.30,180,78,0
2026.02.02 16:21:00,92746.61,92757.35,92746.61,92757.35,180,78,0
2026.02.02 16:18:00,92769.58,92778.58,92744.87,92746.55,180,78,0
2026.02.02 16:15:00,92758.78,92769.52,92758.78,92769.52,180,78,0
2026.02.02 16:12:00,92777.21,92787.29,92758.12,92758.72,180,78,0
2026.02.02 16:09:00,92798.98,92806.72,92774.21,92777.15,180,78,0
2026.02.02 16:06:00,92788.18,92798.92,92788.18,92798.92,180,78,0
2026.02.02 16:03:00,92777.38,92788.12,92777.38,92788.12,180,78,0
2026.02.02 16:00:00,92766.58,92777.32,92766.58,92777.32,180,78,0
2026.02.02 15:57:00,92755.78,92766.52,92755.78,92766.52,180,78,0
2026.02.02 15:54:00,92778.11,92778.35,92745.28,92755.72,180,78,0
2026.02.02 15:51:00,92767.31,92778.05,92767.31,92778.05,180,78,0
2026.02.02 15:48:00,92790.54,92801.28,92790.54,92801.28,180,78,0
2026.02.02 15:45:00,92799.53,92802.23,92782.50,92790.48,180,78,0
2026.02.02 15:42:00,92810.41,92811.07,92789.45,92799.47,180,78,0
2026.02.02 15:39:00,92852.92,92855.26,92807.47,92810.35,180,78,0
2026.02.02 15:36:00,92872.49,92880.29,92849.98,92852.86,180,78,0
2026.02.02 15:33:00,92861.69,92872.43,92861.69,92872.43,180,78,0
2026.02.02 15:30:00,92881.07,92887.49,92857.37,92861.63,180,78,0
2026.02.02 15:27:00,92870.27,92881.01,92870.27,92881.01,180,78,0
2026.02.02 15:24:00,92882.28,92890.26,92867.51,92870.21,180,78,0
2026.02.02 15:21:00,92871.48,92882.22,92871.48,92882.22,180,78,0
2026.02.02 15:18:00,92880.97,92890.03,92869.80,92871.42,180,78,0
2026.02.02 15:15:00,92887.31,92890.49,92873.41,92880.91,180,78,0
2026.02.02 15:12:00,92876.51,92887.25,92876.51,92887.25,180,78,0
2026.02.02 15:09:00,92903.23,92910.13,92872.67,92876.45,180,78,0
2026.02.02 15:06:00,92892.43,92903.17,92892.43,92903.17,180,78,0
2026.02.02 15:03:00,92898.26,92901.20,92884.63,92892.37,180,78,0
2026.02.02 15:00:00,92919.84,92926.74,92894.42,92898.20,180,78,0
2026.02.02 14:57:00,92909.04,92919.78,92909.04,92919.78,180,78,0
2026.02.02 14:54:00,92898.24,92908.98,92898.24,92908.98,180,78,0
2026.02.02 14:51:00,92916.67,92926.81,92897.64,92898.18,180,78,0
2026.02.02 14:48:00,92934.62,92937.32,92908.63,92916.61,180,78,0
2026.02.02 14:45:00,92923.82,92934.56,92923.82,92934.56,180,78,0
2026.02.02 14:42:00,92913.02,92923.76,92913.02,92923.76,180,78,0
2026.02.02 14:39:00,92929.41,92938.29,92911.16,92912.96,180,78,0
2026.02.02 14:36:00,92918.61,92929.35,92918.61,92929.35,180,78,0
2026.02.02 14:33:00,92907.81,92918.55,92907.81,92918.55,180,78,0
2026.02.02 14:30:00,92937.97,92946.01,92905.11,92907.75,180,78,0
2026.02.02 14:27:00,92927.17,92937.91,92927.17,92937.91,180,78,0
2026.02.02 14:24:00,92916.37,92927.11,92916.37,92927.11,180,78,0
2026.02.02 14:21:00,92905.57,92916.31,92905.57,92916.31,180,78,0
2026.02.02 14:18:00,92912.01,92918.55,92901.37,92905.51,180,78,0
2026.02.02 14:15:00,92901.21,92911.95,92901.21,92911.95,180,78,0
2026.02.02 14:12:00,92890.41,92901.15,92890.41,92901.15,180,78,0
2026.02.02 14:09:00,92906.30,92913.86,92887.23,92890.35,180,78,0
2026.02.02 14:06:00,92959.14,92963.28,92899.94,92906.24,180,78,0
2026.02.02 14:03:00,92948.34,92959.08,92948.34,92959.08,180,78,0
2026.02.02 14:00:00,92937.54,92948.28,92937.54,92948.28,180,78,0
2026.02.02 13:57:00,92926.74,92937.48,92926.74,92937.48,180,78,0
2026.02.02 13:54:00,92957.51,92963.45,92921.94,92926.68,180,78,0
2026.02.02 13:51:00,92971.09,92979.31,92954.99,92957.45,180,78,0
2026.02.02 13:48:00,92960.29,92971.03,92960.29,92971.03,180,78,0
2026.02.02 13:45:00,92966.83,92973.85,92956.57,92960.23,180,78,0
2026.02.02 13:42:00,92956.03,92966.77,92956.03,92966.77,180,78,0
2026.02.02 13:39:00,92991.65,92999.63,92953.39,92955.97,180,78,0
2026.02.02 13:36:00,93003.27,93007.83,92985.47,92991.59,180,78,0
2026.02.02 13:33:00,92992.47,93003.21,92992.47,93003.21,180,78,0
2026.02.02 13:30:00,92981.67,92992.41,92981.67,92992.41,180,78,0
2026.02.02 13:27:00,92970.87,92981.61,92970.87,92981.61,180,78,0
2026.02.02 13:24:00,92960.07,92970.81,92960.07,92970.81,180,78,0
2026.02.02 13:21:00,92983.32,92987.76,92953.77,92960.01,180,78,0
2026.02.02 13:18:00,92972.52,92983.26,92972.52,92983.26,180,78,0
2026.02.02 13:15:00,92961.72,92972.46,92961.72,92972.46,180,78,0
2026.02.02 13:12:00,92950.92,92961.66,92950.92,92961.66,180,78,0
2026.02.02 13:09:00,92961.10,92964.52,92943.60,92950.86,180,78,0
2026.02.02 13:06:00,92950.30,92961.04,92950.30,92961.04,180,78,0
2026.02.02 13:03:00,92939.50,92950.24,92939.50,92950.24,180,78,0
2026.02.02 13:00:00,92955.75,92963.73,92936.74,92939.44,180,78,0
2026.02.02 12:57:00,92944.95,92955.69,92944.95,92955.69,180,78,0
2026.02.02 12:54:00,92947.91,92957.39,92943.69,92944.89,180,78,0
2026.02.02 12:51:00,92937.11,92947.85,92937.11,92947.85,180,78,0
2026.02.02 12:48:00,92926.31,92937.05,92926.31,92937.05,180,78,0
2026.02.02 12:45:00,92915.51,92926.25,92915.51,92926.25,180,78,0
2026.02.02 12:42:00,92925.48,92926.38,92905.67,92915.45,180,78,0
2026.02.02 12:39:00,92990.30,92996.00,92924.22,92925.42,180,78,0
2026.02.02 12:36:00,92998.10,93006.98,92988.44,92990.24,180,78,0
2026.02.02 12:33:00,92987.30,92998.04,92987.30,92998.04,180,78,0
2026.02.02 12:30:00,92976.50,92987.24,92976.50,92987.24,180,78,0
2026.02.02 12:27:00,92965.70,92976.44,92965.70,92976.44,180,78,0
2026.02.02 12:24:00,92954.90,92965.64,92954.90,92965.64,180,78,0
2026.02.02 12:21:00,92944.10,92954.84,92944.10,92954.84,180,78,0
2026.02.02 12:18:00,92933.30,92944.04,92933.30,92944.04,180,78,0
2026.02.02 12:15:00,92922.50,92933.24,92922.50,92933.24,180,78,0
2026.02.02 12:12:00,92911.70,92922.44,92911.70,92922.44,180,78,0
2026.02.02 12:09:00,92930.29,92934.97,92905.64,92911.64,180,78,0
2026.02.02 12:06:00,92919.49,92930.23,92919.49,92930.23,180,78,0
2026.02.02 12:03:00,92908.69,92919.43,92908.69,92919.43,180,78,0
2026.02.02 12:00:00,92897.89,92908.63,92897.89,92908.63,180,78,0
2026.02.02 11:57:00,92907.19,92913.97,92893.93,92897.83,180,78,0
2026.02.02 11:54:00,92914.69,92916.01,92897.77,92907.13,180,78,0
2026.02.02 11:51:00,92927.30,92936.06,92912.71,92914.63,180,78,0
2026.02.02 11:48:00,92916.50,92927.24,92916.50,92927.24,180,78,0
2026.02.02 11:45:00,92905.70,92916.44,92905.70,92916.44,180,78,0
2026.02.02 11:42:00,92894.90,92905.64,92894.90,92905.64,180,78,0
2026.02.02 11:39:00,92884.10,92894.84,92884.10,92894.84,180,78,0
2026.02.02 11:36:00,92893.20,92899.68,92879.84,92884.04,180,78,0
2026.02.02 11:33:00,92902.62,92909.58,92889.42,92893.14,180,78,0
2026.02.02 11:30:00,92891.82,92902.56,92891.82,92902.56,180,78,0
2026.02.02 11:27:00,92900.59,92901.67,92882.16,92891.76,180,78,0
2026.02.02 11:24:00,92889.79,92900.53,92889.79,92900.53,180,78,0
2026.02.02 11:21:00,92878.99,92889.73,92878.99,92889.73,180,78,0
2026.02.02 11:18:00,92868.19,92878.93,92868.19,92878.93,180,78,0
2026.02.02 11:15:00,92857.39,92868.13,92857.39,92868.13,180,78,0
2026.02.02 11:12:00,92846.59,92857.33,92846.59,92857.33,180,78,0
2026.02.02 11:09:00,92849.65,92858.11,92844.31,92846.53,180,78,0
2026.02.02 11:06:00,92838.85,92849.59,92838.85,92849.59,180,78,0
2026.02.02 11:03:00,92828.05,92838.79,92828.05,92838.79,180,78,0
2026.02.02 11:00:00,92864.90,92869.46,92822.77,92827.99,180,78,0
2026.02.02 10:57:00,92887.32,92891.64,92858.48,92864.84,180,78,0
2026.02.02 10:54:00,92915.28,92915.28,92880.90,92887.26,180,78,0
2026.02.02 10:51:00,92904.48,92915.22,92904.48,92915.22,180,78,0
2026.02.02 10:48:00,92893.68,92904.42,92893.68,92904.42,180,78,0
2026.02.02 10:45:00,92882.88,92893.62,92882.88,92893.62,180,78,0
2026.02.02 10:42:00,92872.08,92882.82,92872.08,92882.82,180,78,0
2026.02.02 10:39:00,92861.28,92872.02,92861.28,92872.02,180,78,0
2026.02.02 10:36:00,92850.48,92861.22,92850.48,92861.22,180,78,0
2026.02.02 10:33:00,92910.18,92911.80,92846.34,92850.42,180,78,0
2026.02.02 10:30:00,92915.99,92922.23,92905.68,92910.12,180,78,0
2026.02.02 10:27:00,92905.19,92915.93,92905.19,92915.93,180,78,0
2026.02.02 10:24:00,92894.39,92905.13,92894.39,92905.13,180,78,0
2026.02.02 10:21:00,92883.59,92894.33,92883.59,92894.33,180,78,0
2026.02.02 10:18:00,92872.79,92883.53,92872.79,92883.53,180,78,0
2026.02.02 10:15:00,92861.99,92872.73,92861.99,92872.73,180,78,0
2026.02.02 10:12:00,92851.19,92861.93,92851.19,92861.93,180,78,0
2026.02.02 10:09:00,92840.39,92851.13,92840.39,92851.13,180,78,0
2026.02.02 10:06:00,92829.59,92840.33,92829.59,92840.33,180,78,0
2026.02.02 10:03:00,92818.79,92829.53,92818.79,92829.53,180,78,0
2026.02.02 10:00:00,92807.99,92818.73,92807.99,92818.73,180,78,0
2026.02.02 09:57:00,92809.61,92812.55,92800.19,92807.93,180,78,0
2026.02.02 09:54:00,92798.81,92809.55,92798.81,92809.55,180,78,0
2026.02.02 09:51:00,92824.25,92828.93,92792.75,92798.75,180,78,0
2026.02.02 09:48:00,92813.45,92824.19,92813.45,92824.19,180,78,0
2026.02.02 09:45:00,92802.65,92813.39,92802.65,92813.39,180,78,0
2026.02.02 09:42:00,92791.85,92802.59,92791.85,92802.59,180,78,0
2026.02.02 09:39:00,92781.05,92791.79,92781.05,92791.79,180,78,0
2026.02.02 09:36:00,92782.70,92791.82,92779.43,92780.99,180,78,0
2026.02.02 09:33:00,92771.90,92782.64,92771.90,92782.64,180,78,0
2026.02.02 09:30:00,92761.10,92771.84,92761.10,92771.84,180,78,0
2026.02.02 09:27:00,92770.80,92777.22,92756.78,92761.04,180,78,0
2026.02.02 09:24:00,92760.00,92770.74,92760.00,92770.74,180,78,0
2026.02.02 09:21:00,92749.20,92759.94,92749.20,92759.94,180,78,0
2026.02.02 09:18:00,92751.25,92753.23,92740.44,92749.14,180,78,0
2026.02.02 09:15:00,92759.27,92759.69,92740.93,92751.19,180,78,0
2026.02.02 09:12:00,92830.48,92834.14,92757.29,92759.21,180,78,0
2026.02.02 09:09:00,92819.68,92830.42,92819.68,92830.42,180,78,0
2026.02.02 09:06:00,92808.88,92819.62,92808.88,92819.62,180,78,0
2026.02.02 09:03:00,92815.77,92825.85,92808.22,92808.82,180,78,0
2026.02.02 09:00:00,92817.09,92819.79,92807.73,92815.71,180,78,0
2026.02.02 08:57:00,92806.29,92817.03,92806.29,92817.03,180,78,0
2026.02.02 08:54:00,92807.55,92812.53,92800.53,92806.23,180,78,0
2026.02.02 08:51:00,92838.27,92841.99,92804.49,92807.49,180,78,0
2026.02.02 08:48:00,92827.47,92838.21,92827.47,92838.21,180,78,0
2026.02.02 08:45:00,92816.67,92827.41,92816.67,92827.41,180,78,0
2026.02.02 08:42:00,92805.87,92816.61,92805.87,92816.61,180,78,0
2026.02.02 08:39:00,92816.45,92825.27,92803.95,92805.81,180,78,0
2026.02.02 08:36:00,92831.37,92837.01,92811.35,92816.39,180,78,0
2026.02.02 08:33:00,92820.57,92831.31,92820.57,92831.31,180,78,0
2026.02.02 08:30:00,92840.89,92841.61,92810.55,92820.51,180,78,0
2026.02.02 08:27:00,92830.09,92840.83,92830.09,92840.83,180,78,0
2026.02.02 08:24:00,92819.29,92830.03,92819.29,92830.03,180,78,0
2026.02.02 08:21:00,92844.82,92844.88,92808.61,92819.23,180,78,0
2026.02.02 08:18:00,92864.58,92866.56,92836.06,92844.76,180,78,0
2026.02.02 08:15:00,92853.78,92864.52,92853.78,92864.52,180,78,0
2026.02.02 08:12:00,92863.03,92864.59,92844.60,92853.72,180,78,0
2026.02.02 08:09:00,92876.61,92884.89,92860.57,92862.97,180,78,0
2026.02.02 08:06:00,92880.65,92888.63,92873.85,92876.55,180,78,0
2026.02.02 08:03:00,92869.85,92880.59,92869.85,92880.59,180,78,0
2026.02.02 08:00:00,92881.94,92891.72,92868.89,92869.79,180,78,0
2026.02.02 07:57:00,92883.36,92888.64,92876.48,92881.88,180,78,0
2026.02.02 07:54:00,92872.56,92883.30,92872.56,92883.30,180,78,0
2026.02.02 07:51:00,92861.76,92872.50,92861.76,92872.50,180,78,0
2026.02.02 07:48:00,92850.96,92861.70,92850.96,92861.70,180,78,0
2026.02.02 07:45:00,92872.09,92876.29,92849.10,92850.90,180,78,0
2026.02.02 07:42:00,92861.29,92872.03,92861.29,92872.03,180,78,0
2026.02.02 07:39:00,92850.49,92861.23,92850.49,92861.23,180,78,0
2026.02.02 07:36:00,92839.69,92850.43,92839.69,92850.43,180,78,0
2026.02.02 07:33:00,92881.11,92881.11,92837.89,92839.63,180,78,0
2026.02.02 07:30:00,92900.57,92908.61,92878.41,92881.05,180,78,0
2026.02.02 07:27:00,92908.42,92917.72,92899.13,92900.51,180,78,0
2026.02.02 07:24:00,92950.52,92953.40,92905.54,92908.36,180,78,0
2026.02.02 07:21:00,92980.42,92984.98,92945.66,92950.46,180,78,0
2026.02.02 07:18:00,92969.62,92980.36,92969.62,92980.36,180,78,0
2026.02.02 07:15:00,92958.82,92969.56,92958.82,92969.56,180,78,0
2026.02.02 07:12:00,92981.61,92991.81,92958.28,92958.76,180,78,0
2026.02.02 07:09:00,92989.24,92996.38,92978.01,92981.55,180,78,0
2026.02.02 07:06:00,92978.44,92989.18,92978.44,92989.18,180,78,0
2026.02.02 07:03:00,92967.64,92978.38,92967.64,92978.38,180,78,0
2026.02.02 07:00:00,92956.84,92967.58,92956.84,92967.58,180,78,0
2026.02.02 06:57:00,93022.59,93023.31,92955.82,92956.78,180,78,0
2026.02.02 06:54:00,93050.09,93057.53,93019.29,93022.53,180,78,0
2026.02.02 06:51:00,93039.29,93050.03,93039.29,93050.03,180,78,0
2026.02.02 06:48:00,93028.49,93039.23,93028.49,93039.23,180,78,0
2026.02.02 06:45:00,93017.69,93028.43,93017.69,93028.43,180,78,0
2026.02.02 06:42:00,93006.89,93017.63,93006.89,93017.63,180,78,0
2026.02.02 06:39:00,93025.28,93031.34,93002.21,93006.83,180,78,0
2026.02.02 06:36:00,93064.59,93068.73,93018.68,93025.22,180,78,0
2026.02.02 06:33:00,93100.37,93100.37,93053.97,93064.53,180,78,0
2026.02.02 06:30:00,93112.96,93118.72,93095.39,93100.31,180,78,0
2026.02.02 06:27:00,93102.16,93112.90,93102.16,93112.90,180,78,0
2026.02.02 06:24:00,93119.45,93129.71,93101.68,93102.10,180,78,0
2026.02.02 06:21:00,93108.65,93119.39,93108.65,93119.39,180,78,0
2026.02.02 06:18:00,93131.30,93136.10,93102.71,93108.59,180,78,0
2026.02.02 06:15:00,93141.25,93145.75,93125.06,93131.24,180,78,0
2026.02.02 06:12:00,93145.80,93154.38,93139.09,93141.19,180,78,0
2026.02.02 06:09:00,93135.00,93145.74,93135.00,93145.74,180,78,0
2026.02.02 06:06:00,93124.20,93134.94,93124.20,93134.94,180,78,0
2026.02.02 06:03:00,93113.40,93124.14,93113.40,93124.14,180,78,0
2026.02.02 06:00:00,93102.60,93113.34,93102.60,93113.34,180,78,0
2026.02.02 05:57:00,93122.50,93132.64,93102.00,93102.54,180,78,0
2026.02.02 05:54:00,93111.70,93122.44,93111.70,93122.44,180,78,0
2026.02.02 05:51:00,93100.90,93111.64,93100.90,93111.64,180,78,0
2026.02.02 05:48:00,93090.10,93100.84,93090.10,93100.84,180,78,0
2026.02.02 05:45:00,93110.15,93118.85,93088.06,93090.04,180,78,0
2026.02.02 05:42:00,93111.74,93112.16,93099.83,93110.09,180,78,0
2026.02.02 05:39:00,93100.94,93111.68,93100.94,93111.68,180,78,0
2026.02.02 05:36:00,93090.14,93100.88,93090.14,93100.88,180,78,0
2026.02.02 05:33:00,93079.34,93090.08,93079.34,93090.08,180,78,0
2026.02.02 05:30:00,93068.54,93079.28,93068.54,93079.28,180,78,0
2026.02.02 05:27:00,93057.74,93068.48,93057.74,93068.48,180,78,0
2026.02.02 05:24:00,93046.94,93057.68,93046.94,93057.68,180,78,0
2026.02.02 05:21:00,93036.14,93046.88,93036.14,93046.88,180,78,0
2026.02.02 05:18:00,93025.34,93036.08,93025.34,93036.08,180,78,0
2026.02.02 05:15:00,93014.54,93025.28,93014.54,93025.28,180,78,0
2026.02.02 05:12:00,93003.74,93014.48,93003.74,93014.48,180,78,0
2026.02.02 05:09:00,92992.94,93003.68,92992.94,93003.68,180,78,0
2026.02.02 05:06:00,92982.14,92992.88,92982.14,92992.88,180,78,0
2026.02.02 05:03:00,92971.34,92982.08,92971.34,92982.08,180,78,0
2026.02.02 05:00:00,92999.84,93004.76,92965.52,92971.28,180,78,0
2026.02.02 04:57:00,92989.04,92999.78,92989.04,92999.78,180,78,0
2026.02.02 04:54:00,92978.24,92988.98,92978.24,92988.98,180,78,0
2026.02.02 04:51:00,92988.31,92995.81,92975.00,92978.18,180,78,0
2026.02.02 04:48:00,93004.40,93005.30,92978.47,92988.25,180,78,0
2026.02.02 04:45:00,93012.47,93013.19,92994.38,93004.34,180,78,0
2026.02.02 04:42:00,93001.67,93012.41,93001.67,93012.41,180,78,0
2026.02.02 04:39:00,93018.55,93026.83,92999.21,93001.61,180,78,0
2026.02.02 04:36:00,93007.75,93018.49,93007.75,93018.49,180,78,0
2026.02.02 04:33:00,92996.95,93007.69,92996.95,93007.69,180,78,0
2026.02.02 04:30:00,92986.15,92996.89,92986.15,92996.89,180,78,0
2026.02.02 04:27:00,92998.70,93000.50,92977.21,92986.09,180,78,0
2026.02.02 04:24:00,92987.90,92998.64,92987.90,92998.64,180,78,0
2026.02.02 04:21:00,93014.57,93022.01,92984.60,92987.84,180,78,0
2026.02.02 04:18:00,93003.77,93014.51,93003.77,93014.51,180,78,0
2026.02.02 04:15:00,92992.97,93003.71,92992.97,93003.71,180,78,0
2026.02.02 04:12:00,92982.17,92992.91,92982.17,92992.91,180,78,0
2026.02.02 04:09:00,92971.37,92982.11,92971.37,92982.11,180,78,0
2026.02.02 04:06:00,92960.57,92971.31,92960.57,92971.31,180,78,0
2026.02.02 04:03:00,92990.90,92994.68,92956.73,92960.51,180,78,0
2026.02.02 04:00:00,93010.79,93011.03,92980.40,92990.84,180,78,0
2026.02.02 03:57:00,92999.99,93010.73,92999.99,93010.73,180,78,0
2026.02.02 03:54:00,92989.19,92999.93,92989.19,92999.93,180,78,0
2026.02.02 03:51:00,92998.91,93003.41,92982.95,92989.13,180,78,0
2026.02.02 03:48:00,92988.11,92998.85,92988.11,92998.85,180,78,0
2026.02.02 03:45:00,93050.59,93051.19,92987.39,92988.05,180,78,0
2026.02.02 03:42:00,93039.79,93050.53,93039.79,93050.53,180,78,0
2026.02.02 03:39:00,93056.12,93058.82,93031.75,93039.73,180,78,0
2026.02.02 03:36:00,93060.93,93070.59,93055.04,93056.06,180,78,0
2026.02.02 03:33:00,93050.13,93060.87,93050.13,93060.87,180,78,0
2026.02.02 03:30:00,93039.33,93050.07,93039.33,93050.07,180,78,0
2026.02.02 03:27:00,93028.53,93039.27,93028.53,93039.27,180,78,0
2026.02.02 03:24:00,93034.38,93038.76,93022.17,93028.47,180,78,0
2026.02.02 03:21:00,93095.20,93103.18,93033.96,93034.32,180,78,0
2026.02.02 03:18:00,93084.40,93095.14,93084.40,93095.14,180,78,0
2026.02.02 03:15:00,93116.50,93117.82,93075.58,93084.34,180,78,0
2026.02.02 03:12:00,93105.70,93116.44,93105.70,93116.44,180,78,0
2026.02.02 03:09:00,93108.49,93113.47,93099.94,93105.64,180,78,0
2026.02.02 03:06:00,93097.69,93108.43,93097.69,93108.43,180,78,0
2026.02.02 03:03:00,93086.89,93097.63,93086.89,93097.63,180,78,0
2026.02.02 03:00:00,93076.09,93086.83,93076.09,93086.83,180,78,0
2026.02.02 02:57:00,93065.29,93076.03,93065.29,93076.03,180,78,0
2026.02.02 02:54:00,93054.49,93065.23,93054.49,93065.23,180,78,0
2026.02.02 02:51:00,93043.69,93054.43,93043.69,93054.43,180,78,0
2026.02.02 02:48:00,93084.15,93086.07,93038.59,93043.63,180,78,0
2026.02.02 02:45:00,93085.85,93092.15,93079.71,93084.09,180,78,0
2026.02.02 02:42:00,93075.05,93085.79,93075.05,93085.79,180,78,0
2026.02.02 02:39:00,93086.32,93088.00,93065.99,93074.99,180,78,0
2026.02.02 02:36:00,93075.52,93086.26,93075.52,93086.26,180,78,0
2026.02.02 02:33:00,93064.72,93075.46,93064.72,93075.46,180,78,0
2026.02.02 02:30:00,93053.92,93064.66,93053.92,93064.66,180,78,0
2026.02.02 02:27:00,93043.12,93053.86,93043.12,93053.86,180,78,0
2026.02.02 02:24:00,93032.32,93043.06,93032.32,93043.06,180,78,0
2026.02.02 02:21:00,93021.52,93032.26,93021.52,93032.26,180,78,0
2026.02.02 02:18:00,93010.72,93021.46,93010.72,93021.46,180,78,0
2026.02.02 02:15:00,92999.92,93010.66,92999.92,93010.66,180,78,0
2026.02.02 02:12:00,93003.56,93004.04,92989.66,92999.86,180,78,0
2026.02.02 02:09:00,92992.76,93003.50,92992.76,93003.50,180,78,0
2026.02.02 02:06:00,92981.96,92992.70,92981.96,92992.70,180,78,0
2026.02.02 02:03:00,93005.96,93011.54,92976.80,92981.90,180,78,0
2026.02.02 02:00:00,92995.16,93005.90,92995.16,93005.90,180,78,0
2026.02.02 01:57:00,92984.36,92995.10,92984.36,92995.10,180,78,0
2026.02.02 01:54:00,92973.56,92984.30,92973.56,92984.30,180,78,0
2026.02.02 01:51:00,92979.83,92987.33,92970.32,92973.50,180,78,0
2026.02.02 01:48:00,92969.03,92979.77,92969.03,92979.77,180,78,0
2026.02.02 01:45:00,92975.53,92977.87,92960.63,92968.97,180,78,0
2026.02.02 01:42:00,93005.53,93008.53,92974.63,92975.47,180,78,0
2026.02.02 01:39:00,92994.73,93005.47,92994.73,93005.47,180,78,0
2026.02.02 01:36:00,92983.93,92994.67,92983.93,92994.67,180,78,0
2026.02.02 01:33:00,92973.13,92983.87,92973.13,92983.87,180,78,0
2026.02.02 01:30:00,92962.33,92973.07,92962.33,92973.07,180,78,0
2026.02.02 01:27:00,92951.53,92962.27,92951.53,92962.27,180,78,0
2026.02.02 01:24:00,92940.73,92951.47,92940.73,92951.47,180,78,0
2026.02.02 01:21:00,92929.93,92940.67,92929.93,92940.67,180,78,0
2026.02.02 01:18:00,92956.79,92959.19,92924.71,92929.87,180,78,0
2026.02.02 01:15:00,92985.18,92987.22,92948.09,92956.73,180,78,0
2026.02.02 01:12:00,92974.38,92985.12,92974.38,92985.12,180,78,0
2026.02.02 01:09:00,92963.58,92974.32,92963.58,92974.32,180,78,0
2026.02.02 01:06:00,92969.80,92970.10,92953.14,92963.52,180,78,0
2026.02.02 01:03:00,92959.00,92969.74,92959.00,92969.74,180,78,0
2026.02.02 01:00:00,92948.20,92958.94,92948.20,92958.94,180,78,0
2026.02.02 00:57:00,92986.75,92991.91,92944.54,92948.14,180,78,0
2026.02.02 00:54:00,93014.56,93016.24,92982.43,92986.69,180,78,0
2026.02.02 00:51:00,93023.36,93026.24,93006.70,93014.50,180,78,0
2026.02.02 00:48:00,93043.99,93051.55,93020.18,93023.30,180,78,0
2026.02.02 00:45:00,93033.19,93043.93,93033.19,93043.93,180,78,0
2026.02.02 00:42:00,93022.39,93033.13,93022.39,93033.13,180,78,0
2026.02.02 00:39:00,93043.86,93046.20,93013.99,93022.33,180,78,0
2026.02.02 00:36:00,93033.06,93043.80,93033.06,93043.80,180,78,0
2026.02.02 00:33:00,93022.26,93033.00,93022.26,93033.00,180,78,0
2026.02.02 00:30:00,93011.46,93022.20,93011.46,93022.20,180,78,0
2026.02.02 00:27:00,93000.66,93011.40,93000.66,93011.40,180,78,0
2026.02.02 00:24:00,92989.86,93000.60,92989.86,93000.60,180,78,0
2026.02.02 00:21:00,93003.64,93009.04,92984.52,92989.80,180,78,0
2026.02.02 00:18:00,92992.84,93003.58,92992.84,93003.58,180,78,0
2026.02.02 00:15:00,93008.54,93010.64,92984.20,92992.78,180,78,0
2026.02.02 00:12:00,93024.09,93027.15,93000.86,93008.48,180,78,0
2026.02.02 00:09:00,93013.29,93024.03,93013.29,93024.03,180,78,0
2026.02.02 00:06:00,93002.49,93013.23,93002.49,93013.23,180,78,0
2026.02.02 00:03:00,92991.69,93002.43,92991.69,93002.43,180,78,0
2026.02.02 00:00:00,92980.89,92991.63,92980.89,92991.63,180,78,0
2026.02.01 23:57:00,92970.09,92980.83,92970.09,92980.83,180,78,0
2026.02.01 23:54:00,92988.14,92992.34,92963.55,92970.03,180,78,0
2026.02.01 23:51:00,92996.87,93006.95,92987.48,92988.08,180,78,0
2026.02.01 23:48:00,93009.63,93010.65,92987.15,92996.81,180,78,0
2026.02.01 23:45:00,93070.03,93074.11,93008.49,93009.57,180,78,0
2026.02.01 23:42:00,93080.91,93085.83,93064.21,93069.97,180,78,0
2026.02.01 23:39:00,93070.11,93080.85,93070.11,93080.85,180,78,0
2026.02.01 23:36:00,93108.72,93115.50,93067.89,93070.05,180,78,0
2026.02.01 23:33:00,93097.92,93108.66,93097.92,93108.66,180,78,0
2026.02.01 23:30:00,93087.12,93097.86,93087.12,93097.86,180,78,0
2026.02.01 23:27:00,93076.32,93087.06,93076.32,93087.06,180,78,0
2026.02.01 23:24:00,93065.52,93076.26,93065.52,93076.26,180,78,0
2026.02.01 23:21:00,93077.42,93085.16,93062.52,93065.46,180,78,0
2026.02.01 23:18:00,93066.62,93077.36,93066.62,93077.36,180,78,0
2026.02.01 23:15:00,93055.82,93066.56,93055.82,93066.56,180,78,0
2026.02.01 23:12:00,93045.02,93055.76,93045.02,93055.76,180,78,0
2026.02.01 23:09:00,93048.01,93056.23,93042.50,93044.96,180,78,0
2026.02.01 23:06:00,93037.21,93047.95,93037.21,93047.95,180,78,0
2026.02.01 23:03:00,93026.41,93037.15,93026.41,93037.15,180,78,0
2026.02.01 23:00:00,93015.61,93026.35,93015.61,93026.35,180,78,0
2026.02.01 22:57:00,93004.81,93015.55,93004.81,93015.55,180,78,0
2026.02.01 22:54:00,92994.01,93004.75,92994.01,93004.75,180,78,0
2026.02.01 22:51:00,92983.21,92993.95,92983.21,92993.95,180,78,0
2026.02.01 22:48:00,92991.50,92996.78,92977.75,92983.15,180,78,0
2026.02.01 22:45:00,93011.48,93020.24,92989.52,92991.44,180,78,0
2026.02.01 22:42:00,93000.68,93011.42,93000.68,93011.42,180,78,0
2026.02.01 22:39:00,93024.89,93028.19,92993.24,93000.62,180,78,0
2026.02.01 22:36:00,93026.51,93037.19,93024.83,93024.83,180,78,0
2026.02.01 22:33:00,93032.35,93035.83,93019.25,93026.45,180,78,0
2026.02.01 22:30:00,93039.83,93048.05,93029.83,93032.29,180,78,0
2026.02.01 22:27:00,93029.03,93039.77,93029.03,93039.77,180,78,0
2026.02.01 22:24:00,93018.23,93028.97,93018.23,93028.97,180,78,0
2026.02.01 22:21:00,93007.43,93018.17,93007.43,93018.17,180,78,0
2026.02.01 22:18:00,92996.63,93007.37,92996.63,93007.37,180,78,0
2026.02.01 22:15:00,92985.83,92996.57,92985.83,92996.57,180,78,0
2026.02.01 22:12:00,92991.94,93000.22,92983.37,92985.77,180,78,0
2026.02.01 22:09:00,92981.14,92991.88,92981.14,92991.88,180,78,0
2026.02.01 22:06:00,92970.34,92981.08,92970.34,92981.08,180,78,0
2026.02.01 22:03:00,92959.54,92970.28,92959.54,92970.28,180,78,0
2026.02.01 22:00:00,92973.02,92975.00,92950.78,92959.48,180,78,0
2026.02.01 21:57:00,92978.49,92983.17,92966.96,92972.96,180,78,0
2026.02.01 21:54:00,92967.69,92978.43,92967.69,92978.43,180,78,0
2026.02.01 21:51:00,92956.89,92967.63,92956.89,92967.63,180,78,0
2026.02.01 21:48:00,92965.16,92973.92,92954.91,92956.83,180,78,0
2026.02.01 21:45:00,92969.33,92974.67,92959.76,92965.10,180,78,0
2026.02.01 21:42:00,93004.54,93004.60,92968.91,92969.27,180,78,0
2026.02.01 21:39:00,92993.74,93004.48,92993.74,93004.48,180,78,0
2026.02.01 21:36:00,92982.94,92993.68,92982.94,92993.68,180,78,0
2026.02.01 21:33:00,92972.14,92982.88,92972.14,92982.88,180,78,0
2026.02.01 21:30:00,92988.04,92994.52,92967.88,92972.08,180,78,0
2026.02.01 21:27:00,92977.24,92987.98,92977.24,92987.98,180,78,0
2026.02.01 21:24:00,92966.44,92977.18,92966.44,92977.18,180,78,0
2026.02.01 21:21:00,92971.36,92977.90,92962.24,92966.38,180,78,0
2026.02.01 21:18:00,92960.56,92971.30,92960.56,92971.30,180,78,0
2026.02.01 21:15:00,92949.76,92960.50,92949.76,92960.50,180,78,0
2026.02.01 21:12:00,92938.96,92949.70,92938.96,92949.70,180,78,0
2026.02.01 21:09:00,92949.33,92956.89,92935.78,92938.90,180,78,0
2026.02.01 21:06:00,92978.42,92982.68,92942.85,92949.27,180,78,0
2026.02.01 21:03:00,92996.74,93002.56,92973.50,92978.36,180,78,0
2026.02.01 21:00:00,93012.09,93019.23,92993.14,92996.68,180,78,0
2026.02.01 20:57:00,93001.29,93012.03,93001.29,93012.03,180,78,0
2026.02.01 20:54:00,92990.49,93001.23,92990.49,93001.23,180,78,0
2026.02.01 20:51:00,93004.87,93011.47,92986.35,92990.43,180,78,0
2026.02.01 20:48:00,92994.07,93004.81,92994.07,93004.81,180,78,0
2026.02.01 20:45:00,93013.01,93016.19,92986.51,92994.01,180,78,0
2026.02.01 20:42:00,93002.21,93012.95,93002.21,93012.95,180,78,0
2026.02.01 20:39:00,92991.41,93002.15,92991.41,93002.15,180,78,0
2026.02.01 20:36:00,93021.71,93030.35,92989.31,92991.35,180,78,0
2026.02.01 20:33:00,93010.91,93021.65,93010.91,93021.65,180,78,0
2026.02.01 20:30:00,93084.08,93086.24,93009.47,93010.85,180,78,0
2026.02.01 20:27:00,93090.25,93096.85,93079.94,93084.02,180,78,0
2026.02.01 20:24:00,93079.45,93090.19,93079.45,93090.19,180,78,0
2026.02.01 20:21:00,93068.65,93079.39,93068.65,93079.39,180,78,0
2026.02.01 20:18:00,93096.93,93099.51,93067.03,93068.59,180,78,0
2026.02.01 20:15:00,93122.90,93132.74,93096.03,93096.87,180,78,0
2026.02.01 20:12:00,93112.10,93122.84,93112.10,93122.84,180,78,0
2026.02.01 20:09:00,93101.30,93112.04,93101.30,93112.04,180,78,0
2026.02.01 20:06:00,93121.86,93131.34,93100.04,93101.24,180,78,0
2026.02.01 20:03:00,93111.06,93121.80,93111.06,93121.80,180,78,0
2026.02.01 20:00:00,93126.37,93133.57,93107.52,93111.00,180,78,0
2026.02.01 19:57:00,93115.57,93126.31,93115.57,93126.31,180,78,0
2026.02.01 19:54:00,93104.77,93115.51,93104.77,93115.51,180,78,0
2026.02.01 19:51:00,93108.61,93110.65,93096.07,93104.71,180,78,0
2026.02.01 19:48:00,93097.81,93108.55,93097.81,93108.55,180,78,0
2026.02.01 19:45:00,93087.01,93097.75,93087.01,93097.75,180,78,0
2026.02.01 19:42:00,93101.91,93107.73,93082.09,93086.95,180,78,0
2026.02.01 19:39:00,93091.11,93101.85,93091.11,93101.85,180,78,0
2026.02.01 19:36:00,93080.31,93091.05,93080.31,93091.05,180,78,0
2026.02.01 19:33:00,93069.51,93080.25,93069.51,93080.25,180,78,0
2026.02.01 19:30:00,93058.71,93069.45,93058.71,93069.45,180,78,0
2026.02.01 19:27:00,93071.24,93080.18,93056.91,93058.65,180,78,0
2026.02.01 19:24:00,93060.44,93071.18,93060.44,93071.18,180,78,0
2026.02.01 19:21:00,93049.64,93060.38,93049.64,93060.38,180,78,0
2026.02.01 19:18:00,93038.84,93049.58,93038.84,93049.58,180,78,0
2026.02.01 19:15:00,93028.04,93038.78,93028.04,93038.78,180,78,0
2026.02.01 19:12:00,93017.24,93027.98,93017.24,93027.98,180,78,0
2026.02.01 19:09:00,93006.44,93017.18,93006.44,93017.18,180,78,0
2026.02.01 19:06:00,92995.64,93006.38,92995.64,93006.38,180,78,0
2026.02.01 19:03:00,93007.61,93016.91,92994.20,92995.58,180,78,0
2026.02.01 19:00:00,92996.81,93007.55,92996.81,93007.55,180,78,0
2026.02.01 18:57:00,92986.01,92996.75,92986.01,92996.75,180,78,0
2026.02.01 18:54:00,93038.45,93041.39,92980.55,92985.95,180,78,0
2026.02.01 18:51:00,93027.65,93038.39,93027.65,93038.39,180,78,0
2026.02.01 18:48:00,93038.36,93038.78,93017.33,93027.59,180,78,0
2026.02.01 18:45:00,93027.56,93038.30,93027.56,93038.30,180,78,0
2026.02.01 18:42:00,93051.45,93052.53,93017.90,93027.50,180,78,0
2026.02.01 18:39:00,93040.65,93051.39,93040.65,93051.39,180,78,0
2026.02.01 18:36:00,93045.61,93055.09,93039.39,93040.59,180,78,0
2026.02.01 18:33:00,93061.21,93068.83,93042.49,93045.55,180,78,0
2026.02.01 18:30:00,93050.41,93061.15,93050.41,93061.15,180,78,0
2026.02.01 18:27:00,93085.04,93089.36,93043.99,93050.35,180,78,0
2026.02.01 18:24:00,93074.24,93084.98,93074.24,93084.98,180,78,0
2026.02.01 18:21:00,93088.14,93088.56,93063.92,93074.18,180,78,0
2026.02.01 18:18:00,93077.34,93088.08,93077.34,93088.08,180,78,0
2026.02.01 18:15:00,93066.54,93077.28,93066.54,93077.28,180,78,0
2026.02.01 18:12:00,93069.72,93077.28,93063.36,93066.48,180,78,0
2026.02.01 18:09:00,93058.92,93069.66,93058.92,93069.66,180,78,0
2026.02.01 18:06:00,93105.18,93106.38,93053.04,93058.86,180,78,0
2026.02.01 18:03:00,93112.32,93114.72,93096.84,93105.12,180,78,0
2026.02.01 18:00:00,93101.52,93112.26,93101.52,93112.26,180,78,0
2026.02.01 17:57:00,93095.19,93101.46,93095.19,93101.46,113,78,0
2026.02.01 17:54:00,93084.39,93095.13,93084.39,93095.13,180,78,0
2026.02.01 17:51:00,93073.59,93084.33,93073.59,93084.33,180,78,0
2026.02.01 17:48:00,93089.81,93092.15,93065.19,93073.53,180,78,0
2026.02.01 17:45:00,93079.01,93089.75,93079.01,93089.75,180,78,0
2026.02.01 17:42:00,93085.64,93090.74,93073.37,93078.95,180,78,0
2026.02.01 17:39:00,93093.26,93099.02,93080.66,93085.58,180,78,0
2026.02.01 17:36:00,93102.66,93113.34,93093.20,93093.20,180,78,0
2026.02.01 17:33:00,93091.86,93102.60,93091.86,93102.60,180,78,0
2026.02.01 17:30:00,93081.06,93091.80,93081.06,93091.80,180,78,0
2026.02.01 17:27:00,93070.26,93081.00,93070.26,93081.00,180,78,0
2026.02.01 17:24:00,93059.46,93070.20,93059.46,93070.20,180,78,0
2026.02.01 17:21:00,93048.66,93059.40,93048.66,93059.40,180,78,0
2026.02.01 17:18:00,93037.86,93048.60,93037.86,93048.60,180,78,0
2026.02.01 17:15:00,93027.06,93037.80,93027.06,93037.80,180,78,0
2026.02.01 17:12:00,93056.08,93062.92,93023.16,93027.00,180,78,0
2026.02.01 17:09:00,93104.99,93108.95,93055.90,93056.02,180,78,0
2026.02.01 17:06:00,93112.26,93120.42,93102.41,93104.93,180,78,0
2026.02.01 17:03:00,93101.46,93112.20,93101.46,93112.20,180,78,0
2026.02.01 17:00:00,93090.66,93101.40,93090.66,93101.40,180,78,0
2026.02.01 16:57:00,93104.22,93108.42,93084.12,93090.60,180,78,0
2026.02.01 16:54:00,93093.42,93104.16,93093.42,93104.16,180,78,0
2026.02.01 16:51:00,93100.97,93101.03,93082.74,93093.36,180,78,0
2026.02.01 16:48:00,93090.17,93100.91,93090.17,93100.91,180,78,0
2026.02.01 16:45:00,93079.37,93090.11,93079.37,93090.11,180,78,0
2026.02.01 16:42:00,93068.57,93079.31,93068.57,93079.31,180,78,0
2026.02.01 16:39:00,93057.77,93068.51,93057.77,93068.51,180,78,0
2026.02.01 16:36:00,93071.28,93076.02,93051.77,93057.71,180,78,0
2026.02.01 16:33:00,93092.81,93101.93,93069.66,93071.22,180,78,0
2026.02.01 16:30:00,93082.01,93092.75,93082.01,93092.75,180,78,0
2026.02.01 16:27:00,93071.21,93081.95,93071.21,93081.95,180,78,0
2026.02.01 16:24:00,93060.41,93071.15,93060.41,93071.15,180,78,0
2026.02.01 16:21:00,93049.61,93060.35,93049.61,93060.35,180,78,0
2026.02.01 16:18:00,93038.81,93049.55,93038.81,93049.55,180,78,0
2026.02.01 16:15:00,93028.01,93038.75,93028.01,93038.75,180,78,0
2026.02.01 16:12:00,93017.21,93027.95,93017.21,93027.95,180,78,0
2026.02.01 16:09:00,93006.41,93017.15,93006.41,93017.15,180,78,0
2026.02.01 16:06:00,92995.61,93006.35,92995.61,93006.35,180,78,0
2026.02.01 16:03:00,93031.86,93042.42,92995.43,92995.55,180,78,0
2026.02.01 16:00:00,93034.17,93041.49,93028.44,93031.80,180,78,0
2026.02.01 15:57:00,93086.13,93088.53,93031.77,93034.11,180,78,0
2026.02.01 15:54:00,93139.35,93143.73,93081.39,93086.07,180,78,0
2026.02.01 15:51:00,93154.60,93155.62,93129.63,93139.29,180,78,0
2026.02.01 15:48:00,93143.80,93154.54,93143.80,93154.54,180,78,0
2026.02.01 15:45:00,93152.19,93156.21,93137.08,93143.74,180,78,0
2026.02.01 15:42:00,93156.13,93157.21,93142.53,93152.13,180,78,0
2026.02.01 15:39:00,93145.33,93156.07,93145.33,93156.07,180,78,0
2026.02.01 15:36:00,93134.53,93145.27,93134.53,93145.27,180,78,0
2026.02.01 15:33:00,93123.73,93134.47,93123.73,93134.47,180,78,0
2026.02.01 15:30:00,93112.93,93123.67,93112.93,93123.67,180,78,0
2026.02.01 15:27:00,93102.13,93112.87,93102.13,93112.87,180,78,0
2026.02.01 15:24:00,93091.33,93102.07,93091.33,93102.07,180,78,0
2026.02.01 15:21:00,93094.75,93102.13,93087.97,93091.27,180,78,0
2026.02.01 15:18:00,93083.95,93094.69,93083.95,93094.69,180,78,0
2026.02.01 15:15:00,93073.15,93083.89,93073.15,93083.89,180,78,0
2026.02.01 15:12:00,93062.35,93073.09,93062.35,93073.09,180,78,0
2026.02.01 15:09:00,93072.46,93074.62,93053.77,93062.29,180,78,0
2026.02.01 15:06:00,93061.66,93072.40,93061.66,93072.40,180,78,0
2026.02.01 15:03:00,93079.23,93085.77,93057.46,93061.60,180,78,0
2026.02.01 15:00:00,93068.43,93079.17,93068.43,93079.17,180,78,0
2026.02.01 14:57:00,93057.63,93068.37,93057.63,93068.37,180,78,0
2026.02.01 14:54:00,93046.83,93057.57,93046.83,93057.57,180,78,0
2026.02.01 14:51:00,93048.53,93052.55,93040.11,93046.77,180,78,0
2026.02.01 14:48:00,93062.58,93071.82,93047.03,93048.47,180,78,0
2026.02.01 14:45:00,93065.00,93065.96,93052.80,93062.52,180,78,0
2026.02.01 14:42:00,93075.76,93077.80,93056.30,93064.94,180,78,0
2026.02.01 14:39:00,93082.63,93086.47,93068.86,93075.70,180,78,0
2026.02.01 14:36:00,93071.83,93082.57,93071.83,93082.57,180,78,0
2026.02.01 14:33:00,93060.97,93071.77,93060.97,93071.77,181,78,0
2026.02.01 14:30:00,93099.75,93103.41,93057.07,93060.91,179,78,0
2026.02.01 14:27:00,93121.62,93122.52,93089.91,93099.69,180,78,0
2026.02.01 14:24:00,93126.09,93128.19,93112.98,93121.56,180,78,0
2026.02.01 14:21:00,93115.29,93126.03,93115.29,93126.03,180,78,0
2026.02.01 14:18:00,93104.49,93115.23,93104.49,93115.23,180,78,0
2026.02.01 14:15:00,93093.69,93104.43,93093.69,93104.43,180,78,0
2026.02.01 14:12:00,93082.89,93093.63,93082.89,93093.63,180,78,0
2026.02.01 14:09:00,93108.96,93119.52,93082.71,93082.83,180,78,0
2026.02.01 14:06:00,93147.37,93149.35,93104.58,93108.90,181,78,0
2026.02.01 14:03:00,93136.63,93147.31,93136.63,93147.31,179,78,0
2026.02.01 14:00:00,93125.83,93136.57,93125.83,93136.57,180,78,0
2026.02.01 13:57:00,93114.97,93125.77,93114.97,93125.77,181,78,0
2026.02.01 13:54:00,93117.43,93125.11,93111.91,93114.91,180,78,0
2026.02.01 13:51:00,93106.69,93117.37,93106.69,93117.37,179,78,0
2026.02.01 13:48:00,93095.83,93106.63,93095.83,93106.63,181,78,0
2026.02.01 13:45:00,93085.03,93095.77,93085.03,93095.77,180,78,0
2026.02.01 13:42:00,93123.87,93124.71,93083.35,93084.97,179,78,0
2026.02.01 13:39:00,93113.01,93123.81,93113.01,93123.81,181,78,0
2026.02.01 13:36:00,93127.27,93132.79,93107.79,93112.95,180,78,0
2026.02.01 13:33:00,93116.53,93127.21,93116.53,93127.21,179,78,0
2026.02.01 13:30:00,93105.67,93116.47,93105.67,93116.47,181,78,0
2026.02.01 13:27:00,93110.93,93111.41,93095.41,93105.61,180,78,0
2026.02.01 13:24:00,93100.13,93110.87,93100.13,93110.87,180,78,0
2026.02.01 13:21:00,93089.39,93100.07,93089.39,93100.07,179,78,0
2026.02.01 13:18:00,93122.87,93125.87,93086.39,93089.33,181,78,0
2026.02.01 13:15:00,93134.93,93139.43,93116.63,93122.81,180,78,0
2026.02.01 13:12:00,93124.13,93134.87,93124.13,93134.87,180,78,0
2026.02.01 13:09:00,93113.33,93124.07,93113.33,93124.07,180,78,0
2026.02.01 13:06:00,93137.26,93146.38,93111.71,93113.27,180,78,0
2026.02.01 13:03:00,93170.14,93174.04,93130.42,93137.20,180,78,0
2026.02.01 13:00:00,93159.34,93170.08,93159.34,93170.08,180,78,0
2026.02.01 12:57:00,93167.24,93175.34,93156.70,93159.28,180,78,0
2026.02.01 12:54:00,93156.44,93167.18,93156.44,93167.18,180,78,0
2026.02.01 12:51:00,93145.64,93156.38,93145.64,93156.38,180,78,0
2026.02.01 12:48:00,93154.31,93160.79,93141.38,93145.58,180,78,0
2026.02.01 12:45:00,93143.51,93154.25,93143.51,93154.25,180,78,0
2026.02.01 12:42:00,93132.71,93143.45,93132.71,93143.45,180,78,0
2026.02.01 12:39:00,93140.32,93142.66,93124.31,93132.65,180,78,0
2026.02.01 12:36:00,93155.27,93161.21,93135.52,93140.26,180,78,0
2026.02.01 12:33:00,93181.60,93188.68,93151.61,93155.21,180,78,0
2026.02.01 12:30:00,93170.80,93181.54,93170.80,93181.54,180,78,0
2026.02.01 12:27:00,93174.43,93183.37,93169.00,93170.74,180,78,0
2026.02.01 12:24:00,93163.63,93174.37,93163.63,93174.37,180,78,0
2026.02.01 12:21:00,93152.83,93163.57,93152.83,93163.57,180,78,0
2026.02.01 12:18:00,93142.03,93152.77,93142.03,93152.77,180,78,0
2026.02.01 12:15:00,93201.24,93208.14,93138.91,93141.97,180,78,0
2026.02.01 12:12:00,93228.49,93236.53,93199.74,93201.18,180,78,0
2026.02.01 12:09:00,93217.69,93228.43,93217.69,93228.43,180,78,0
2026.02.01 12:06:00,93206.89,93217.63,93206.89,93217.63,180,78,0
2026.02.01 12:03:00,93196.09,93206.83,93196.09,93206.83,180,78,0
2026.02.01 12:00:00,93185.29,93196.03,93185.29,93196.03,180,78,0
2026.02.01 11:57:00,93174.49,93185.23,93174.49,93185.23,180,78,0
2026.02.01 11:54:00,93163.69,93174.43,93163.69,93174.43,180,78,0
2026.02.01 11:51:00,93152.89,93163.63,93152.89,93163.63,180,78,0
2026.02.01 11:48:00,93142.09,93152.83,93142.09,93152.83,180,78,0
2026.02.01 11:45:00,93193.26,93195.66,93136.39,93142.03,180,78,0
2026.02.01 11:42:00,93201.78,93202.92,93183.66,93193.20,180,78,0
2026.02.01 11:39:00,93209.84,93211.34,93192.54,93201.72,180,78,0
2026.02.01 11:36:00,93199.04,93209.78,93199.04,93209.78,180,78,0
2026.02.01 11:33:00,93188.24,93198.98,93188.24,93198.98,180,78,0
2026.02.01 11:30:00,93198.17,93199.43,93178.76,93188.18,180,78,0
2026.02.01 11:27:00,93187.37,93198.11,93187.37,93198.11,180,78,0
2026.02.01 11:24:00,93202.64,93210.56,93184.55,93187.31,180,78,0
2026.02.01 11:21:00,93247.87,93254.83,93201.38,93202.58,180,78,0
2026.02.01 11:18:00,93237.07,93247.81,93237.07,93247.81,180,78,0
2026.02.01 11:15:00,93226.27,93237.01,93226.27,93237.01,180,78,0
2026.02.01 11:12:00,93215.47,93226.21,93215.47,93226.21,180,78,0
2026.02.01 11:09:00,93217.87,93217.87,93204.73,93215.41,180,78,0
2026.02.01 11:06:00,93207.07,93217.81,93207.07,93217.81,180,78,0
2026.02.01 11:03:00,93196.27,93207.01,93196.27,93207.01,180,78,0
2026.02.01 11:00:00,93198.95,93203.33,93189.91,93196.21,180,78,0
2026.02.01 10:57:00,93188.15,93198.89,93188.15,93198.89,180,78,0
2026.02.01 10:54:00,93177.35,93188.09,93177.35,93188.09,180,78,0
2026.02.01 10:51:00,93166.55,93177.29,93166.55,93177.29,180,78,0
2026.02.01 10:48:00,93155.75,93166.49,93155.75,93166.49,180,78,0
2026.02.01 10:45:00,93169.10,93177.38,93153.29,93155.69,180,78,0
2026.02.01 10:42:00,93158.30,93169.04,93158.30,93169.04,180,78,0
2026.02.01 10:39:00,93147.50,93158.24,93147.50,93158.24,180,78,0
2026.02.01 10:36:00,93136.70,93147.44,93136.70,93147.44,180,78,0
2026.02.01 10:33:00,93125.90,93136.64,93125.90,93136.64,180,78,0
2026.02.01 10:30:00,93115.10,93125.84,93115.10,93125.84,180,78,0
2026.02.01 10:27:00,93126.63,93135.63,93113.36,93115.04,180,78,0
2026.02.01 10:24:00,93145.07,93149.93,93120.75,93126.57,180,78,0
2026.02.01 10:21:00,93134.27,93145.01,93134.27,93145.01,180,78,0
2026.02.01 10:18:00,93136.98,93137.34,93123.89,93134.21,180,78,0
2026.02.01 10:15:00,93126.18,93136.92,93126.18,93136.92,180,78,0
2026.02.01 10:12:00,93115.38,93126.12,93115.38,93126.12,180,78,0
2026.02.01 10:09:00,93104.58,93115.32,93104.58,93115.32,180,78,0
2026.02.01 10:06:00,93093.78,93104.52,93093.78,93104.52,180,78,0
2026.02.01 10:03:00,93082.98,93093.72,93082.98,93093.72,180,78,0
2026.02.01 10:00:00,93072.18,93082.92,93072.18,93082.92,180,78,0
2026.02.01 09:57:00,93061.38,93072.12,93061.38,93072.12,180,78,0
2026.02.01 09:54:00,93069.51,93070.59,93051.72,93061.32,180,78,0
2026.02.01 09:51:00,93058.71,93069.45,93058.71,93069.45,118,78,0
2026.02.01 09:48:00,93047.91,93058.65,93047.91,93058.65,180,78,0
2026.02.01 09:45:00,93037.11,93047.85,93037.11,93047.85,180,78,0
2026.02.01 09:42:00,93026.31,93037.05,93026.31,93037.05,180,78,0
2026.02.01 09:39:00,93029.54,93031.04,93017.07,93026.25,180,78,0
2026.02.01 09:36:00,93018.74,93029.48,93018.74,93029.48,180,78,0
2026.02.01 09:33:00,93007.94,93018.68,93007.94,93018.68,180,78,0
2026.02.01 09:30:00,92997.14,93007.88,92997.14,93007.88,180,78,0
2026.02.01 09:27:00,92986.34,92997.08,92986.34,92997.08,180,78,0
2026.02.01 09:24:00,92975.54,92986.28,92975.54,92986.28,180,78,0
2026.02.01 09:21:00,92964.74,92975.48,92964.74,92975.48,180,78,0
2026.02.01 09:18:00,92953.94,92964.68,92953.94,92964.68,180,78,0
2026.02.01 09:15:00,92974.84,92985.22,92953.58,92953.88,180,78,0
2026.02.01 09:12:00,92964.04,92974.78,92964.04,92974.78,180,78,0
2026.02.01 09:09:00,92953.24,92963.98,92953.24,92963.98,180,78,0
2026.02.01 09:06:00,92965.37,92966.33,92943.46,92953.18,180,78,0
2026.02.01 09:03:00,92954.57,92965.31,92954.57,92965.31,180,78,0
2026.02.01 09:00:00,92987.62,92993.56,92949.77,92954.51,180,78,0
2026.02.01 08:57:00,93044.28,93045.36,92986.90,92987.56,180,78,0
2026.02.01 08:54:00,93047.77,93054.79,93040.56,93044.22,180,78,0
2026.02.01 08:51:00,93036.97,93047.71,93036.97,93047.71,180,78,0
2026.02.01 08:48:00,93026.17,93036.91,93026.17,93036.91,180,78,0
2026.02.01 08:45:00,93036.85,93037.75,93016.33,93026.11,180,78,0
2026.02.01 08:42:00,93026.05,93036.79,93026.05,93036.79,180,78,0
2026.02.01 08:39:00,93015.25,93025.99,93015.25,93025.99,180,78,0
2026.02.01 08:36:00,93004.45,93015.19,93004.45,93015.19,180,78,0
2026.02.01 08:33:00,92993.65,93004.39,92993.65,93004.39,180,78,0
2026.02.01 08:30:00,92982.85,92993.59,92982.85,92993.59,180,78,0
2026.02.01 08:27:00,93003.87,93010.89,92980.57,92982.79,180,78,0
2026.02.01 08:24:00,92993.07,93003.81,92993.07,93003.81,180,78,0
2026.02.01 08:21:00,92982.27,92993.01,92982.27,92993.01,180,78,0
2026.02.01 08:18:00,92971.47,92982.21,92971.47,92982.21,180,78,0
2026.02.01 08:15:00,92960.67,92971.41,92960.67,92971.41,180,78,0
2026.02.01 08:12:00,92949.87,92960.61,92949.87,92960.61,180,78,0
2026.02.01 08:09:00,92939.07,92949.81,92939.07,92949.81,180,78,0
2026.02.01 08:06:00,92928.27,92939.01,92928.27,92939.01,180,78,0
2026.02.01 08:03:00,92940.55,92944.87,92921.85,92928.21,180,78,0
2026.02.01 08:00:00,92929.75,92940.49,92929.75,92940.49,180,78,0
2026.02.01 07:57:00,92918.95,92929.69,92918.95,92929.69,180,78,0
2026.02.01 07:54:00,92952.41,92960.51,92916.31,92918.89,180,78,0
2026.02.01 07:51:00,92964.52,92967.70,92944.85,92952.35,180,78,0
2026.02.01 07:48:00,92953.72,92964.46,92953.72,92964.46,180,78,0
2026.02.01 07:45:00,92942.92,92953.66,92942.92,92953.66,180,78,0
2026.02.01 07:42:00,92932.12,92942.86,92932.12,92942.86,180,78,0
2026.02.01 07:39:00,92921.32,92932.06,92921.32,92932.06,180,78,0
2026.02.01 07:36:00,92934.10,92937.52,92914.00,92921.26,180,78,0
2026.02.01 07:33:00,92937.63,92947.71,92933.44,92934.04,180,78,0
2026.02.01 07:30:00,92942.50,92944.48,92928.87,92937.57,180,78,0
2026.02.01 07:27:00,92960.97,92969.85,92940.64,92942.44,180,78,0
2026.02.01 07:24:00,92975.80,92982.16,92956.59,92960.91,180,78,0
2026.02.01 07:21:00,92965.00,92975.74,92965.00,92975.74,180,78,0
2026.02.01 07:18:00,92954.20,92964.94,92954.20,92964.94,180,78,0
2026.02.01 07:15:00,92972.28,92978.28,92949.46,92954.14,180,78,0
2026.02.01 07:12:00,92961.48,92972.22,92961.48,92972.22,180,78,0
2026.02.01 07:09:00,92950.68,92961.42,92950.68,92961.42,180,78,0
2026.02.01 07:06:00,92939.88,92950.62,92939.88,92950.62,180,78,0
2026.02.01 07:03:00,92943.10,92944.60,92930.64,92939.82,180,78,0
2026.02.01 07:00:00,92983.27,92991.85,92942.68,92943.04,180,78,0
2026.02.01 06:57:00,92972.47,92983.21,92972.47,92983.21,180,78,0
2026.02.01 06:54:00,92961.67,92972.41,92961.67,92972.41,180,78,0
2026.02.01 06:51:00,92950.87,92961.61,92950.87,92961.61,180,78,0
2026.02.01 06:48:00,92976.95,92981.81,92944.99,92950.81,180,78,0
2026.02.01 06:45:00,92966.15,92976.89,92966.15,92976.89,180,78,0
2026.02.01 06:42:00,92955.35,92966.09,92955.35,92966.09,180,78,0
2026.02.01 06:39:00,92978.55,92986.53,92952.59,92955.29,180,78,0
2026.02.01 06:36:00,93003.53,93007.61,92971.89,92978.49,180,78,0
2026.02.01 06:33:00,93017.38,93026.14,93001.55,93003.47,180,78,0
2026.02.01 06:30:00,93018.71,93020.57,93008.50,93017.32,180,78,0
2026.02.01 06:27:00,93021.16,93022.90,93009.71,93018.65,180,78,0
2026.02.01 06:24:00,93010.36,93021.10,93010.36,93021.10,180,78,0
2026.02.01 06:21:00,93016.06,93023.56,93007.12,93010.30,180,78,0
2026.02.01 06:18:00,93005.26,93016.00,93005.26,93016.00,180,78,0
2026.02.01 06:15:00,92994.46,93005.20,92994.46,93005.20,180,78,0
2026.02.01 06:12:00,92983.66,92994.40,92983.66,92994.40,180,78,0
2026.02.01 06:09:00,92972.86,92983.60,92972.86,92983.60,180,78,0
2026.02.01 06:06:00,92962.06,92972.80,92962.06,92972.80,180,78,0
2026.02.01 06:03:00,92951.26,92962.00,92951.26,92962.00,180,78,0
2026.02.01 06:00:00,92940.46,92951.20,92940.46,92951.20,180,78,0
2026.02.01 05:57:00,92929.66,92940.40,92929.66,92940.40,180,78,0
2026.02.01 05:54:00,92918.86,92929.60,92918.86,92929.60,180,78,0
2026.02.01 05:51:00,92908.06,92918.80,92908.06,92918.80,180,78,0
2026.02.01 05:48:00,92897.26,92908.00,92897.26,92908.00,180,78,0
2026.02.01 05:45:00,92886.46,92897.20,92886.46,92897.20,180,78,0
2026.02.01 05:42:00,92875.66,92886.40,92875.66,92886.40,180,78,0
2026.02.01 05:39:00,92883.77,92887.43,92868.58,92875.60,180,78,0
2026.02.01 05:36:00,92872.97,92883.71,92872.97,92883.71,180,78,0
2026.02.01 05:33:00,92862.17,92872.91,92862.17,92872.91,180,78,0
2026.02.01 05:30:00,92851.37,92862.11,92851.37,92862.11,180,78,0
2026.02.01 05:27:00,92840.57,92851.31,92840.57,92851.31,180,78,0
2026.02.01 05:24:00,92899.16,92903.00,92836.49,92840.51,180,78,0
2026.02.01 05:21:00,92918.84,92920.40,92889.98,92899.10,180,78,0
2026.02.01 05:18:00,92908.04,92918.78,92908.04,92918.78,180,78,0
2026.02.01 05:15:00,92911.93,92922.43,92907.80,92907.98,180,78,0
2026.02.01 05:12:00,92901.13,92911.87,92901.13,92911.87,180,78,0
2026.02.01 05:09:00,92966.57,92966.75,92896.57,92901.07,180,78,0
2026.02.01 05:06:00,92955.77,92966.51,92955.77,92966.51,180,78,0
2026.02.01 05:03:00,92962.39,92971.75,92954.39,92955.71,180,78,0
2026.02.01 05:00:00,92951.59,92962.33,92951.59,92962.33,180,78,0
2026.02.01 04:57:00,92940.79,92951.53,92940.79,92951.53,180,78,0
2026.02.01 04:54:00,92929.99,92940.73,92929.99,92940.73,180,78,0
2026.02.01 04:51:00,92919.19,92929.93,92919.19,92929.93,180,78,0
2026.02.01 04:48:00,92908.39,92919.13,92908.39,92919.13,180,78,0
2026.02.01 04:45:00,92897.59,92908.33,92897.59,92908.33,180,78,0
2026.02.01 04:42:00,92886.79,92897.53,92886.79,92897.53,180,78,0
2026.02.01 04:39:00,92875.99,92886.73,92875.99,92886.73,180,78,0
2026.02.01 04:36:00,92865.19,92875.93,92865.19,92875.93,180,78,0
2026.02.01 04:33:00,92881.88,92884.76,92857.33,92865.13,180,78,0
2026.02.01 04:30:00,92871.08,92881.82,92871.08,92881.82,180,78,0
2026.02.01 04:27:00,92879.97,92883.33,92863.70,92871.02,180,78,0
2026.02.01 04:24:00,92895.06,92895.66,92869.83,92879.91,180,78,0
2026.02.01 04:21:00,92884.26,92895.00,92884.26,92895.00,180,78,0
2026.02.01 04:18:00,92873.46,92884.20,92873.46,92884.20,180,78,0
2026.02.01 04:15:00,92862.66,92873.40,92862.66,92873.40,180,78,0
2026.02.01 04:12:00,92851.86,92862.60,92851.86,92862.60,180,78,0
2026.02.01 04:09:00,92853.13,92863.27,92851.26,92851.80,180,78,0
2026.02.01 04:06:00,92842.33,92853.07,92842.33,92853.07,180,78,0
2026.02.01 04:03:00,92831.53,92842.27,92831.53,92842.27,180,78,0
2026.02.01 04:00:00,92820.73,92831.47,92820.73,92831.47,180,78,0
2026.02.01 03:57:00,92809.93,92820.67,92809.93,92820.67,180,78,0
2026.02.01 03:54:00,92822.65,92829.13,92805.67,92809.87,180,78,0
2026.02.01 03:51:00,92828.24,92835.86,92819.53,92822.59,180,78,0
2026.02.01 03:48:00,92817.44,92828.18,92817.44,92828.18,180,78,0
2026.02.01 03:45:00,92806.64,92817.38,92806.64,92817.38,180,78,0
2026.02.01 03:42:00,92795.84,92806.58,92795.84,92806.58,180,78,0
2026.02.01 03:39:00,92807.50,92809.96,92787.56,92795.78,180,78,0
2026.02.01 03:36:00,92796.70,92807.44,92796.70,92807.44,180,78,0
2026.02.01 03:33:00,92785.90,92796.64,92785.90,92796.64,180,78,0
2026.02.01 03:30:00,92775.10,92785.84,92775.10,92785.84,180,78,0
2026.02.01 03:27:00,92782.13,92787.23,92769.46,92775.04,180,78,0
2026.02.01 03:24:00,92792.65,92800.99,92779.73,92782.07,180,78,0
2026.02.01 03:21:00,92842.64,92846.78,92790.79,92792.59,180,78,0
2026.02.01 03:18:00,92852.81,92852.99,92832.08,92842.58,180,78,0
2026.02.01 03:15:00,92842.01,92852.75,92842.01,92852.75,180,78,0
2026.02.01 03:12:00,92846.02,92855.38,92840.63,92841.95,180,78,0
2026.02.01 03:09:00,92835.22,92845.96,92835.22,92845.96,180,78,0
2026.02.01 03:06:00,92824.42,92835.16,92824.42,92835.16,180,78,0
2026.02.01 03:03:00,92813.62,92824.36,92813.62,92824.36,180,78,0
2026.02.01 03:00:00,92802.82,92813.56,92802.82,92813.56,180,78,0
2026.02.01 02:57:00,92792.02,92802.76,92792.02,92802.76,180,78,0
2026.02.01 02:54:00,92781.22,92791.96,92781.22,92791.96,180,78,0
2026.02.01 02:51:00,92770.42,92781.16,92770.42,92781.16,180,78,0
2026.02.01 02:48:00,92759.62,92770.36,92759.62,92770.36,180,78,0
2026.02.01 02:45:00,92748.82,92759.56,92748.82,92759.56,180,78,0
2026.02.01 02:42:00,92738.02,92748.76,92738.02,92748.76,180,78,0
2026.02.01 02:39:00,92774.39,92780.57,92735.62,92737.96,180,78,0
2026.02.01 02:36:00,92763.59,92774.33,92763.59,92774.33,180,78,0
2026.02.01 02:33:00,92752.79,92763.53,92752.79,92763.53,180,78,0
2026.02.01 02:30:00,92770.90,92780.86,92752.01,92752.73,180,78,0
2026.02.01 02:27:00,92760.10,92770.84,92760.10,92770.84,180,78,0
2026.02.01 02:24:00,92749.30,92760.04,92749.30,92760.04,180,78,0
2026.02.01 02:21:00,92738.50,92749.24,92738.50,92749.24,180,78,0
2026.02.01 02:18:00,92744.57,92751.35,92734.54,92738.44,180,78,0
2026.02.01 02:15:00,92733.77,92744.51,92733.77,92744.51,180,78,0
2026.02.01 02:12:00,92737.44,92743.80,92729.39,92733.71,180,78,0
2026.02.01 02:09:00,92726.64,92737.38,92726.64,92737.38,180,78,0
2026.02.01 02:06:00,92746.54,92752.78,92722.14,92726.58,180,78,0
2026.02.01 02:03:00,92735.74,92746.48,92735.74,92746.48,180,78,0
2026.02.01 02:00:00,92724.94,92735.68,92724.94,92735.68,180,78,0
2026.02.01 01:57:00,92732.82,92740.56,92721.94,92724.88,180,78,0
2026.02.01 01:54:00,92722.02,92732.76,92722.02,92732.76,180,78,0
2026.02.01 01:51:00,92736.89,92743.43,92717.82,92721.96,180,78,0
2026.02.01 01:48:00,92756.38,92759.62,92729.39,92736.83,180,78,0
2026.02.01 01:45:00,92745.58,92756.32,92745.58,92756.32,180,78,0
2026.02.01 01:42:00,92757.87,92768.49,92745.46,92745.52,180,78,0
2026.02.01 01:39:00,92791.60,92794.54,92750.07,92757.81,180,78,0
2026.02.01 01:36:00,92796.43,92800.75,92785.18,92791.54,180,78,0
2026.02.01 01:33:00,92808.74,92819.48,92808.74,92819.48,180,78,0
2026.02.01 01:30:00,92797.94,92808.68,92797.94,92808.68,180,78,0
2026.02.01 01:27:00,92787.14,92797.88,92787.14,92797.88,180,78,0
2026.02.01 01:24:00,92776.34,92787.08,92776.34,92787.08,180,78,0
2026.02.01 01:21:00,92783.58,92783.58,92765.60,92776.28,180,78,0
2026.02.01 01:18:00,92772.78,92783.52,92772.78,92783.52,180,78,0
2026.02.01 01:15:00,92761.98,92772.72,92761.98,92772.72,180,78,0
2026.02.01 01:12:00,92751.18,92761.92,92751.18,92761.92,180,78,0
2026.02.01 01:09:00,92777.63,92784.65,92747.46,92751.12,180,78,0
2026.02.01 01:06:00,92828.97,92832.21,92773.31,92777.57,180,78,0
2026.02.01 01:03:00,92818.17,92828.91,92818.17,92828.91,180,78,0
2026.02.01 01:00:00,92807.37,92818.11,92807.37,92818.11,180,78,0
2026.02.01 00:57:00,92796.57,92807.31,92796.57,92807.31,180,78,0
2026.02.01 00:54:00,92785.77,92796.51,92785.77,92796.51,180,78,0
2026.02.01 00:51:00,92774.97,92785.71,92774.97,92785.71,180,78,0
2026.02.01 00:48:00,92764.17,92774.91,92764.17,92774.91,180,78,0
2026.02.01 00:45:00,92753.37,92764.11,92753.37,92764.11,180,78,0
2026.02.01 00:42:00,92780.72,92781.02,92748.81,92753.31,180,78,0
2026.02.01 00:39:00,92769.92,92780.66,92769.92,92780.66,180,78,0
2026.02.01 00:36:00,92759.12,92769.86,92759.12,92769.86,180,78,0
2026.02.01 00:33:00,92748.32,92759.06,92748.32,92759.06,180,78,0
2026.02.01 00:30:00,92737.52,92748.26,92737.52,92748.26,180,78,0
2026.02.01 00:27:00,92761.62,92767.74,92732.90,92737.46,180,78,0
2026.02.01 00:24:00,92750.82,92761.56,92750.82,92761.56,180,78,0
2026.02.01 00:21:00,92740.02,92750.76,92740.02,92750.76,180,78,0
2026.02.01 00:18:00,92746.53,92747.43,92730.18,92739.96,180,78,0
2026.02.01 00:15:00,92762.85,92768.13,92741.07,92746.47,180,78,0
2026.02.01 00:12:00,92752.05,92762.79,92752.05,92762.79,180,78,0
2026.02.01 00:09:00,92741.25,92751.99,92741.25,92751.99,180,78,0
2026.02.01 00:06:00,92730.45,92741.19,92730.45,92741.19,180,78,0
2026.02.01 00:03:00,92719.65,92730.39,92719.65,92730.39,180,78,0
2026.02.01 00:00:00,92737.59,92741.13,92712.45,92719.59,180,78,0
